step,fitness,genome
0,0.0415515849567115,"[True, False, True, True, True, False, True, False, False, True, False, False, False, False, False, False, False, True, False, False, False, True, False, False, True, False, True, False, True, False, True, True, True, True, False, False, True, False, True, False]"
0,0.3288019458771517,"[True, True, True, False, False, True, False, True, False, False, False, False, True, True, False, True, False, False, True, True, True, False, False, False, False, False, True, True, False, False, False, True, True, True, True, False, False, False, True, True]"
0,0.06680186636423113,"[True, True, False, False, False, False, True, True, False, True, False, False, True, True, True, False, True, False, True, True, False, True, False, True, False, True, True, True, True, True, False, True, True, False, False, True, True, False, True, True]"
0,0.000572966156359011,"[False, True, True, True, True, False, False, True, False, True, False, True, True, False, True, False, True, False, False, False, True, False, False, True, False, False, True, False, False, True, True, True, True, False, False, True, False, False, True, False]"
0,0.8836850275448488,"[True, True, True, True, True, True, False, False, True, True, False, True, True, False, True, False, True, False, False, True, True, False, True, True, False, True, True, False, True, False, True, True, True, False, False, False, True, True, False, True]"
0,0.5999466660455354,"[True, True, True, True, False, False, True, True, False, False, True, True, True, True, True, True, True, True, False, False, False, True, False, False, True, False, False, True, False, False, False, False, False, True, True, False, True, False, False, True]"
0,0.56590174511785,"[True, True, True, True, False, False, False, True, True, True, False, True, False, True, False, True, False, False, False, False, True, False, False, False, True, True, True, True, False, False, False, False, False, False, False, True, True, False, False, True]"
0,0.007603656425217865,"[True, False, False, True, True, True, False, True, False, False, True, False, True, False, False, False, True, True, True, True, True, False, True, False, False, True, False, True, True, False, True, False, False, True, False, False, True, False, True, False]"
0,0.40728899535285895,"[True, True, True, False, True, False, True, False, False, False, False, False, False, False, False, True, True, True, True, True, True, False, True, True, True, False, False, True, True, True, True, True, True, False, False, False, True, False, False, True]"
0,0.10602343043511149,"[True, True, False, False, True, True, False, False, True, False, False, False, True, False, True, False, False, True, True, True, True, False, False, False, False, False, False, False, True, True, False, False, True, True, True, False, False, True, True, False]"
0,0.01284047536343413,"[True, False, True, False, False, True, False, True, True, False, False, True, True, True, False, True, False, True, False, False, True, False, False, False, True, True, False, True, False, False, False, True, False, True, False, False, True, False, True, False]"
0,0.19782612958877263,"[True, True, False, True, True, False, False, True, True, False, True, True, False, True, False, False, False, True, True, True, True, False, False, False, False, True, True, True, True, True, False, True, False, False, False, False, False, False, True, True]"
0,0.018904771913229916,"[True, False, True, False, True, True, False, False, False, False, True, False, False, True, False, True, False, True, True, False, False, True, False, False, True, True, False, False, False, True, False, False, False, True, False, True, True, True, True, False]"
0,0.8735684290466921,"[True, True, True, True, True, True, False, False, True, False, False, True, False, False, False, False, False, False, False, True, True, True, True, False, False, False, True, False, False, False, False, True, False, False, False, True, False, True, True, True]"
0,0.0033712837656937303,"[True, False, False, True, False, False, False, False, True, True, True, False, False, False, True, False, False, False, True, True, True, False, False, True, False, True, True, True, False, True, True, False, False, False, False, True, False, True, True, False]"
0,0.6122231138695989,"[True, True, True, True, False, False, True, True, True, False, True, True, True, True, True, False, False, False, False, False, True, False, False, False, True, False, False, True, False, False, True, False, False, True, True, False, True, False, False, True]"
0,0.873718361073845,"[True, True, True, True, True, True, False, False, True, False, False, True, False, False, False, True, False, False, True, True, True, False, True, False, False, False, True, True, False, False, False, True, False, False, False, False, False, True, True, True]"
0,0.03197321255888394,"[True, False, True, True, False, True, False, True, False, True, True, False, True, True, True, True, False, False, False, True, True, False, False, False, False, True, False, True, True, True, False, False, True, True, True, False, True, False, False, False]"
0,0.08743725087773281,"[True, True, False, False, True, False, False, False, True, False, True, False, False, False, True, False, True, True, True, False, False, True, True, True, True, False, True, True, True, False, False, False, True, False, False, False, False, False, False, True]"
0,0.7687015145858747,"[True, True, True, True, True, False, False, True, False, True, False, True, True, False, True, False, True, False, False, False, True, False, False, True, False, False, True, False, False, True, True, True, True, False, False, True, False, False, False, False]"
0,0.2907473082559647,"[True, True, True, False, False, False, True, False, False, True, False, False, False, False, False, False, False, True, True, False, False, True, False, False, True, False, True, False, False, False, True, True, True, True, False, False, True, False, True, False]"
0,0.3923996505300677,"[True, True, True, False, True, False, False, True, False, False, True, False, False, False, True, True, False, True, False, False, True, False, True, True, True, False, False, False, False, True, True, False, False, True, False, False, False, False, False, True]"
0,0.37402982973771637,"[True, True, True, False, True, False, False, False, False, False, False, False, False, True, False, True, True, True, False, True, False, False, True, True, True, False, False, True, True, True, True, True, True, False, False, False, True, False, False, True]"
0,0.00014846067111467956,"[False, True, True, False, True, False, True, False, False, False, False, False, False, True, False, True, True, True, True, True, False, False, True, True, True, False, False, True, True, True, True, True, True, False, False, False, True, False, False, True]"
0,0.2907911362244547,"[True, True, True, False, False, False, True, False, False, True, False, False, False, False, False, True, False, True, False, False, False, True, False, False, False, False, True, False, False, False, True, True, True, True, False, False, True, True, True, False]"
0,0.8735832048440508,"[True, True, True, True, True, True, False, False, True, False, False, True, False, False, False, False, False, False, True, True, True, False, True, False, False, False, True, False, False, False, False, False, False, False, True, False, False, False, True, True]"
0,0.06680181335847084,"[True, True, False, False, False, False, True, True, False, True, False, False, True, True, True, False, True, False, True, True, False, True, False, False, False, True, True, True, True, False, False, True, True, False, False, True, True, False, True, True]"
0,0.25223777919300056,"[True, True, False, True, True, True, True, True, False, False, False, False, True, True, True, True, False, True, False, False, False, False, True, True, True, True, True, True, False, True, False, False, False, False, False, False, True, True, False, False]"
0,0.0011932009597974684,"[True, False, False, False, False, False, True, False, True, False, False, True, False, True, True, True, False, False, True, False, False, True, False, True, True, True, True, False, False, False, True, False, True, False, False, False, False, False, True, True]"
0,0.338410355911167,"[True, True, True, False, False, True, False, True, True, False, True, True, False, True, True, False, False, True, False, True, True, True, False, False, False, False, False, False, True, True, False, False, True, True, True, True, True, True, False, False]"
0,0.11323699514696696,"[True, True, False, False, True, True, False, True, True, True, True, False, False, True, False, False, False, True, False, False, False, True, False, True, False, False, True, True, False, False, False, True, False, False, False, False, True, True, True, True]"
0,0.7688219440493965,"[True, True, True, True, True, False, False, True, False, True, False, True, True, False, True, True, True, False, False, False, True, False, False, True, False, False, True, False, False, True, True, True, True, False, False, True, False, True, False, False]"
0,0.25799187401249535,"[True, True, False, True, True, True, True, True, True, False, False, True, False, False, False, False, False, False, True, True, False, True, True, False, False, True, False, True, False, True, False, True, False, True, False, True, False, False, False, True]"
0,0.1858843024571228,"[True, True, False, True, True, False, False, False, False, True, False, True, True, False, True, False, True, False, False, False, True, False, False, True, False, False, True, False, False, True, True, False, True, False, False, True, False, False, False, False]"
0,5.708679616631047e-06,"[False, True, False, False, True, True, False, False, True, False, False, False, True, False, True, False, False, True, True, True, True, False, False, False, False, False, False, False, True, True, False, False, True, True, True, False, False, True, True, False]"
0,0.4252963737568499,"[True, True, True, False, True, False, True, True, False, False, False, False, False, True, False, True, True, False, True, True, False, True, True, True, True, False, False, True, True, True, True, True, True, False, False, False, True, False, False, True]"
0,0.11323968039530738,"[True, True, False, False, True, True, False, True, True, True, True, False, False, True, False, False, False, True, True, False, False, True, False, True, False, False, True, True, False, False, False, False, False, True, False, False, True, True, True, True]"
0,0.06723059031639936,"[True, True, False, False, False, False, True, True, False, True, True, False, True, True, True, False, True, False, True, True, False, True, False, False, False, True, True, True, True, True, False, True, True, False, False, True, True, False, True, True]"
0,0.07549848430699506,"[True, True, False, False, False, True, False, True, True, False, True, True, False, True, True, False, False, True, False, True, True, True, False, False, False, True, False, False, True, False, False, False, True, True, True, True, False, True, False, False]"
0,0.0014042805175060776,"[True, False, False, False, False, True, False, False, True, False, True, True, True, True, False, False, False, False, True, False, False, True, True, False, True, True, True, False, True, False, True, True, True, True, False, True, True, False, True, False]"
0,0.29114275899406517,"[True, True, True, False, False, False, True, False, False, True, False, False, True, False, False, False, False, True, False, False, False, True, False, False, False, False, True, False, False, False, True, True, False, True, True, False, True, False, True, True]"
0,0.06680180112637768,"[True, True, False, False, False, False, True, True, False, True, False, False, True, True, True, False, True, False, True, True, False, True, False, False, False, False, True, True, True, True, False, True, True, False, False, True, True, False, True, True]"
0,0.09250574792383721,"[True, True, False, False, True, False, False, True, True, True, False, False, False, True, False, True, False, False, True, False, False, True, True, False, False, False, False, True, True, True, True, True, True, True, True, True, False, False, True, False]"
0,0.12568870995387346,"[True, True, False, True, False, False, False, False, False, False, False, False, True, True, False, True, False, False, False, False, False, True, True, True, True, False, False, True, False, False, True, False, True, True, False, True, True, True, True, True]"
0,0.04914307858751989,"[True, False, True, True, True, True, False, True, False, True, True, False, False, True, True, True, False, False, False, True, True, False, False, False, False, True, False, True, True, True, False, False, True, True, True, False, True, False, True, False]"
0,0.1905120648528182,"[True, True, False, True, True, False, False, False, True, True, True, False, False, False, True, False, True, True, True, False, False, True, True, True, True, False, True, False, False, False, False, False, True, False, False, False, False, True, False, True]"
0,0.2878269561033666,"[True, True, True, False, False, False, True, False, False, False, False, False, False, True, False, True, True, True, True, True, False, False, True, True, True, False, False, True, False, True, True, True, False, False, False, False, True, False, False, True]"
0,0.12989190777379186,"[True, True, False, True, False, False, False, False, True, False, True, True, True, True, False, False, True, False, False, False, False, True, False, False, False, True, False, False, False, False, True, True, False, False, True, True, True, False, False, True]"
0,0.25651053822518316,"[True, True, False, True, True, True, True, True, False, True, True, False, True, True, True, True, False, True, False, False, False, False, True, True, True, True, True, True, False, True, True, False, False, False, False, False, True, True, False, False]"
0,0.0668018141675729,"[True, True, False, False, False, False, True, True, False, True, False, False, True, True, True, False, True, False, True, True, False, True, False, False, False, True, True, True, True, True, False, True, True, False, False, True, False, False, True, True]"
0,0.2907409356540597,"[True, True, True, False, False, False, True, False, False, True, False, False, False, False, False, False, False, True, False, False, False, True, False, False, False, False, True, False, False, False, True, True, True, True, True, False, True, False, True, False]"
0,0.873583338625524,"[True, True, True, True, True, True, False, False, True, False, False, True, False, False, False, False, False, False, True, True, True, False, True, False, False, True, True, False, False, False, False, True, False, False, False, False, False, True, True, True]"
0,0.8836849608778568,"[True, True, True, True, True, True, False, False, True, True, False, True, True, False, True, False, True, False, False, True, True, False, True, True, False, True, False, False, True, False, True, True, True, False, False, False, True, True, False, False]"
0,0.08229612369689676,"[True, True, False, False, False, True, True, True, False, True, True, False, True, True, False, False, True, False, False, True, True, False, False, True, True, False, True, True, False, True, True, True, True, False, True, True, False, False, False, True]"
0,0.9040970828575593,"[True, True, True, True, True, True, False, True, False, True, True, False, True, True, True, False, True, False, False, True, True, False, False, False, False, True, False, True, True, True, False, False, True, True, True, False, True, False, True, False]"
0,0.001447372467399299,"[True, False, False, False, False, True, False, True, False, False, True, False, False, False, True, True, False, False, False, False, False, False, True, False, True, True, True, True, False, False, True, False, True, True, False, True, False, True, True, True]"
0,0.018780042983078993,"[True, False, True, False, True, True, False, False, False, False, False, False, True, False, False, False, False, False, True, True, True, False, True, True, False, False, True, False, False, True, True, False, False, True, True, True, False, True, False, False]"
0,0.43452041010986364,"[True, True, True, False, True, False, True, True, True, False, False, False, False, True, True, False, True, True, True, True, False, False, True, True, True, False, False, False, True, False, False, False, False, False, True, True, True, False, True, False]"
0,0.7615067565262084,"[True, True, True, True, True, False, False, True, False, False, False, True, True, True, True, False, True, False, False, False, True, False, False, True, False, False, True, False, True, True, True, True, True, False, False, True, False, False, False, False]"
0,0.883719074146457,"[True, True, True, True, True, True, False, False, True, True, False, True, True, False, True, False, True, True, False, True, True, False, True, True, False, True, False, False, False, False, True, True, True, False, False, False, True, True, False, True]"
0,9.734220354210475e-06,"[False, True, False, True, False, False, False, False, True, False, True, True, True, True, False, False, True, False, False, False, True, True, False, True, False, True, False, False, False, False, True, True, True, False, True, True, True, False, False, True]"
0,0.18515788338347786,"[True, True, False, True, True, False, False, False, False, True, False, False, False, True, False, False, True, True, False, True, True, False, True, False, False, True, True, False, False, False, False, False, False, False, False, True, True, False, False, False]"
0,0.0020025002003152582,"[True, False, False, False, True, False, False, True, True, False, False, False, False, True, True, True, True, False, True, False, True, False, False, True, False, True, True, True, True, True, True, True, False, False, False, True, False, False, True, True]"
0,0.007729439415699237,"[True, False, False, True, True, True, False, True, False, True, True, False, True, False, True, True, False, False, False, False, True, False, True, False, True, True, True, True, False, False, True, False, True, True, False, True, False, True, True, True]"
0,0.0007458094415142018,"[False, True, True, True, True, True, False, False, True, False, False, True, True, False, False, False, False, True, True, True, True, False, True, False, False, False, True, False, False, False, False, True, False, False, False, False, False, True, True, True]"
0,0.09163543578492714,"[True, True, False, False, True, False, False, True, True, False, False, True, False, True, False, False, False, True, False, True, True, False, False, False, False, True, True, True, True, True, False, True, False, False, False, False, True, False, True, True]"
0,0.3383960222029815,"[True, True, True, False, False, True, False, True, True, False, True, True, False, True, True, False, False, False, False, True, True, True, False, False, False, True, False, False, True, False, False, False, True, True, True, True, False, True, False, False]"
0,0.1295659204297167,"[True, True, False, True, False, False, False, False, True, False, True, False, True, True, True, True, False, False, False, True, False, True, True, True, False, False, True, True, False, False, True, False, True, False, False, True, True, True, True, True]"
0,0.08181523089671944,"[True, True, False, False, False, True, True, True, False, True, False, False, True, True, True, False, True, False, True, True, False, False, False, False, False, True, True, True, True, True, False, True, True, True, False, True, True, False, False, True]"
0,0.03592283068637037,"[True, False, True, True, False, True, True, True, True, False, False, False, True, True, True, True, False, False, True, True, True, True, True, True, True, False, True, False, True, False, True, True, False, False, True, True, True, True, False, False]"
0,0.07835216176273917,"[True, True, False, False, False, True, True, False, False, True, True, True, False, False, True, False, False, True, True, True, True, True, True, False, False, True, False, True, False, True, True, False, False, False, False, False, True, False, False, False]"
0,0.0001458129852047889,"[False, True, True, False, True, False, False, True, True, True, False, True, False, True, False, True, False, False, True, False, False, True, True, True, False, False, True, False, True, True, True, True, True, True, True, True, False, False, True, False]"
0,0.596225297476971,"[True, True, True, True, False, False, True, True, False, False, False, True, True, False, False, True, False, False, False, False, True, False, False, False, True, False, False, True, False, False, False, False, False, True, True, False, True, False, False, True]"
0,0.03698608693527412,"[True, False, True, True, True, False, False, False, False, False, False, True, True, False, False, False, True, False, False, False, False, True, False, False, False, False, True, True, True, False, False, False, False, True, True, True, True, False, True, False]"
0,0.05383446034960673,"[True, False, True, True, True, True, True, True, False, False, True, False, False, False, True, True, False, False, True, True, False, True, True, False, False, False, False, True, True, False, False, False, False, True, True, True, False, False, True, True]"
0,0.029630843504177013,"[True, False, True, True, False, True, False, False, False, False, False, False, True, True, True, True, False, False, False, False, True, True, False, True, True, True, True, False, True, True, True, False, True, True, False, True, True, True, True, False]"
0,0.9192974159562146,"[True, True, True, True, True, True, False, True, True, True, False, True, True, False, True, False, True, True, False, True, True, False, True, True, False, True, True, False, True, True, True, True, True, False, False, False, True, False, False, True]"
0,0.6278604015091946,"[True, True, True, True, False, True, False, False, False, True, False, True, True, False, True, True, True, False, False, True, True, False, True, True, False, True, False, False, True, False, True, True, True, True, False, False, True, True, False, True]"
0,0.2579918630071028,"[True, True, False, True, True, True, True, True, True, False, False, True, False, False, False, False, False, False, True, True, False, True, True, False, False, True, False, False, False, True, False, True, False, True, False, True, False, False, False, True]"
0,0.058513978253835926,"[True, True, False, False, False, False, False, False, True, False, True, True, True, True, False, False, True, True, False, False, False, True, False, False, False, True, False, False, False, False, True, True, False, False, True, True, True, False, False, True]"
0,0.0488803534884218,"[True, False, True, True, True, True, False, True, False, True, False, False, True, True, False, True, False, False, False, True, True, True, False, False, False, True, False, True, True, True, False, False, False, False, True, False, True, False, True, False]"
0,0.0015383523572057652,"[True, False, False, False, False, True, False, True, True, True, True, True, False, False, True, True, False, True, True, False, True, True, False, False, False, True, True, False, False, True, False, False, True, True, False, True, False, True, False, True]"
0,0.19376030477956155,"[True, True, False, True, True, False, False, True, False, True, False, False, False, False, False, False, True, True, False, True, True, False, True, False, False, True, True, False, False, False, False, False, False, False, False, True, True, False, False, False]"
0,0.09220525795775082,"[True, True, False, False, True, False, False, True, True, False, True, True, False, True, False, False, False, True, False, True, True, False, False, False, False, True, True, True, True, True, False, True, False, False, False, False, False, True, True, True]"
0,0.06151898206408096,"[True, True, False, False, False, False, False, True, True, False, True, True, False, True, False, False, False, True, True, True, True, True, False, False, False, True, False, False, True, False, True, False, True, True, False, True, False, True, False, False]"
0,0.2580778060769933,"[True, True, False, True, True, True, True, True, True, False, False, True, False, False, True, False, False, False, False, True, True, True, True, False, False, True, False, False, False, True, False, True, False, True, True, True, False, False, False, True]"
0,0.638637146613295,"[True, True, True, True, False, True, False, False, True, True, False, False, False, True, True, False, False, False, True, False, True, False, False, False, False, True, True, True, True, False, True, True, False, False, True, False, False, False, False, False]"
0,0.7687280922783457,"[True, True, True, True, True, False, False, True, False, True, False, True, True, False, True, False, True, True, False, False, False, False, False, True, True, False, True, False, False, True, True, True, True, False, False, True, False, False, False, False]"
0,0.07074622789623325,"[True, True, False, False, False, True, False, False, False, True, True, False, True, True, True, False, False, True, False, True, True, True, False, True, True, True, True, False, True, False, True, True, False, False, True, True, False, True, True, False]"
0,0.541609508803012,"[True, True, True, True, False, False, False, False, True, True, False, False, False, True, True, False, False, False, False, False, False, False, False, False, True, False, True, True, True, False, True, True, True, False, True, False, False, False, False, False]"
0,0.09155250153602822,"[True, True, False, False, True, False, False, True, True, False, False, False, True, True, True, True, True, False, True, False, True, True, False, False, False, True, False, True, True, True, True, True, False, False, False, True, True, False, True, False]"
0,0.7675363065461227,"[True, True, True, True, True, False, False, True, False, True, False, True, False, False, False, False, True, True, False, True, True, False, True, False, False, True, True, False, False, False, False, False, False, False, False, True, True, True, False, False]"
0,0.0689528545394786,"[True, True, False, False, False, False, True, True, True, True, True, False, True, True, False, True, False, True, True, False, True, False, True, False, True, False, False, False, False, True, True, True, False, True, True, True, True, False, False, False]"
0,0.8836852280422133,"[True, True, True, True, True, True, False, False, True, True, False, True, True, False, True, False, True, False, False, True, True, False, True, True, True, True, False, False, True, False, True, True, True, True, False, False, True, True, False, True]"
0,0.9561217852468827,"[True, True, True, True, True, True, True, False, True, True, False, True, True, False, True, False, True, False, False, True, True, False, False, True, False, True, False, False, True, False, True, True, True, True, False, False, True, True, False, True]"
0,0.7653970184052992,"[True, True, True, True, True, False, False, True, False, False, True, True, True, True, True, True, False, False, False, False, True, False, True, False, True, False, False, True, False, True, False, False, False, False, True, False, True, False, False, True]"
0,0.5416315616997345,"[True, True, True, True, False, False, False, False, True, True, False, False, False, True, True, False, False, True, False, False, False, False, False, False, True, True, True, True, True, False, True, True, False, False, True, False, False, False, False, False]"
0,0.03193168170724897,"[True, False, True, True, False, True, False, True, False, True, True, False, True, False, False, True, False, False, False, False, True, True, True, False, True, True, True, True, True, False, True, False, False, False, False, False, False, False, False, False]"
0,0.3923996506633078,"[True, True, True, False, True, False, False, True, False, False, True, False, False, False, True, True, False, True, False, False, True, False, True, True, True, False, False, False, False, True, True, False, False, True, True, False, False, False, True, True]"
0,0.7534343565838273,"[True, True, True, True, True, False, False, False, True, True, False, True, True, False, True, False, True, False, False, True, True, False, True, True, False, True, False, False, True, False, True, True, False, False, False, False, True, True, False, True]"
step,fitness,genome
1,0.4590217883100362,"[True, True, True, False, True, True, False, False, True, True, False, True, False, False, True, False, True, False, False, True, True, False, True, True, False, True, False, False, True, False, True, True, True, False, False, False, True, True, False, False]"
1,0.39239953114698434,"[True, True, True, False, True, False, False, True, False, False, True, False, False, False, True, True, False, True, False, False, True, False, True, True, False, False, False, False, True, True, True, True, False, True, False, False, False, False, False, True]"
1,0.7713332870118556,"[True, True, True, True, True, False, False, True, False, True, True, True, False, False, False, False, False, True, False, True, True, False, True, True, False, True, True, False, False, False, False, False, False, False, False, True, True, True, False, False]"
1,0.6407497117273058,"[True, True, True, True, False, True, False, False, True, True, False, True, True, False, True, False, True, True, False, True, True, False, True, True, False, False, False, False, False, False, True, True, True, False, False, False, True, True, False, True]"
1,0.5659137961266076,"[True, True, True, True, False, False, False, True, True, True, False, True, False, True, False, True, False, False, True, False, True, False, True, False, True, False, True, True, False, False, False, False, False, False, False, True, False, False, False, True]"
1,0.24992096637839653,"[True, True, False, True, True, True, True, False, True, True, False, True, True, False, True, False, True, False, False, True, True, False, False, True, False, False, False, False, True, False, True, True, True, True, False, False, True, True, False, True]"
1,0.008815151326792673,"[True, False, False, True, True, True, True, True, True, False, False, False, False, False, False, False, False, False, True, True, False, True, True, False, False, True, False, False, False, True, True, True, False, True, False, True, False, False, False, True]"
1,0.19051193082029225,"[True, True, False, True, True, False, False, False, True, True, True, False, False, False, True, False, True, True, True, False, False, True, True, False, True, False, True, False, False, False, False, False, True, False, False, False, False, True, False, True]"
1,0.6386570526754491,"[True, True, True, True, False, True, False, False, True, True, False, False, False, True, True, False, False, True, False, True, True, False, True, False, False, True, True, True, True, False, True, True, False, False, True, False, False, False, True, True]"
1,0.883675345352887,"[True, True, True, True, True, True, False, False, True, True, False, True, True, False, True, False, True, False, False, False, True, False, False, True, False, True, False, False, False, False, True, True, True, False, False, False, True, False, False, False]"
1,0.8737184600466126,"[True, True, True, True, True, True, False, False, True, False, False, True, False, False, False, True, False, False, True, True, True, False, True, False, False, True, True, False, False, False, False, True, False, False, False, False, False, True, True, True]"
1,0.21677083052115473,"[True, True, False, True, True, False, True, True, True, False, True, True, False, True, False, False, False, True, True, True, True, True, True, False, False, True, True, True, True, True, False, True, False, False, True, False, False, False, True, True]"
1,0.8749838901724353,"[True, True, True, True, True, True, False, False, True, False, False, True, True, False, True, False, True, False, False, True, False, True, True, False, False, False, True, False, False, False, False, False, False, False, False, True, False, False, True, True]"
1,0.0667988785325529,"[True, True, False, False, False, False, True, True, False, True, False, False, True, True, True, False, False, True, True, True, True, True, False, False, False, False, True, True, True, True, False, True, True, False, False, True, True, True, True, True]"
1,0.05872171573859412,"[True, True, False, False, False, False, False, False, True, True, False, False, True, True, True, False, False, True, False, False, False, False, False, True, False, True, True, True, True, False, True, True, False, False, True, False, False, False, False, False]"
1,0.2495706040848384,"[True, True, False, True, True, True, True, False, True, True, False, True, False, False, True, False, True, False, False, True, True, False, False, False, False, True, False, False, True, False, True, True, True, True, False, False, True, True, False, True]"
1,0.7612676287894637,"[True, True, True, True, True, False, False, True, False, False, False, True, True, True, False, False, True, False, False, False, True, False, False, False, False, True, True, False, True, True, True, True, True, True, False, True, False, False, False, False]"
1,0.00030216929634796166,"[False, True, True, True, False, False, False, True, True, True, False, True, False, True, False, True, False, False, False, False, True, False, False, False, True, True, False, True, False, False, False, False, False, False, False, True, True, False, False, True]"
1,0.875341226752435,"[True, True, True, True, True, True, False, False, True, False, False, True, True, True, False, True, False, False, True, True, True, False, True, False, False, False, False, True, False, True, False, False, False, True, True, True, False, False, True, True]"
1,0.9029829091141911,"[True, True, True, True, True, True, False, True, False, True, True, False, False, True, True, False, True, False, False, True, True, False, False, False, False, True, True, False, True, False, False, False, True, False, True, False, True, False, True, False]"
1,0.8741071715769055,"[True, True, True, True, True, True, False, False, True, False, False, True, False, True, False, False, False, False, False, True, True, False, True, False, True, False, True, False, False, False, False, True, False, True, False, True, False, True, True, True]"
1,0.8735684290466921,"[True, True, True, True, True, True, False, False, True, False, False, True, False, False, False, False, False, False, False, True, True, True, True, False, False, False, True, False, False, False, False, True, False, False, False, True, False, True, True, True]"
1,0.47042771390551597,"[True, True, True, False, True, True, False, True, False, True, True, False, False, True, True, True, True, False, False, True, True, False, False, False, False, True, False, True, True, True, False, False, True, True, True, False, True, False, True, False]"
1,6.934180874127904e-05,"[False, True, True, False, False, False, True, False, False, True, False, False, False, False, False, False, False, True, True, False, False, True, True, False, True, False, True, False, False, False, True, True, True, True, False, False, True, True, True, True]"
1,0.8836763619316471,"[True, True, True, True, True, True, False, False, True, True, False, True, True, False, True, False, True, False, False, False, True, False, True, True, False, False, True, False, True, False, True, True, True, False, False, False, True, True, False, True]"
1,0.21537654117109054,"[True, True, False, True, True, False, True, True, True, False, False, True, False, False, False, False, False, False, True, True, False, True, True, False, False, True, False, False, False, True, False, True, False, True, False, True, False, False, False, True]"
1,0.0005384703383773331,"[False, True, True, True, True, False, False, False, True, False, False, True, True, False, True, False, False, False, True, True, True, False, True, False, False, True, True, False, True, False, False, False, False, False, True, False, False, False, True, True]"
1,0.9927918132445512,"[True, True, True, True, True, True, True, True, True, True, False, True, False, False, False, False, True, False, False, True, True, False, True, True, False, True, False, False, False, False, True, True, False, False, True, False, True, True, False, True]"
1,0.3213065415959531,"[True, True, True, False, False, True, False, False, True, False, False, False, False, True, True, False, False, False, True, False, True, False, False, False, False, True, True, True, True, False, True, True, False, False, True, False, False, False, False, False]"
1,0.9192996218706322,"[True, True, True, True, True, True, False, True, True, True, False, True, True, False, True, False, True, True, False, True, True, True, True, True, False, True, True, False, True, True, False, True, True, False, False, False, False, False, False, True]"
1,0.9192962158603011,"[True, True, True, True, True, True, False, True, True, True, False, True, True, False, True, False, True, True, False, True, True, False, False, True, False, True, False, False, False, False, True, True, True, False, False, False, True, True, False, False]"
1,0.883702009035577,"[True, True, True, True, True, True, False, False, True, True, False, True, True, False, True, False, True, False, True, True, True, False, True, True, False, True, False, False, False, False, True, True, True, False, False, False, True, True, False, True]"
1,0.3505402912685144,"[True, True, True, False, False, True, True, False, True, False, False, False, False, True, False, True, True, True, False, True, False, False, False, True, True, True, False, True, False, False, True, True, False, False, False, False, True, False, False, True]"
1,0.5782422225801407,"[True, True, True, True, False, False, True, False, False, True, False, True, True, False, True, False, True, False, True, True, True, False, True, True, False, True, False, False, True, False, True, False, True, True, True, False, True, False, False, True]"
1,0.2907911359282046,"[True, True, True, False, False, False, True, False, False, True, False, False, False, False, False, True, False, True, False, False, False, True, False, False, False, False, True, False, False, False, True, True, False, True, True, False, True, False, True, True]"
1,0.43452041010986364,"[True, True, True, False, True, False, True, True, True, False, False, False, False, True, True, False, True, True, True, True, False, False, True, True, True, False, False, False, True, False, False, False, False, False, True, True, True, False, True, False]"
1,0.883412030824592,"[True, True, True, True, True, True, False, False, True, True, False, True, True, False, False, False, True, False, False, True, True, False, True, True, False, True, True, False, True, False, True, True, True, False, False, False, True, True, False, True]"
1,0.883719074146457,"[True, True, True, True, True, True, False, False, True, True, False, True, True, False, True, False, True, True, False, True, True, False, True, True, False, True, False, False, False, False, True, True, True, False, False, False, True, True, False, True]"
1,0.7711205052043526,"[True, True, True, True, True, False, False, True, False, True, True, False, True, True, True, False, True, False, False, True, True, False, False, False, False, True, False, True, True, True, False, False, False, True, True, False, True, False, True, False]"
1,3.913261538042366e-06,"[False, True, False, False, True, False, False, True, True, False, True, True, False, True, False, False, False, True, False, True, True, False, False, False, False, True, True, False, True, True, False, True, False, False, False, False, False, True, True, True]"
1,0.7653970184052992,"[True, True, True, True, True, False, False, True, False, False, True, True, True, True, True, True, False, False, False, False, True, False, True, False, True, False, False, True, False, True, False, False, False, False, True, False, True, False, False, True]"
1,0.9780331964901153,"[True, True, True, True, True, True, True, True, False, True, True, False, True, True, True, False, True, False, False, True, True, False, False, False, False, True, False, True, True, True, False, False, True, True, True, False, True, False, True, False]"
1,0.0001335710645316066,"[False, True, True, False, True, False, False, False, True, True, True, False, True, False, False, False, True, False, False, True, True, False, True, True, True, True, False, False, True, False, True, False, True, True, False, False, True, True, True, True]"
1,0.7611273421662655,"[True, True, True, True, True, False, False, True, False, False, False, True, True, False, True, True, False, True, False, True, True, False, True, True, True, False, False, False, True, True, True, True, False, True, True, False, False, False, False, True]"
1,0.025469645274747908,"[True, False, True, True, False, False, False, True, False, True, False, True, True, False, True, False, True, True, False, False, False, False, False, True, True, False, True, False, False, True, True, True, True, False, False, True, False, False, False, False]"
1,0.873718361073845,"[True, True, True, True, True, True, False, False, True, False, False, True, False, False, False, True, False, False, True, True, True, False, True, False, False, False, True, True, False, False, False, True, False, False, False, False, False, True, True, True]"
1,0.8837191553897598,"[True, True, True, True, True, True, False, False, True, True, False, True, True, False, True, False, True, True, False, True, True, False, True, True, False, True, True, False, True, False, True, False, True, False, False, False, True, True, False, True]"
1,0.6185315854041775,"[True, True, True, True, False, False, True, True, True, True, True, True, True, True, True, False, False, False, False, False, True, False, False, False, True, False, False, True, False, False, True, False, False, True, True, False, True, False, False, True]"
1,0.8735832378303791,"[True, True, True, True, True, True, False, False, True, False, False, True, False, False, False, False, False, False, True, True, True, False, True, False, False, False, True, True, False, False, False, False, False, False, True, False, False, False, True, True]"
1,0.8735673735008467,"[True, True, True, True, True, True, False, False, True, False, False, True, False, False, False, False, False, False, False, True, True, True, False, False, False, False, True, False, False, False, False, True, False, False, False, True, False, True, True, True]"
1,0.40728899535285895,"[True, True, True, False, True, False, True, False, False, False, False, False, False, False, False, True, True, True, True, True, True, False, True, True, True, False, False, True, True, True, True, True, True, False, False, False, True, False, False, True]"
1,0.7534342410894184,"[True, True, True, True, True, False, False, False, True, True, False, True, True, False, True, False, True, False, False, True, True, False, True, True, False, False, False, False, True, False, True, True, False, False, False, False, True, True, False, True]"
1,0.3924037597671389,"[True, True, True, False, True, False, False, True, False, False, True, False, False, False, True, True, False, True, False, True, True, False, True, True, True, False, False, False, False, True, True, False, False, True, False, False, True, False, False, True]"
1,0.5999466660455354,"[True, True, True, True, False, False, True, True, False, False, True, True, True, True, True, True, True, True, False, False, False, True, False, False, True, False, False, True, False, False, False, False, False, True, True, False, True, False, False, True]"
1,0.3923996506633078,"[True, True, True, False, True, False, False, True, False, False, True, False, False, False, True, True, False, True, False, False, True, False, True, True, True, False, False, False, False, True, True, False, False, True, True, False, False, False, True, True]"
1,0.7615086222483222,"[True, True, True, True, True, False, False, True, False, False, False, True, True, True, True, False, True, False, False, False, True, True, False, True, False, False, True, False, True, True, True, True, True, False, False, True, False, False, False, False]"
1,0.563075747241011,"[True, True, True, True, False, False, False, True, True, False, True, True, False, True, True, False, False, False, False, False, True, True, False, False, True, False, False, True, False, False, True, False, False, True, True, False, True, False, False, False]"
1,0.0038290654463901484,"[True, False, False, True, False, False, True, False, True, False, True, True, True, True, False, True, True, False, False, False, False, False, False, False, True, True, False, False, True, False, True, True, False, False, True, True, True, False, False, True]"
1,0.6597395827343832,"[True, True, True, True, False, True, False, True, True, False, False, True, False, False, True, False, False, False, True, True, False, False, True, False, False, True, False, False, False, True, False, True, False, True, False, False, False, False, False, True]"
1,3.0050618859011126e-06,"[False, True, False, False, False, True, True, True, True, True, False, False, True, False, False, False, True, False, False, True, True, False, True, False, True, True, False, False, True, False, True, True, True, True, False, False, True, True, False, True]"
1,0.3324225190487223,"[True, True, True, False, False, True, False, True, False, True, False, False, True, True, False, True, False, True, True, True, True, False, False, False, False, False, True, True, True, False, False, True, True, True, False, False, False, False, True, True]"
1,0.9102446035076418,"[True, True, True, True, True, True, False, True, True, False, False, True, True, False, True, False, True, False, False, True, False, False, True, True, False, True, True, False, False, True, False, True, True, False, True, False, True, False, True, True]"
1,0.8842311820728714,"[True, True, True, True, True, True, False, False, True, True, False, True, True, True, True, False, True, False, False, True, True, False, True, True, False, True, False, False, True, False, True, True, True, False, False, False, True, True, False, False]"
1,0.5995614042816575,"[True, True, True, True, False, False, True, True, False, False, True, True, True, False, True, True, True, True, False, False, False, True, False, False, True, False, False, True, False, False, False, False, False, True, True, False, True, False, False, True]"
1,0.8663569540039745,"[True, True, True, True, True, True, False, False, False, True, False, True, True, False, True, False, True, False, False, False, True, False, True, True, False, False, True, False, False, False, True, True, False, False, False, True, True, True, False, True]"
1,0.7843779813232815,"[True, True, True, True, True, False, False, True, True, True, False, True, True, False, True, True, True, False, False, False, True, False, False, True, False, True, True, False, True, True, True, True, True, False, False, False, False, False, False, False]"
1,0.8985395871885785,"[True, True, True, True, True, True, False, True, False, True, False, False, False, True, True, False, True, False, False, True, True, False, True, False, False, True, True, True, True, True, False, False, True, True, True, False, True, True, True, False]"
1,0.39752874550450806,"[True, True, True, False, True, False, False, True, False, True, True, True, False, False, False, False, True, True, False, True, True, False, True, False, False, True, False, False, False, False, False, False, False, False, False, True, True, True, False, False]"
1,0.7678552244043689,"[True, True, True, True, True, False, False, True, False, True, False, True, False, False, True, True, True, False, False, False, False, False, False, True, False, False, True, False, False, True, True, True, True, False, False, True, False, True, False, False]"
1,0.5423486997808258,"[True, True, True, True, False, False, False, False, True, True, False, False, True, True, True, False, False, True, True, False, True, False, False, False, True, True, True, True, True, False, True, True, False, False, True, False, False, False, False, False]"
1,0.45402068680825364,"[True, True, True, False, True, True, False, False, True, False, False, True, False, False, False, False, False, False, True, True, True, False, True, False, False, False, True, False, False, False, False, False, False, False, True, False, False, False, True, True]"
1,0.1635213763618677,"[True, True, False, True, False, True, False, True, True, False, False, True, True, False, False, True, False, False, False, True, True, True, True, False, False, False, True, False, True, False, False, True, False, False, False, True, False, True, False, True]"
1,0.9608217076481924,"[True, True, True, True, True, True, True, False, True, True, True, True, True, False, True, False, True, False, False, True, True, False, False, True, False, True, False, False, True, False, True, True, True, True, False, False, True, True, False, True]"
1,0.25223777919300056,"[True, True, False, True, True, True, True, True, False, False, False, False, True, True, True, True, False, True, False, False, False, False, True, True, True, True, True, True, False, True, False, False, False, False, False, False, True, True, False, False]"
1,0.9181665004904085,"[True, True, True, True, True, True, False, True, True, True, False, True, False, False, True, False, True, True, False, True, True, False, True, True, True, False, True, False, True, False, True, True, True, False, True, False, True, False, False, True]"
1,0.3379502643903216,"[True, True, True, False, False, True, False, True, True, False, True, False, True, True, True, False, False, True, False, True, True, True, False, False, False, False, False, False, True, True, False, False, False, False, False, True, False, True, True, False]"
1,0.9561598542428554,"[True, True, True, True, True, True, True, False, True, True, False, True, True, False, True, False, True, True, False, True, True, False, True, True, True, True, False, False, True, False, True, True, True, True, False, False, True, True, False, True]"
1,0.873583338625524,"[True, True, True, True, True, True, False, False, True, False, False, True, False, False, False, False, False, False, True, True, True, False, True, False, False, True, True, False, False, False, False, True, False, False, False, False, False, True, True, True]"
1,0.9040883755131306,"[True, True, True, True, True, True, False, True, False, True, True, False, True, True, True, False, True, False, False, False, True, False, False, False, False, True, False, True, True, True, False, True, True, True, True, False, True, False, True, False]"
1,0.7572292997155163,"[True, True, True, True, True, False, False, False, True, True, True, True, True, False, True, False, True, False, False, True, True, True, True, True, False, True, False, False, True, False, True, True, False, False, False, False, False, True, False, False]"
1,0.8742591647965895,"[True, True, True, True, True, True, False, False, True, False, False, True, False, True, False, True, False, False, True, True, True, False, True, False, False, True, True, True, False, False, False, False, False, False, False, False, False, True, True, True]"
1,0.42586221218875,"[True, True, True, False, True, False, True, True, False, False, False, False, True, True, False, True, True, False, True, True, False, True, True, True, True, False, False, True, True, True, True, True, True, False, False, False, True, False, False, True]"
1,0.7534269650865596,"[True, True, True, True, True, False, False, False, True, True, False, True, True, False, True, False, True, False, False, False, True, False, True, True, False, True, False, False, True, False, True, True, False, False, False, True, True, True, False, True]"
1,0.5212985223197322,"[True, True, True, False, True, True, True, True, True, True, False, True, True, False, True, False, True, True, False, True, True, False, True, True, False, True, True, False, True, True, True, True, True, False, False, False, True, False, False, True]"
1,0.7534334326219522,"[True, True, True, True, True, False, False, False, True, True, False, True, True, False, True, False, True, False, False, True, True, False, False, True, False, True, False, False, True, False, True, True, False, False, False, False, True, True, False, False]"
1,0.638637146613295,"[True, True, True, True, False, True, False, False, True, True, False, False, False, True, True, False, False, False, True, False, True, False, False, False, False, True, True, True, True, False, True, True, False, False, True, False, False, False, False, False]"
1,0.88368102802156,"[True, True, True, True, True, True, False, False, True, True, False, True, True, False, True, False, True, False, False, True, False, False, True, True, True, True, True, False, True, False, True, True, True, False, False, False, True, True, False, True]"
1,0.9561217846878438,"[True, True, True, True, True, True, True, False, True, True, False, True, True, False, True, False, True, False, False, True, True, False, False, True, False, True, False, False, True, False, True, True, True, False, False, False, True, True, False, True]"
1,0.45402068909615984,"[True, True, True, False, True, True, False, False, True, False, False, True, False, False, False, False, False, False, True, True, True, False, True, False, False, False, True, False, False, False, True, False, False, False, True, False, False, False, True, True]"
1,0.883697759721381,"[True, True, True, True, True, True, False, False, True, True, False, True, True, False, True, False, True, False, True, True, False, False, True, True, False, True, False, False, True, False, True, True, True, False, True, False, True, True, False, False]"
1,0.873583338625524,"[True, True, True, True, True, True, False, False, True, False, False, True, False, False, False, False, False, False, True, True, True, False, True, False, False, True, True, False, False, False, False, True, False, False, False, False, False, True, True, True]"
1,0.7688217235209986,"[True, True, True, True, True, False, False, True, False, True, False, True, True, False, True, True, True, False, False, False, True, False, False, False, True, False, True, False, True, True, True, True, True, False, False, True, False, True, False, False]"
1,0.768731737962708,"[True, True, True, True, True, False, False, True, False, True, False, True, True, False, True, False, True, True, False, False, True, False, False, True, False, True, True, False, False, True, True, True, True, False, False, True, False, False, False, True]"
1,0.8836808946962605,"[True, True, True, True, True, True, False, False, True, True, False, True, True, False, True, False, True, False, False, True, False, False, True, True, True, False, True, False, True, False, True, True, True, False, False, False, True, True, False, False]"
1,9.801563285083073e-05,"[False, True, True, False, False, True, False, True, True, False, True, True, False, True, True, False, False, False, False, True, True, True, False, False, False, True, False, False, True, False, False, False, True, False, True, True, False, True, False, False]"
1,0.3690558458637804,"[True, True, True, False, False, True, True, True, True, False, True, True, False, True, True, False, False, True, False, True, True, True, False, False, False, True, False, False, True, True, False, True, True, True, False, True, True, True, False, False]"
1,0.21840521282695224,"[True, True, False, True, True, False, True, True, True, True, False, True, True, True, True, False, True, True, False, False, False, False, False, True, True, True, True, False, False, True, True, True, True, False, False, True, False, False, False, False]"
1,0.2564993271767942,"[True, True, False, True, True, True, True, True, False, True, True, False, True, True, True, True, False, False, False, False, False, False, True, True, True, True, True, True, False, True, True, False, False, False, False, False, True, True, False, False]"
1,0.5416115682458871,"[True, True, True, True, False, False, False, False, True, True, False, False, False, True, True, False, False, False, False, False, False, True, True, False, True, False, True, True, True, False, True, True, True, False, True, False, False, False, False, False]"
1,0.8930023979209074,"[True, True, True, True, True, True, False, True, False, False, False, True, True, True, True, False, True, False, False, False, True, False, False, True, False, False, True, False, True, True, True, True, True, False, False, True, False, False, False, False]"
step,fitness,genome
2,0.8836802614399865,"[True, True, True, True, True, True, False, False, True, True, False, True, True, False, True, False, True, False, False, True, False, False, True, False, False, True, True, True, True, False, True, True, True, False, False, False, True, True, False, False]"
2,0.23409488779329712,"[True, True, False, True, True, True, False, True, False, True, True, False, False, True, True, False, True, False, False, True, True, False, False, True, True, True, True, False, True, False, False, False, True, False, True, False, True, False, True, True]"
2,0.05577252169503446,"[True, False, True, True, True, True, True, True, True, True, False, True, False, False, False, False, True, False, False, True, False, False, True, True, False, True, False, False, False, False, True, True, False, False, True, False, True, True, False, True]"
2,0.8804267622933437,"[True, True, True, True, True, True, False, False, True, True, False, False, False, False, True, False, True, False, True, True, False, False, True, True, False, True, False, False, True, False, True, True, True, False, True, False, True, True, False, False]"
2,0.884231249029339,"[True, True, True, True, True, True, False, False, True, True, False, True, True, True, True, False, True, False, False, True, True, False, True, True, False, True, True, False, True, False, True, True, True, False, True, False, True, True, False, False]"
2,0.04705712395863009,"[True, False, True, True, True, True, False, False, True, False, False, True, False, True, False, True, False, False, True, True, True, True, True, False, False, True, True, True, False, False, False, False, False, False, False, False, False, True, True, True]"
2,0.9013177424551521,"[True, True, True, True, True, True, False, True, False, True, False, True, True, False, True, False, True, False, False, True, True, True, True, True, False, True, True, False, True, True, True, True, True, False, False, False, False, False, True, True]"
2,0.873583237878699,"[True, True, True, True, True, True, False, False, True, False, False, True, False, False, False, False, False, False, True, True, True, False, True, False, False, False, True, True, False, False, False, False, False, False, True, False, True, False, False, True]"
2,0.8841930994324946,"[True, True, True, True, True, True, False, False, True, True, False, True, True, True, True, False, False, True, False, True, False, False, True, True, True, True, True, False, True, False, True, True, True, False, False, False, True, True, False, False]"
2,0.8838384715580704,"[True, True, True, True, True, True, False, False, True, True, False, True, True, False, True, True, True, False, True, True, True, False, True, True, False, False, True, False, False, False, True, True, True, False, False, False, True, True, False, True]"
2,0.9780331966327543,"[True, True, True, True, True, True, True, True, False, True, True, False, True, True, True, False, True, False, False, True, True, False, False, False, False, True, False, True, True, True, False, False, True, True, True, True, True, False, True, False]"
2,0.7572200257674423,"[True, True, True, True, True, False, False, False, True, True, True, True, True, False, True, False, True, False, False, False, True, False, True, True, False, True, False, False, True, True, True, True, False, False, False, True, True, True, False, True]"
2,0.6407498727732625,"[True, True, True, True, False, True, False, False, True, True, False, True, True, False, True, False, True, True, False, True, True, False, True, True, False, True, True, False, True, False, True, False, True, True, False, False, True, True, False, True]"
2,0.7534269081293685,"[True, True, True, True, True, False, False, False, True, True, False, True, True, False, True, False, True, False, False, False, True, False, True, True, False, False, True, False, True, False, True, True, True, False, False, False, True, True, False, True]"
2,0.004714123515187131,"[True, False, False, True, False, True, False, True, True, True, False, True, False, False, True, False, True, True, False, True, False, False, True, True, True, False, True, False, True, False, True, True, True, False, True, False, False, False, False, True]"
2,0.9192962158603011,"[True, True, True, True, True, True, False, True, True, True, False, True, True, False, True, False, True, True, False, True, True, False, False, True, False, True, False, False, False, False, True, True, True, False, False, False, True, True, False, False]"
2,0.8834120391546324,"[True, True, True, True, True, True, False, False, True, True, False, True, True, False, False, False, True, False, False, True, True, False, True, True, False, True, True, False, True, True, True, True, True, False, False, False, True, True, False, True]"
2,0.7531979160635793,"[True, True, True, True, True, False, False, False, True, True, False, True, True, False, False, False, True, False, False, True, True, False, True, True, False, True, True, False, True, False, True, True, True, False, False, False, True, True, False, True]"
2,0.8985395893031561,"[True, True, True, True, True, True, False, True, False, True, False, False, False, True, True, False, True, False, False, True, True, False, True, False, False, True, True, True, True, True, False, True, True, True, True, False, True, True, True, False]"
2,0.7844086316089943,"[True, True, True, True, True, False, False, True, True, True, False, True, True, False, True, True, True, True, False, False, True, False, False, True, False, True, True, False, True, False, True, True, True, False, False, False, False, False, False, False]"
2,0.23595917289707247,"[True, True, False, True, True, True, False, True, True, False, False, True, False, False, True, True, True, False, False, True, False, False, True, True, True, True, True, True, False, True, False, True, True, False, True, False, True, False, True, True]"
2,0.8746649753036643,"[True, True, True, True, True, True, False, False, True, False, False, True, True, False, False, False, False, False, True, True, True, False, True, False, True, False, True, False, False, True, False, False, False, False, True, False, False, False, True, True]"
2,0.8838128867760219,"[True, True, True, True, True, True, False, False, True, True, False, True, True, False, True, True, True, False, False, False, True, False, True, True, False, False, True, False, True, False, True, True, False, False, True, False, True, True, False, True]"
2,0.7609781655623195,"[True, True, True, True, True, False, False, True, False, False, False, True, True, False, True, False, False, False, False, True, True, False, True, True, True, False, False, False, True, True, True, True, True, True, True, False, False, False, False, True]"
2,0.9452614443097621,"[True, True, True, True, True, True, True, False, True, False, False, True, False, False, False, False, False, False, False, True, True, True, False, False, False, False, True, False, False, False, False, True, False, True, False, True, False, True, True, True]"
2,0.9004815638866017,"[True, True, True, True, True, True, False, True, False, True, False, True, False, True, False, False, True, False, False, True, True, False, True, False, False, True, True, False, True, False, False, False, True, False, True, False, True, False, True, False]"
2,0.25132653962324464,"[True, True, False, True, True, True, True, False, True, True, True, True, True, False, True, False, True, False, False, True, True, False, True, False, False, True, False, False, False, False, True, False, True, True, False, False, True, True, True, True]"
2,0.7503788507284596,"[True, True, True, True, True, False, False, False, True, True, False, False, False, False, False, False, True, False, True, True, True, False, False, True, False, False, True, True, True, False, False, True, False, False, True, False, False, False, True, True]"
2,0.5659198663737767,"[True, True, True, True, False, False, False, True, True, True, False, True, False, True, False, True, False, False, True, True, True, False, True, True, True, False, True, True, False, False, False, False, False, False, False, True, False, False, False, True]"
2,0.44614250839156,"[True, True, True, False, True, True, False, False, False, False, True, False, False, True, True, False, False, True, False, True, False, False, False, False, False, False, True, False, True, False, False, False, True, False, True, False, True, False, True, False]"
2,0.816223095973857,"[True, True, True, True, True, False, True, False, True, True, False, True, True, False, True, False, True, False, False, True, True, False, False, True, False, False, False, False, True, False, False, True, False, False, False, True, True, True, False, True]"
2,0.9732574099426797,"[True, True, True, True, True, True, True, True, False, True, False, False, True, True, True, False, True, False, False, True, True, False, False, False, False, False, False, True, True, True, True, False, True, True, True, False, True, False, True, False]"
2,0.22554531271873285,"[True, True, False, True, True, True, False, False, True, False, False, True, False, True, False, False, False, False, False, True, True, True, True, False, False, False, True, False, False, False, False, True, False, False, True, True, False, True, True, True]"
2,0.8836082395441001,"[True, True, True, True, True, True, False, False, True, True, False, True, True, False, True, False, False, False, False, False, True, False, True, True, False, True, True, False, True, False, True, True, True, False, False, False, True, True, False, True]"
2,0.9993674315938681,"[True, True, True, True, True, True, True, True, True, True, True, True, True, False, True, True, True, True, False, True, True, False, True, False, False, True, True, False, True, True, False, False, True, False, False, True, False, False, False, True]"
2,0.8985411704467917,"[True, True, True, True, True, True, False, True, False, True, False, False, False, True, True, False, True, False, False, True, True, True, False, True, False, True, True, False, True, False, False, True, True, False, True, False, True, False, True, False]"
2,0.873583338625524,"[True, True, True, True, True, True, False, False, True, False, False, True, False, False, False, False, False, False, True, True, True, False, True, False, False, True, True, False, False, False, False, True, False, False, False, False, False, True, True, True]"
2,0.9102823207443609,"[True, True, True, True, True, True, False, True, True, False, False, True, True, False, True, False, True, True, False, True, True, False, False, False, False, True, False, False, False, False, True, True, True, False, False, False, True, True, False, False]"
2,0.7115023779801207,"[True, True, True, True, False, True, True, True, False, True, True, False, True, True, True, False, True, True, False, True, True, False, False, False, False, True, False, True, True, False, False, False, True, False, True, False, True, False, True, False]"
2,0.8834080156882447,"[True, True, True, True, True, True, False, False, True, True, False, True, True, False, False, False, True, False, False, True, False, False, True, True, True, True, True, False, False, False, True, True, True, False, False, False, False, True, False, True]"
2,0.0007314539002717402,"[False, True, True, True, True, True, False, False, False, True, False, True, True, False, True, False, True, False, False, False, True, False, True, True, False, False, True, False, False, False, True, True, False, False, False, True, True, True, False, True]"
2,0.7114747429023631,"[True, True, True, True, False, True, True, True, False, True, True, False, True, True, True, False, True, False, False, True, True, False, False, True, False, True, False, True, True, True, False, False, True, True, False, False, True, False, True, False]"
2,0.8836838932952491,"[True, True, True, True, True, True, False, False, True, True, False, True, True, False, True, False, True, False, False, True, True, False, False, True, False, True, False, False, True, False, True, True, False, False, False, False, True, True, False, False]"
2,0.8742590987779946,"[True, True, True, True, True, True, False, False, True, False, False, True, False, True, False, True, False, False, True, True, True, False, True, False, False, True, False, True, False, False, False, False, False, False, False, False, False, True, True, True]"
2,0.8836919601881211,"[True, True, True, True, True, True, False, False, True, True, False, True, True, False, True, False, True, False, True, False, True, False, False, False, False, True, True, False, True, False, True, True, True, False, False, True, True, False, False, True]"
2,0.9661246567345695,"[True, True, True, True, True, True, True, True, False, False, False, True, True, True, True, False, True, False, False, False, True, False, False, True, False, False, True, False, True, True, True, True, True, False, False, True, False, True, False, False]"
2,0.003963936504786348,"[True, False, False, True, False, False, True, True, False, False, True, True, True, True, True, True, True, True, False, False, False, True, False, False, True, False, True, True, False, False, False, False, False, True, True, False, True, False, False, True]"
2,0.9454236454973827,"[True, True, True, True, True, True, True, False, True, False, False, True, False, False, False, True, False, False, True, True, True, False, True, False, False, True, True, False, False, False, False, True, False, False, False, False, False, True, True, True]"
2,0.8737189879015432,"[True, True, True, True, True, True, False, False, True, False, False, True, False, False, False, True, False, False, True, True, True, False, True, True, False, True, True, False, False, False, False, True, False, False, False, False, False, True, True, True]"
2,0.8750199855182317,"[True, True, True, True, True, True, False, False, True, False, False, True, True, False, True, False, True, True, False, True, True, False, True, False, False, True, True, False, True, False, True, False, True, False, False, False, True, True, False, True]"
2,0.22546236091357977,"[True, True, False, True, True, True, False, False, True, False, False, True, False, False, True, False, False, False, False, False, True, False, True, False, False, True, True, False, False, False, False, True, False, True, False, False, True, True, True, True]"
2,0.9038183853577437,"[True, True, True, True, True, True, False, True, False, True, True, False, True, True, False, False, True, False, False, True, True, False, False, False, False, True, False, False, True, True, False, True, True, True, True, False, True, False, True, False]"
2,0.8837194243373634,"[True, True, True, True, True, True, False, False, True, True, False, True, True, False, True, False, True, True, False, True, True, False, True, True, True, True, True, False, True, False, True, True, True, False, True, False, True, False, False, False]"
2,0.05032644149646988,"[True, False, True, True, True, True, False, True, True, True, False, True, True, False, True, False, True, False, False, True, True, False, True, True, False, False, False, False, True, False, True, True, True, False, False, False, True, True, False, True]"
2,0.771112960178545,"[True, True, True, True, True, False, False, True, False, True, True, False, True, True, True, False, True, False, False, False, True, False, False, False, False, True, False, True, True, True, False, True, True, True, False, False, True, True, True, False]"
2,0.9193902313265189,"[True, True, True, True, True, True, False, True, True, True, False, True, True, False, True, True, True, False, False, False, False, False, True, True, False, True, True, False, False, True, False, True, True, False, True, False, True, False, True, True]"
2,0.4992938203414349,"[True, True, True, False, True, True, True, False, True, True, False, True, False, False, True, False, True, False, False, True, True, False, True, True, True, True, False, False, False, False, True, True, False, True, True, False, True, True, False, True]"
2,0.9941944095058067,"[True, True, True, True, True, True, True, True, True, True, False, True, True, False, False, True, True, True, False, True, True, False, True, False, False, True, False, False, True, False, True, True, True, False, False, False, True, True, False, True]"
2,0.049341075276312756,"[True, False, True, True, True, True, False, True, False, True, True, True, True, False, True, False, True, False, False, True, True, False, False, False, False, True, False, True, True, True, True, True, True, True, True, False, True, False, True, True]"
2,0.9082748964932735,"[True, True, True, True, True, True, False, True, True, False, False, False, True, True, False, False, True, False, False, False, False, False, True, True, False, True, True, False, False, True, False, True, True, False, True, False, True, False, True, False]"
2,0.8736011520526794,"[True, True, True, True, True, True, False, False, True, False, False, True, False, False, False, False, False, True, False, True, True, True, False, False, False, False, True, False, False, False, False, True, False, True, False, True, False, True, True, True]"
2,0.9567462317960913,"[True, True, True, True, True, True, True, False, True, True, False, True, True, True, True, False, True, True, False, True, True, False, True, True, True, True, False, False, True, False, True, True, True, True, False, False, True, True, False, True]"
2,0.9102446077863477,"[True, True, True, True, True, True, False, True, True, False, False, True, True, False, True, False, True, False, False, True, False, False, True, True, False, True, True, False, False, True, True, True, True, False, True, False, True, False, True, True]"
2,0.960821702313833,"[True, True, True, True, True, True, True, False, True, True, True, True, True, False, True, False, True, False, False, True, True, False, False, True, False, True, False, False, True, False, False, True, False, True, True, False, True, True, False, True]"
2,0.47438890019546937,"[True, True, True, False, True, True, False, True, True, False, False, True, True, False, True, False, True, False, False, True, False, False, True, True, True, True, True, False, False, True, False, True, True, False, True, False, True, False, True, True]"
2,0.8996390005691619,"[True, True, True, True, True, True, False, True, False, True, False, False, True, True, True, False, True, False, False, False, True, False, False, False, False, True, False, False, True, True, True, True, True, True, True, False, True, False, True, False]"
2,0.7572292997155163,"[True, True, True, True, True, False, False, False, True, True, True, True, True, False, True, False, True, False, False, True, True, True, True, True, False, True, False, False, True, False, True, True, False, False, False, False, False, True, False, False]"
2,0.8747161416365011,"[True, True, True, True, True, True, False, False, True, False, False, True, True, False, False, False, True, False, False, True, True, False, True, True, False, True, True, True, True, False, True, False, False, False, False, False, True, True, True, True]"
2,0.9567050625769938,"[True, True, True, True, True, True, True, False, True, True, False, True, True, True, True, False, True, False, False, True, False, False, True, True, True, True, True, False, True, False, True, True, True, False, False, False, True, True, False, False]"
2,0.8842311820728714,"[True, True, True, True, True, True, False, False, True, True, False, True, True, True, True, False, True, False, False, True, True, False, True, True, False, True, False, False, True, False, True, True, True, False, False, False, True, True, False, False]"
2,0.4999876238859032,"[True, True, True, False, True, True, True, False, True, True, False, True, True, False, True, True, False, False, False, True, True, False, False, True, False, True, False, False, True, False, False, True, True, False, False, False, True, True, False, True]"
2,0.49996798355495065,"[True, True, True, False, True, True, True, False, True, True, False, True, True, False, True, False, True, True, False, True, True, False, True, True, True, True, False, False, True, False, True, True, True, True, False, False, True, True, False, True]"
2,0.47470076389886967,"[True, True, True, False, True, True, False, True, True, False, False, True, True, True, True, False, True, False, False, True, False, False, True, True, False, True, False, False, False, True, False, True, True, True, True, False, True, False, True, True]"
2,0.9471657840883039,"[True, True, True, True, True, True, True, False, True, False, False, True, True, True, False, True, False, False, True, True, True, False, True, False, False, False, False, True, False, True, False, False, False, True, True, True, False, True, True, True]"
2,0.883675345352887,"[True, True, True, True, True, True, False, False, True, True, False, True, True, False, True, False, True, False, False, False, True, False, False, True, False, True, False, False, False, False, True, True, True, False, False, False, True, False, False, False]"
2,0.9982646430293619,"[True, True, True, True, True, True, True, True, True, True, True, True, False, True, False, False, True, False, False, True, True, True, True, False, False, True, False, False, False, True, True, True, False, False, True, False, True, True, False, True]"
2,0.9181666384809889,"[True, True, True, True, True, True, False, True, True, True, False, True, False, False, True, False, True, True, False, True, True, False, True, True, True, True, True, False, True, False, True, True, True, False, True, False, True, False, False, True]"
2,0.470656348907104,"[True, True, True, False, True, True, False, True, False, True, True, False, True, False, True, False, True, False, False, False, True, True, False, False, False, True, False, True, True, True, False, True, True, True, True, False, True, False, True, False]"
2,0.9804295800983166,"[True, True, True, True, True, True, True, True, False, True, True, True, True, True, True, False, True, False, False, True, True, False, False, True, False, True, True, True, True, True, False, True, True, True, True, False, True, False, True, False]"
2,0.9170381569234383,"[True, True, True, True, True, True, False, True, True, True, False, False, True, False, True, False, True, True, False, True, True, True, True, False, False, True, False, False, True, True, False, False, True, False, False, False, False, False, False, True]"
2,0.05016376965919381,"[True, False, True, True, True, True, False, True, True, True, False, False, True, False, True, False, True, True, False, True, True, True, True, True, False, True, True, False, True, True, False, True, True, False, False, False, False, False, False, True]"
2,0.9421413814303872,"[True, True, True, True, True, True, True, False, False, True, True, True, True, False, True, False, True, False, False, True, False, False, False, True, False, True, False, False, True, False, True, True, True, True, False, True, True, True, False, True]"
2,0.883675345369161,"[True, True, True, True, True, True, False, False, True, True, False, True, True, False, True, False, True, False, False, False, True, False, False, True, False, True, False, False, False, False, True, True, True, False, False, False, True, False, True, False]"
2,0.8749838904305128,"[True, True, True, True, True, True, False, False, True, False, False, True, True, False, True, False, True, False, False, True, False, True, True, False, False, False, True, False, False, False, False, False, False, False, True, True, False, False, True, True]"
2,0.8836183750185379,"[True, True, True, True, True, True, False, False, True, True, False, True, True, False, True, False, False, False, False, True, True, True, True, False, False, True, True, False, True, True, False, True, True, False, False, False, False, False, False, True]"
2,0.8660910057060165,"[True, True, True, True, True, True, False, False, False, True, False, True, True, False, False, False, True, False, False, False, True, True, True, True, False, True, True, False, False, False, True, True, False, False, False, True, True, True, False, True]"
2,0.8930023306298326,"[True, True, True, True, True, True, False, True, False, False, False, True, True, True, True, False, True, False, False, False, True, False, False, True, False, False, False, False, True, True, True, True, True, False, False, True, False, False, False, False]"
2,0.6845384489780105,"[True, True, True, True, False, True, True, False, False, True, True, True, True, False, True, False, True, False, False, True, True, False, False, True, False, True, False, False, True, False, True, True, True, True, False, False, True, True, False, True]"
2,0.9192996218706322,"[True, True, True, True, True, True, False, True, True, True, False, True, True, False, True, False, True, True, False, True, True, True, True, True, False, True, True, False, True, True, False, True, True, False, False, False, False, False, False, True]"
2,0.8837190746672474,"[True, True, True, True, True, True, False, False, True, True, False, True, True, False, True, False, True, True, False, True, True, False, True, True, False, True, False, False, False, False, True, True, True, True, False, False, True, True, False, True]"
2,0.17339927593936902,"[True, True, False, True, False, True, True, False, True, True, False, True, True, False, True, False, True, True, False, False, True, False, False, False, False, True, False, False, False, False, True, True, True, True, False, False, True, True, False, True]"
2,0.8930023979866213,"[True, True, True, True, True, True, False, True, False, False, False, True, True, True, True, False, True, False, False, False, True, False, False, True, False, False, True, False, True, True, True, True, True, False, False, True, True, False, False, False]"
2,0.9192965094149987,"[True, True, True, True, True, True, False, True, True, True, False, True, True, False, True, False, True, True, False, True, True, False, False, True, True, True, False, False, True, False, True, True, True, False, False, False, True, True, False, False]"
2,0.9562683437728066,"[True, True, True, True, True, True, True, False, True, True, False, True, True, False, True, True, True, False, False, True, True, False, False, True, False, True, False, False, True, False, True, True, True, False, True, False, True, True, False, True]"
2,0.8930023979209074,"[True, True, True, True, True, True, False, True, False, False, False, True, True, True, True, False, True, False, False, False, True, False, False, True, False, False, True, False, True, True, True, True, True, False, False, True, False, False, False, False]"
2,0.9561598542428554,"[True, True, True, True, True, True, True, False, True, True, False, True, True, False, True, False, True, True, False, True, True, False, True, True, True, True, False, False, True, False, True, True, True, True, False, False, True, True, False, True]"
2,0.8745209893110729,"[True, True, True, True, True, True, False, False, True, False, False, True, False, True, True, True, False, False, True, False, True, False, True, False, False, False, False, True, True, True, False, False, False, True, True, False, False, False, True, True]"
2,0.0004111604346245635,"[False, True, True, True, False, True, False, True, False, True, True, False, False, True, False, False, True, False, False, False, True, False, False, False, False, False, False, True, False, True, False, True, True, True, True, True, True, False, True, False]"
2,0.5026514419564395,"[True, True, True, False, True, True, True, False, True, True, True, True, True, False, True, True, True, False, False, True, True, False, False, True, False, True, False, False, False, False, True, True, True, True, False, True, True, True, False, True]"
2,0.046719983029917624,"[True, False, True, True, True, True, False, False, False, True, True, True, False, False, True, False, True, False, False, False, True, False, True, True, False, False, True, False, True, False, True, True, False, False, False, True, True, True, False, True]"
step,fitness,genome
3,0.9982646430293619,"[True, True, True, True, True, True, True, True, True, True, True, True, False, True, False, False, True, False, False, True, True, True, True, False, False, True, False, False, False, True, True, True, False, False, True, False, True, True, False, True]"
3,0.9958297268466676,"[True, True, True, True, True, True, True, True, True, True, True, False, False, True, False, False, True, False, False, True, True, True, True, False, False, True, False, False, False, True, True, True, False, False, True, False, True, False, False, False]"
3,0.8982617550398944,"[True, True, True, True, True, True, False, True, False, True, False, False, False, True, False, False, True, False, False, True, True, False, False, True, False, False, True, False, True, True, False, True, True, False, True, True, False, False, False, False]"
3,0.7689519261988406,"[True, True, True, True, True, False, False, True, False, True, False, True, True, True, False, False, True, False, False, True, True, True, False, True, False, True, True, False, True, False, True, True, True, False, True, False, True, False, True, False]"
3,0.9832243508214981,"[True, True, True, True, True, True, True, True, True, False, False, True, False, False, False, True, False, False, True, True, True, False, False, False, False, True, True, False, False, False, False, True, False, False, False, False, False, True, True, True]"
3,0.9981887684048861,"[True, True, True, True, True, True, True, True, True, True, True, True, False, True, False, False, False, False, False, True, True, True, True, False, True, True, False, False, False, True, True, True, False, False, True, False, True, True, False, True]"
3,0.9013177413949216,"[True, True, True, True, True, True, False, True, False, True, False, True, True, False, True, False, True, False, False, True, True, True, True, True, False, True, True, False, True, True, True, True, False, False, False, False, False, False, True, True]"
3,0.9720675334344493,"[True, True, True, True, True, True, True, True, False, True, False, False, False, True, True, False, True, False, False, True, True, False, False, True, False, True, True, False, True, False, False, True, True, False, True, False, True, False, True, False]"
3,0.047111745784683655,"[True, False, True, True, True, True, False, False, True, False, False, True, True, False, True, False, True, True, False, True, True, False, False, False, False, True, False, False, False, False, True, True, True, False, False, False, True, True, False, False]"
3,0.6411332556259203,"[True, True, True, True, False, True, False, False, True, True, False, True, True, True, True, False, True, False, False, True, True, False, True, True, False, True, False, False, True, False, True, True, True, False, False, False, True, True, False, False]"
3,0.9941944187703564,"[True, True, True, True, True, True, True, True, True, True, False, True, True, False, False, True, True, True, False, True, True, False, True, False, False, True, False, False, True, True, True, True, True, False, False, False, True, True, False, True]"
3,0.8815739484166852,"[True, True, True, True, True, True, False, False, True, True, False, False, True, False, True, True, False, False, True, False, False, False, False, False, False, True, True, False, True, False, True, True, True, False, True, True, True, False, True, True]"
3,0.8930023979866213,"[True, True, True, True, True, True, False, True, False, False, False, True, True, True, True, False, True, False, False, False, True, False, False, True, False, False, True, False, True, True, True, True, True, False, False, True, True, False, False, False]"
3,0.9193924419611447,"[True, True, True, True, True, True, False, True, True, True, False, True, True, False, True, True, True, False, False, False, False, True, True, True, False, True, True, False, False, True, False, True, True, False, True, True, True, False, True, True]"
3,0.9192611453150048,"[True, True, True, True, True, True, False, True, True, True, False, True, True, False, True, False, True, False, False, True, True, False, False, True, True, True, False, False, True, False, True, True, True, False, False, False, True, True, False, False]"
3,0.8999610141967468,"[True, True, True, True, True, True, False, True, False, True, False, True, False, False, False, False, True, True, False, True, True, False, True, False, False, True, True, False, True, False, True, False, True, False, True, False, False, False, True, True]"
3,0.0009649593917439015,"[False, True, True, True, True, True, True, True, True, True, False, True, True, False, False, False, True, True, False, True, True, False, True, True, False, True, False, False, True, True, True, True, True, False, False, False, True, True, False, True]"
3,0.9192990692954699,"[True, True, True, True, True, True, False, True, True, True, False, True, True, False, True, False, True, True, False, True, True, True, True, False, False, True, True, False, True, True, False, True, True, False, False, False, False, False, False, True]"
3,0.9567050625769938,"[True, True, True, True, True, True, True, False, True, True, False, True, True, True, True, False, True, False, False, True, False, False, True, True, True, True, True, False, True, False, True, True, True, False, False, False, True, True, False, False]"
3,0.9982646802240781,"[True, True, True, True, True, True, True, True, True, True, True, True, False, True, False, False, True, False, False, True, True, True, True, False, False, True, False, True, False, True, True, True, False, False, True, False, True, True, False, True]"
3,0.9038189635632486,"[True, True, True, True, True, True, False, True, False, True, True, False, True, True, False, False, True, False, False, True, True, False, False, True, False, True, False, True, True, True, False, True, True, True, True, False, True, False, True, False]"
3,0.9567033442679627,"[True, True, True, True, True, True, True, False, True, True, False, True, True, True, True, False, True, False, False, True, False, False, False, False, True, True, True, False, True, False, True, True, True, False, False, False, True, True, False, False]"
3,0.23113809555098572,"[True, True, False, True, True, True, False, True, False, False, False, True, True, True, True, False, True, False, False, True, True, False, True, False, False, False, False, False, True, False, True, True, True, False, False, False, False, True, False, False]"
3,0.9941890731018835,"[True, True, True, True, True, True, True, True, True, True, False, True, True, False, False, True, True, True, False, True, False, False, False, True, False, True, False, False, True, False, True, True, True, False, False, False, True, False, False, True]"
3,0.973257411646824,"[True, True, True, True, True, True, True, True, False, True, False, False, True, True, True, False, True, False, False, True, True, False, False, False, False, False, False, True, True, True, True, True, True, False, True, False, True, False, True, False]"
3,0.262552454006532,"[True, True, False, True, True, True, True, True, True, True, True, True, False, True, False, False, True, False, False, True, False, True, True, False, False, True, False, False, False, True, True, False, False, False, True, False, True, True, False, True]"
3,0.919390093170446,"[True, True, True, True, True, True, False, True, True, True, False, True, True, False, True, True, True, False, False, False, False, False, True, True, False, False, True, False, False, True, False, True, True, False, True, False, True, False, True, True]"
3,0.9780331966327543,"[True, True, True, True, True, True, True, True, False, True, True, False, True, True, True, False, True, False, False, True, True, False, False, False, False, True, False, True, True, True, False, False, True, True, True, True, True, False, True, False]"
3,0.7534260274715903,"[True, True, True, True, True, False, False, False, True, True, False, True, True, False, True, False, True, False, False, False, True, False, False, True, False, True, False, False, False, False, True, True, True, False, False, False, True, False, True, False]"
3,0.8738671962009251,"[True, True, True, True, True, True, False, False, True, False, False, True, False, False, True, False, False, True, False, True, False, True, False, False, False, False, True, False, False, False, False, True, True, True, False, True, False, True, True, True]"
3,0.9608219897989966,"[True, True, True, True, True, True, True, False, True, True, True, True, True, False, True, False, True, False, False, True, True, False, False, True, True, True, False, False, True, False, False, True, False, True, True, False, True, True, False, False]"
3,0.4794068636348074,"[True, True, True, False, True, True, False, True, True, True, False, True, True, False, True, False, True, False, False, True, True, True, False, True, False, True, False, False, False, False, False, True, True, False, True, False, True, True, False, True]"
3,0.0008247099066978296,"[False, True, True, True, True, True, False, True, True, True, False, True, True, False, True, False, True, True, False, True, True, False, False, True, True, True, True, False, True, False, True, True, True, False, False, False, True, True, False, False]"
3,0.7132748154476604,"[True, True, True, True, False, True, True, True, False, True, True, True, True, True, True, False, True, False, False, True, True, False, True, True, False, True, False, True, True, True, False, True, True, True, True, False, True, False, True, False]"
3,0.9102356396585043,"[True, True, True, True, True, True, False, True, True, False, False, True, True, False, True, False, True, False, False, False, False, False, True, True, False, False, False, False, False, True, True, True, True, False, True, False, True, False, True, True]"
3,0.9192873747230564,"[True, True, True, True, True, True, False, True, True, True, False, True, True, False, True, False, True, True, False, False, True, False, False, True, False, True, False, False, False, False, True, True, True, False, False, False, True, True, False, False]"
3,0.6407243162435075,"[True, True, True, True, False, True, False, False, True, True, False, True, True, False, True, False, True, False, False, True, True, False, True, True, False, True, True, False, True, False, False, True, True, False, True, False, True, True, False, False]"
3,0.996929945888251,"[True, True, True, True, True, True, True, True, True, True, True, False, True, False, True, True, True, True, False, True, True, False, True, False, False, False, True, False, True, True, False, False, True, False, False, True, True, False, False, True]"
3,0.8985742351441959,"[True, True, True, True, True, True, False, True, False, True, False, False, False, True, True, False, True, True, False, True, True, False, True, False, False, True, True, True, True, True, False, True, True, True, True, False, True, True, True, False]"
3,0.874996464871995,"[True, True, True, True, True, True, False, False, True, False, False, True, True, False, True, False, True, False, True, False, True, True, False, True, True, True, True, False, True, False, True, False, True, False, False, True, True, False, False, True]"
3,0.8749206187329057,"[True, True, True, True, True, True, False, False, True, False, False, True, True, False, True, False, False, False, False, True, True, True, True, False, False, True, True, False, True, False, False, True, True, False, False, False, False, True, False, True]"
3,0.9567049282990416,"[True, True, True, True, True, True, True, False, True, True, False, True, True, True, True, False, True, False, False, True, False, False, True, True, True, False, True, False, True, True, True, True, True, False, False, False, True, False, False, False]"
3,0.9421413814303872,"[True, True, True, True, True, True, True, False, False, True, True, True, True, False, True, False, True, False, False, True, False, False, False, True, False, True, False, False, True, False, True, True, True, True, False, True, True, True, False, True]"
3,0.9082771000076589,"[True, True, True, True, True, True, False, True, True, False, False, False, True, True, False, False, True, False, False, False, False, True, True, True, False, True, True, False, True, True, False, True, True, False, True, False, True, False, True, False]"
3,0.9192611453150048,"[True, True, True, True, True, True, False, True, True, True, False, True, True, False, True, False, True, False, False, True, True, False, False, True, True, True, False, False, True, False, True, True, True, False, False, False, True, True, False, False]"
3,0.9655700706580402,"[True, True, True, True, True, True, True, True, False, False, False, True, True, False, True, False, True, True, False, False, True, False, False, True, False, False, True, False, True, True, True, True, True, False, False, True, False, True, True, False]"
3,0.8911701121645638,"[True, True, True, True, True, True, False, True, False, False, False, True, False, False, False, True, False, False, True, True, True, False, True, False, False, True, True, False, False, False, False, True, True, True, True, False, False, True, True, False]"
3,0.2493929224007589,"[True, True, False, True, True, True, True, False, True, True, False, False, True, True, True, False, True, False, False, False, True, False, False, False, False, True, False, False, True, True, True, True, False, True, False, False, True, False, True, False]"
3,0.771112960178545,"[True, True, True, True, True, False, False, True, False, True, True, False, True, True, True, False, True, False, False, False, True, False, False, False, False, True, False, True, True, True, False, True, True, True, False, False, True, True, True, False]"
3,0.9798301544656427,"[True, True, True, True, True, True, True, True, False, True, True, True, True, False, True, False, True, False, False, True, True, False, False, True, False, True, True, True, True, True, False, True, True, True, True, False, True, False, True, False]"
3,0.8246507222098389,"[True, True, True, True, True, False, True, True, False, False, False, True, True, True, False, False, True, False, False, True, True, False, False, True, False, False, True, False, True, True, True, True, True, False, False, False, False, True, False, False]"
3,0.9272938698438762,"[True, True, True, True, True, True, True, False, False, False, False, True, False, False, True, True, False, False, True, False, True, False, True, False, False, True, True, False, False, False, False, True, False, False, False, True, False, True, True, True]"
3,0.9549514719294696,"[True, True, True, True, True, True, True, False, True, True, False, True, False, False, True, False, True, False, False, True, True, False, True, True, True, True, False, False, True, False, True, True, True, True, False, False, True, True, False, True]"
3,0.4743887490605341,"[True, True, True, False, True, True, False, True, True, False, False, True, True, False, True, False, True, False, False, True, False, False, True, True, False, True, True, False, False, True, True, False, True, False, True, False, True, False, True, True]"
3,0.5068583558909145,"[True, True, True, False, True, True, True, True, False, False, True, False, True, True, True, False, True, False, False, True, True, True, False, False, False, True, False, True, True, True, False, False, True, True, True, True, True, False, True, False]"
3,0.0007768658709344091,"[False, True, True, True, True, True, False, True, False, False, False, True, True, False, True, False, True, True, False, True, True, True, True, True, False, True, True, False, True, True, True, True, True, False, True, False, False, False, True, True]"
3,0.9561589955461305,"[True, True, True, True, True, True, True, False, True, True, False, True, True, False, True, False, True, True, False, True, True, False, True, False, False, True, False, False, True, False, True, True, True, True, False, False, True, True, True, True]"
3,0.9404112389103142,"[True, True, True, True, True, True, True, False, False, True, True, False, True, True, True, False, True, False, False, True, True, False, False, False, False, False, False, True, True, True, False, False, True, True, True, False, True, False, True, False]"
3,0.9194122674930374,"[True, True, True, True, True, True, False, True, True, True, False, True, True, False, True, True, True, False, True, False, True, False, True, True, False, True, False, False, False, True, False, True, True, False, True, False, True, True, True, True]"
3,0.95601252281448,"[True, True, True, True, True, True, True, False, True, True, False, True, True, False, False, True, True, True, False, True, True, False, True, False, False, True, True, False, True, False, True, True, True, False, False, False, True, True, True, True]"
3,0.9561598542428554,"[True, True, True, True, True, True, True, False, True, True, False, True, True, False, True, False, True, True, False, True, True, False, True, True, True, True, False, False, True, False, True, True, True, True, False, False, True, True, False, True]"
3,0.0007623631232265842,"[False, True, True, True, True, True, False, False, True, True, False, True, True, True, True, False, True, False, False, True, False, False, True, True, False, True, True, False, True, False, True, True, False, False, True, False, True, True, False, False]"
3,0.8837148250269401,"[True, True, True, True, True, True, False, False, True, True, False, True, True, False, True, False, True, True, False, True, False, False, True, True, False, True, False, False, True, False, True, True, True, True, False, False, True, True, False, True]"
3,0.8165102403446887,"[True, True, True, True, True, False, True, False, True, True, False, True, True, True, False, False, True, True, False, True, True, False, True, True, False, True, False, False, True, False, True, True, True, True, False, False, True, False, False, False]"
3,0.9516256015353811,"[True, True, True, True, True, True, True, False, True, False, True, True, True, False, True, True, True, True, False, True, True, False, True, False, False, True, True, False, True, True, False, False, True, False, False, True, False, True, False, True]"
3,0.9192968525897883,"[True, True, True, True, True, True, False, True, True, True, False, True, True, False, True, False, True, True, False, True, True, False, True, False, False, True, True, False, True, False, True, False, True, False, False, False, True, False, False, True]"
3,0.9567462317960913,"[True, True, True, True, True, True, True, False, True, True, False, True, True, True, True, False, True, True, False, True, True, False, True, True, True, True, False, False, True, False, True, True, True, True, False, False, True, True, False, True]"
3,0.7278155986590181,"[True, True, True, True, False, True, True, True, True, True, True, True, True, True, True, False, True, False, False, True, True, False, False, True, False, True, True, True, True, True, True, True, True, True, True, False, True, False, True, False]"
3,0.8924555898465244,"[True, True, True, True, True, True, False, True, False, False, False, True, True, False, True, False, True, False, False, True, False, False, False, True, False, False, True, False, False, True, True, True, True, False, False, False, False, False, True, True]"
3,0.9851533367590701,"[True, True, True, True, True, True, True, True, True, False, False, True, True, True, True, False, False, False, False, False, True, False, True, True, False, True, True, False, True, True, True, True, True, False, True, True, True, True, False, False]"
3,0.91816223141605,"[True, True, True, True, True, True, False, True, True, True, False, True, False, False, True, False, True, True, False, True, False, False, True, True, True, True, True, False, True, True, True, True, True, False, True, False, True, False, False, True]"
3,0.8833440433242937,"[True, True, True, True, True, True, False, False, True, True, False, True, True, False, False, False, False, False, False, True, True, False, True, True, True, True, True, False, False, False, True, True, True, False, False, False, False, True, False, True]"
3,0.9567233913794877,"[True, True, True, True, True, True, True, False, True, True, False, True, True, True, True, False, True, False, True, True, False, False, True, True, True, True, True, False, True, False, True, True, True, False, False, False, True, True, False, False]"
3,0.960821702243644,"[True, True, True, True, True, True, True, False, True, True, True, True, True, False, True, False, True, False, False, True, True, False, False, True, False, True, False, False, True, False, False, True, False, True, True, False, False, True, False, True]"
3,0.000824714411894116,"[False, True, True, True, True, True, False, True, True, True, False, True, True, False, True, False, True, True, False, True, True, True, True, False, False, True, True, False, True, True, False, True, False, False, False, False, False, False, False, True]"
3,0.7755260677405678,"[True, True, True, True, True, False, False, True, True, False, False, True, False, False, True, False, True, True, True, True, True, False, True, True, True, False, True, False, True, False, True, True, True, False, True, False, True, False, False, True]"
3,0.23894172971673056,"[True, True, False, True, True, True, False, True, True, True, False, True, True, False, True, False, True, True, False, True, True, True, True, True, False, True, True, False, True, True, False, True, True, False, False, False, False, False, True, True]"
3,0.9982646442643427,"[True, True, True, True, True, True, True, True, True, True, True, True, False, True, False, False, True, False, False, True, True, True, True, False, False, True, False, False, False, True, True, True, True, False, True, True, False, True, False, True]"
3,0.9192962138451481,"[True, True, True, True, True, True, False, True, True, True, False, True, True, False, True, False, True, True, False, True, True, False, False, True, False, True, False, False, False, False, True, False, True, False, False, True, True, True, False, True]"
3,0.22853575158694453,"[True, True, False, True, True, True, False, False, True, True, False, True, True, True, True, False, True, False, False, False, True, False, True, True, False, True, False, False, True, False, True, True, True, False, False, False, True, True, False, False]"
3,0.8836838932952491,"[True, True, True, True, True, True, False, False, True, True, False, True, True, False, True, False, True, False, False, True, True, False, False, True, False, True, False, False, True, False, True, True, False, False, False, False, True, True, False, False]"
3,0.9562686300402558,"[True, True, True, True, True, True, True, False, True, True, False, True, True, False, True, True, True, False, False, True, True, False, False, True, True, True, False, False, True, False, True, True, True, False, True, False, True, True, False, True]"
3,0.652672993381866,"[True, True, True, True, False, True, False, True, False, True, False, False, True, True, True, False, True, False, False, False, True, False, False, False, False, True, False, False, True, True, True, True, True, True, True, False, True, False, True, False]"
3,0.8836710791722644,"[True, True, True, True, True, True, False, False, True, True, False, True, True, False, True, False, True, False, False, False, False, False, False, True, False, True, False, False, False, False, True, True, True, False, False, False, False, False, False, False]"
3,0.9804295778110599,"[True, True, True, True, True, True, True, True, False, True, True, True, True, True, True, False, True, False, False, True, True, False, False, True, False, True, True, True, True, True, False, False, True, True, True, False, True, False, True, False]"
3,0.9708711562050168,"[True, True, True, True, True, True, True, True, False, False, True, True, True, True, True, False, True, False, False, False, True, True, False, True, False, False, True, True, True, True, True, True, True, False, False, True, False, False, False, False]"
3,0.9192956632869813,"[True, True, True, True, True, True, False, True, True, True, False, True, True, False, True, False, True, True, False, True, True, False, False, False, False, True, False, False, False, False, True, True, True, False, False, False, True, True, False, False]"
3,0.5463322391552453,"[True, True, True, True, False, False, False, False, True, True, True, True, True, False, True, True, True, False, False, False, True, False, True, False, False, True, False, False, True, True, True, True, False, False, False, True, True, True, False, True]"
3,0.26255388579096606,"[True, True, False, True, True, True, True, True, True, True, True, True, False, True, False, False, True, False, False, True, True, True, True, False, False, True, False, False, False, True, True, True, False, False, True, False, True, True, False, True]"
3,0.9465790207863732,"[True, True, True, True, True, True, True, False, True, False, False, True, True, False, False, True, False, False, True, True, False, False, False, False, False, False, False, True, False, True, False, False, False, True, True, True, False, True, True, True]"
3,0.047740083051666674,"[True, False, True, True, True, True, False, False, True, True, False, True, True, False, True, False, True, True, False, True, True, False, True, True, False, True, True, False, True, True, True, True, True, False, False, False, False, False, False, True]"
3,0.9949142353895224,"[True, True, True, True, True, True, True, True, True, True, False, True, True, True, True, False, True, False, False, True, False, True, True, True, True, True, True, False, True, False, False, True, True, False, False, False, True, True, False, False]"
3,0.9732573735876034,"[True, True, True, True, True, True, True, True, False, True, False, False, True, True, True, False, True, False, False, True, True, False, False, False, False, False, False, False, True, True, True, False, True, True, True, False, True, False, True, False]"
3,0.0009249530852703385,"[False, True, True, True, True, True, True, True, False, True, False, False, True, True, True, False, True, False, False, True, False, False, False, False, True, True, False, True, True, True, False, False, True, False, True, True, True, False, True, False]"
3,0.9102446056469948,"[True, True, True, True, True, True, False, True, True, False, False, True, True, False, True, False, True, False, False, True, False, False, True, True, False, True, True, False, False, True, True, False, True, False, True, False, True, False, True, True]"
3,0.0009750313184265485,"[False, True, True, True, True, True, True, True, True, True, True, True, True, False, True, False, True, True, False, True, True, False, True, True, True, True, False, False, True, False, True, True, True, True, False, False, True, True, False, True]"
3,0.23818534575742642,"[True, True, False, True, True, True, False, True, True, True, False, False, True, False, False, False, True, True, False, True, True, True, True, False, False, True, False, False, True, True, False, False, True, False, False, False, False, False, False, True]"
3,0.8930019187185263,"[True, True, True, True, True, True, False, True, False, False, False, True, True, True, True, False, True, False, False, False, True, False, False, False, False, True, False, False, True, False, True, True, True, False, True, False, True, True, True, False]"
3,0.8930023306298326,"[True, True, True, True, True, True, False, True, False, False, False, True, True, True, True, False, True, False, False, False, True, False, False, True, False, False, False, False, True, True, True, True, True, False, False, True, False, False, False, False]"
3,0.9941944465640061,"[True, True, True, True, True, True, True, True, True, True, False, True, True, False, False, True, True, True, False, True, True, False, True, False, False, True, False, True, True, False, True, True, True, False, False, False, True, True, False, True]"
step,fitness,genome
4,0.0009341215505286537,"[False, True, True, True, True, True, True, True, False, True, True, False, True, True, True, False, True, False, True, True, True, False, True, False, False, True, False, False, False, True, False, False, False, False, False, False, True, False, True, False]"
4,0.9957525907766223,"[True, True, True, True, True, True, True, True, True, True, True, False, False, True, False, False, False, False, False, True, True, True, False, False, False, True, False, True, True, True, True, True, False, True, True, True, True, False, False, False]"
4,0.3516328853646354,"[True, True, True, False, False, True, True, False, True, False, False, True, True, False, False, False, False, False, True, True, False, False, False, False, False, False, False, True, False, True, False, False, False, True, True, True, False, True, True, False]"
4,0.9944980412553971,"[True, True, True, True, True, True, True, True, True, True, False, True, True, False, True, True, True, True, False, True, True, False, True, False, False, True, False, False, True, True, True, True, True, False, False, False, True, True, False, True]"
4,0.9941897031426832,"[True, True, True, True, True, True, True, True, True, True, False, True, True, False, False, True, True, True, False, True, False, False, True, False, False, True, False, True, True, False, True, True, True, False, False, False, True, True, True, True]"
4,0.9982836868872095,"[True, True, True, True, True, True, True, True, True, True, True, True, False, True, False, False, True, False, True, True, True, True, True, False, False, True, False, False, False, True, True, True, False, False, True, False, True, True, False, True]"
4,0.9982646383800224,"[True, True, True, True, True, True, True, True, True, True, True, True, False, True, False, False, True, False, False, True, True, True, True, False, False, True, False, False, False, True, False, True, False, False, True, False, True, True, False, True]"
4,0.996929945888251,"[True, True, True, True, True, True, True, True, True, True, True, False, True, False, True, True, True, True, False, True, True, False, True, False, False, False, True, False, True, True, False, False, True, False, False, True, True, False, False, True]"
4,0.9732486484046238,"[True, True, True, True, True, True, True, True, False, True, False, False, True, True, True, False, True, False, False, False, True, False, False, True, False, False, False, False, True, True, True, False, True, True, True, False, True, False, True, False]"
4,0.0544913440665702,"[True, False, True, True, True, True, True, True, False, True, False, True, True, True, True, False, True, False, False, True, False, True, True, True, False, True, True, False, True, False, False, True, True, False, False, False, True, True, False, False]"
4,0.956159854172973,"[True, True, True, True, True, True, True, False, True, True, False, True, True, False, True, False, True, True, False, True, True, False, True, True, True, True, False, False, True, False, True, True, True, True, False, False, False, True, False, True]"
4,0.9944980689842867,"[True, True, True, True, True, True, True, True, True, True, False, True, True, False, True, True, True, True, False, True, True, False, True, False, False, True, False, True, True, False, True, True, True, False, False, False, False, True, False, True]"
4,0.9988742458785753,"[True, True, True, True, True, True, True, True, True, True, True, True, True, False, False, False, True, False, False, True, True, True, True, False, False, True, False, True, False, True, True, True, False, False, True, False, True, False, True, True]"
4,0.7133865736229076,"[True, True, True, True, False, True, True, True, False, True, True, True, True, True, True, True, True, False, False, True, True, False, False, True, False, True, True, True, True, True, False, False, False, True, True, False, True, False, True, False]"
4,0.05059126308017734,"[True, False, True, True, True, True, False, True, True, True, True, True, False, True, False, False, False, False, False, True, True, True, True, False, True, True, False, False, True, True, True, True, False, False, True, False, True, True, False, True]"
4,0.9586535509298656,"[True, True, True, True, True, True, True, False, True, True, True, False, True, False, True, True, True, True, False, True, True, False, True, False, True, False, True, False, True, True, False, False, True, False, False, True, True, False, False, True]"
4,0.9614109392190691,"[True, True, True, True, True, True, True, False, True, True, True, True, True, True, True, False, True, False, False, True, True, False, False, True, True, True, False, False, True, False, False, True, False, False, True, False, False, True, False, False]"
4,0.9561413204823096,"[True, True, True, True, True, True, True, False, True, True, False, True, True, False, True, False, True, False, True, True, True, False, True, True, False, True, True, False, True, False, True, True, True, True, False, False, True, True, False, True]"
4,0.9192608690377937,"[True, True, True, True, True, True, False, True, True, True, False, True, True, False, True, False, True, False, False, True, True, False, False, True, False, True, False, False, True, False, True, True, True, False, False, False, True, True, False, False]"
4,0.9598685035568526,"[True, True, True, True, True, True, True, False, True, True, True, True, False, True, False, False, False, False, False, True, True, True, True, False, True, True, False, False, False, True, True, False, False, False, True, False, True, True, False, True]"
4,0.976827974473744,"[True, True, True, True, True, True, True, True, False, True, True, False, False, True, True, False, True, False, False, False, True, False, False, False, False, True, False, True, True, True, False, False, True, True, True, True, False, False, True, False]"
4,0.8902864858986743,"[True, True, True, True, True, True, False, True, False, False, False, False, True, False, True, False, True, True, False, False, True, True, False, True, False, False, True, False, True, True, True, True, True, False, False, False, True, True, True, False]"
4,0.940411380043804,"[True, True, True, True, True, True, True, False, False, True, True, False, True, True, True, False, True, False, False, True, True, False, False, False, False, True, False, True, True, True, False, False, True, True, True, True, True, False, True, False]"
4,0.9982646755020925,"[True, True, True, True, True, True, True, True, True, True, True, True, False, True, False, False, True, False, False, True, True, True, True, False, False, True, False, True, False, True, False, True, False, False, True, False, False, True, False, True]"
4,0.9720675430806405,"[True, True, True, True, True, True, True, True, False, True, False, False, False, True, True, False, True, False, False, True, True, False, False, True, False, True, True, False, True, True, False, True, True, True, True, False, True, False, True, False]"
4,0.9590561265048498,"[True, True, True, True, True, True, True, False, True, True, True, False, True, True, True, False, True, False, False, True, True, False, False, False, False, False, False, True, True, True, False, False, True, True, True, False, True, False, True, False]"
4,0.7237282197941862,"[True, True, True, True, False, True, True, True, True, True, False, True, True, False, True, False, True, True, False, True, True, False, True, False, True, True, True, True, True, False, True, True, True, False, False, False, True, True, True, True]"
4,0.05296502808138533,"[True, False, True, True, True, True, True, False, True, True, False, True, False, False, True, True, True, False, False, True, True, False, True, True, False, True, False, False, True, False, True, True, True, True, False, False, True, True, False, True]"
4,0.0558779395451987,"[True, False, True, True, True, True, True, True, True, True, False, True, True, False, False, True, True, True, False, True, True, False, False, True, False, True, False, False, True, False, True, True, True, False, False, False, True, False, False, True]"
4,0.0008247013730439179,"[False, True, True, True, True, True, False, True, True, True, False, True, True, False, True, False, True, True, False, True, False, False, False, True, False, True, True, False, False, False, True, False, True, False, True, False, True, True, False, True]"
4,0.9720673882096329,"[True, True, True, True, True, True, True, True, False, True, False, False, False, True, True, False, True, False, False, True, True, False, False, True, False, False, True, False, True, False, False, True, True, False, True, False, True, True, True, False]"
4,0.022099286658113622,"[True, False, True, False, True, True, True, False, True, True, False, True, True, False, True, False, True, True, False, True, True, False, True, False, False, True, False, False, True, False, True, True, True, True, False, False, True, True, True, True]"
4,0.9912786983818389,"[True, True, True, True, True, True, True, True, True, True, False, False, False, True, True, False, True, False, False, True, True, True, True, False, False, True, False, True, False, True, True, True, False, False, True, False, True, False, False, True]"
4,0.9789320941488943,"[True, True, True, True, True, True, True, True, False, True, True, True, False, True, False, False, True, False, False, True, True, False, True, False, False, True, False, False, False, True, True, True, False, False, True, False, True, True, False, True]"
4,0.9237977149999449,"[True, True, True, True, True, True, False, True, True, True, True, True, True, False, True, False, True, False, False, True, True, False, False, True, True, True, False, False, True, False, True, True, True, False, False, False, True, True, False, False]"
4,0.9933246528054525,"[True, True, True, True, True, True, True, True, True, True, False, True, False, True, False, False, False, False, False, True, True, True, True, False, True, True, False, True, False, True, True, True, False, True, False, False, True, True, False, True]"
4,0.8842313889019355,"[True, True, True, True, True, True, False, False, True, True, False, True, True, True, True, False, True, False, False, True, True, False, True, True, True, False, True, False, True, True, True, False, True, True, False, False, True, False, False, False]"
4,0.9798254727338014,"[True, True, True, True, True, True, True, True, False, True, True, True, True, False, True, False, True, False, False, True, False, False, False, True, False, True, True, True, True, True, False, True, True, True, True, False, True, False, False, False]"
4,0.960821127256002,"[True, True, True, True, True, True, True, False, True, True, True, True, True, False, True, False, True, False, False, True, True, False, False, False, False, True, False, False, True, False, False, True, False, True, True, False, False, True, False, True]"
4,0.998264643901113,"[True, True, True, True, True, True, True, True, True, True, True, True, False, True, False, False, True, False, False, True, True, True, True, False, False, True, False, False, False, True, True, True, True, False, False, False, True, True, False, True]"
4,0.9566912350871616,"[True, True, True, True, True, True, True, False, True, True, False, True, True, True, True, False, False, True, True, True, True, False, True, True, True, True, False, False, False, True, True, True, False, True, False, False, True, True, False, True]"
4,0.918412213426996,"[True, True, True, True, True, True, False, True, True, True, False, True, False, True, False, False, True, False, False, True, True, False, False, False, True, True, False, False, False, True, True, True, True, False, False, False, True, True, False, True]"
4,0.9567459453824882,"[True, True, True, True, True, True, True, False, True, True, False, True, True, True, True, False, True, True, False, True, True, False, True, True, False, True, False, False, True, False, True, True, True, True, False, False, True, False, True, True]"
4,0.9732576632566491,"[True, True, True, True, True, True, True, True, False, True, False, False, True, True, True, False, True, False, False, True, True, False, False, False, True, False, False, False, True, True, True, False, False, True, True, False, False, True, True, False]"
4,0.04295647173268115,"[True, False, True, True, True, False, True, False, True, True, False, True, True, True, True, True, False, False, False, True, False, False, True, True, True, False, True, False, True, True, True, True, True, False, False, True, True, False, False, False]"
4,0.9955612960896382,"[True, True, True, True, True, True, True, True, True, True, True, False, False, False, True, False, True, True, False, True, True, False, True, False, False, False, True, False, True, True, False, False, True, False, False, False, True, True, False, True]"
4,0.7847477803650643,"[True, True, True, True, True, False, False, True, True, True, False, True, True, True, True, False, True, False, False, False, True, True, False, True, False, True, False, False, False, False, True, True, True, False, False, False, True, True, False, False]"
4,0.9798557617135056,"[True, True, True, True, True, True, True, True, False, True, True, True, True, False, True, False, True, True, False, False, False, True, False, True, False, False, True, True, True, True, True, True, True, False, False, True, False, False, False, False]"
4,0.7132756245295286,"[True, True, True, True, False, True, True, True, False, True, True, True, True, True, True, False, True, False, False, True, True, True, False, True, False, False, True, True, False, True, False, False, True, True, True, False, True, False, True, False]"
4,0.9560125227795436,"[True, True, True, True, True, True, True, False, True, True, False, True, True, False, False, True, True, True, False, True, True, False, True, False, False, True, True, False, True, False, True, True, True, False, False, False, True, False, True, True]"
4,0.9516254589924762,"[True, True, True, True, True, True, True, False, True, False, True, True, True, False, True, True, True, True, False, True, True, False, True, False, False, False, True, False, True, True, False, False, True, False, False, True, False, False, False, True]"
4,0.9732946290577045,"[True, True, True, True, True, True, True, True, False, True, False, False, True, True, True, False, True, True, False, True, True, False, False, False, False, False, False, True, True, False, True, False, True, True, True, False, False, True, True, False]"
4,0.9975795977801415,"[True, True, True, True, True, True, True, True, True, True, True, True, False, False, False, False, False, False, False, True, True, True, True, False, True, True, False, False, True, True, True, True, False, False, True, False, True, False, False, False]"
4,0.9969299482101233,"[True, True, True, True, True, True, True, True, True, True, True, False, True, False, True, True, True, True, False, True, True, False, True, False, False, False, True, False, True, True, False, True, True, False, False, True, True, False, False, True]"
4,0.9567462311668028,"[True, True, True, True, True, True, True, False, True, True, False, True, True, True, True, False, True, True, False, True, True, False, True, True, True, True, False, False, True, False, True, True, True, False, False, False, False, True, False, True]"
4,0.5212133144312998,"[True, True, True, False, True, True, True, True, True, True, False, True, True, False, False, True, True, True, False, True, True, False, True, False, False, True, True, True, True, False, True, True, True, False, False, False, True, True, False, True]"
4,0.954951507668544,"[True, True, True, True, True, True, True, False, True, True, False, True, False, False, True, False, True, False, False, True, True, False, True, True, True, True, False, True, True, False, True, True, True, True, False, False, True, True, False, True]"
4,0.9982644942414289,"[True, True, True, True, True, True, True, True, True, True, True, True, False, True, False, False, True, False, False, True, True, True, True, False, False, False, False, False, False, True, True, True, False, False, True, False, True, True, False, False]"
4,0.9611156054377398,"[True, True, True, True, True, True, True, False, True, True, True, True, True, True, False, False, True, False, False, True, True, False, False, False, False, True, False, True, True, True, False, False, True, True, True, True, True, False, True, False]"
4,0.9354073678910861,"[True, True, True, True, True, True, True, False, False, True, False, False, True, False, True, True, True, True, False, True, True, False, True, False, False, True, True, False, True, False, True, True, True, False, False, False, True, True, True, True]"
4,0.8749206187329057,"[True, True, True, True, True, True, False, False, True, False, False, True, True, False, True, False, False, False, False, True, True, True, True, False, False, True, True, False, True, False, False, True, True, False, False, False, False, True, False, True]"
4,0.9804294314266429,"[True, True, True, True, True, True, True, True, False, True, True, True, True, True, True, False, True, False, False, True, True, False, False, True, False, False, True, True, True, True, False, False, True, True, True, False, True, False, True, False]"
4,0.9018706950386348,"[True, True, True, True, True, True, False, True, False, True, False, True, True, True, True, False, True, False, False, True, True, False, False, True, True, True, False, False, True, False, False, True, True, False, False, False, True, True, False, False]"
4,0.5200041714801449,"[True, True, True, False, True, True, True, True, True, True, False, False, True, False, True, True, True, False, False, True, True, False, False, False, False, False, False, True, True, False, True, True, True, False, True, True, True, False, True, False]"
4,0.9566363323822238,"[True, True, True, True, True, True, True, False, True, True, False, True, True, True, True, False, False, False, False, True, True, False, True, True, True, True, True, False, True, False, True, True, True, False, False, False, True, True, False, False]"
4,0.9983411180007831,"[True, True, True, True, True, True, True, True, True, True, True, True, False, True, False, True, False, False, False, True, True, True, True, False, True, True, False, False, False, True, True, True, False, False, True, False, True, True, False, True]"
4,0.9949098367765786,"[True, True, True, True, True, True, True, True, True, True, False, True, True, True, True, False, True, False, False, True, False, False, False, False, False, True, True, True, True, True, True, True, True, False, True, False, True, False, True, False]"
4,0.9358015982372028,"[True, True, True, True, True, True, True, False, False, True, False, False, True, True, True, False, True, False, False, True, True, False, False, False, True, False, True, False, True, False, False, True, True, False, False, False, True, True, False, False]"
4,0.24957120225218832,"[True, True, False, True, True, True, True, False, True, True, False, True, False, False, True, False, True, False, False, True, True, False, True, True, True, True, False, False, True, False, True, True, True, True, False, False, True, True, False, True]"
4,0.23894057234396832,"[True, True, False, True, True, True, False, True, True, True, False, True, True, False, True, False, True, True, False, True, True, False, False, False, False, True, True, False, False, False, True, False, True, False, False, True, True, True, False, True]"
4,0.9780331966327543,"[True, True, True, True, True, True, True, True, False, True, True, False, True, True, True, False, True, False, False, True, True, False, False, False, False, True, False, True, True, True, False, False, True, True, True, True, True, False, True, False]"
4,0.973257411646824,"[True, True, True, True, True, True, True, True, False, True, False, False, True, True, True, False, True, False, False, True, True, False, False, False, False, False, False, True, True, True, True, True, True, False, True, False, True, False, True, False]"
4,0.9564111333872025,"[True, True, True, True, True, True, True, False, True, True, False, True, True, True, False, False, True, False, False, True, False, False, True, False, True, False, True, False, True, True, False, True, True, False, False, False, True, False, False, False]"
4,0.9982646429839582,"[True, True, True, True, True, True, True, True, True, True, True, True, False, True, False, False, True, False, False, True, True, True, True, False, False, True, False, False, False, True, True, True, False, False, True, False, True, False, False, False]"
4,0.8025991592985104,"[True, True, True, True, True, False, True, False, False, True, True, False, True, True, True, False, True, False, False, True, True, False, False, False, False, False, False, False, True, True, True, True, True, False, True, False, True, True, True, False]"
4,0.23965704565902418,"[True, True, False, True, True, True, False, True, True, True, True, False, True, False, True, True, True, True, False, True, True, False, True, False, False, False, True, True, True, True, False, False, True, True, False, True, True, False, False, True]"
4,0.9949142330718758,"[True, True, True, True, True, True, True, True, True, True, False, True, True, True, True, False, True, False, False, True, False, True, True, True, True, True, True, False, True, False, False, False, True, False, False, False, True, True, False, False]"
4,0.9851533367590701,"[True, True, True, True, True, True, True, True, True, False, False, True, True, True, True, False, False, False, False, False, True, False, True, True, False, True, True, False, True, True, True, True, True, False, True, True, True, True, False, False]"
4,0.24522976523420736,"[True, True, False, True, True, True, True, False, False, True, True, False, True, True, True, False, True, False, False, True, True, False, False, False, False, False, False, True, True, True, False, False, True, True, True, True, True, False, True, False]"
4,0.9982602145423815,"[True, True, True, True, True, True, True, True, True, True, True, True, False, True, False, False, True, False, False, True, False, True, True, False, True, True, False, True, False, True, True, False, False, False, True, False, True, True, False, True]"
4,0.9400159960414922,"[True, True, True, True, True, True, True, False, False, True, True, False, True, False, True, True, True, True, False, True, True, False, True, True, False, False, True, False, True, True, False, False, True, False, False, True, True, False, False, True]"
4,0.9941131808845411,"[True, True, True, True, True, True, True, True, True, True, False, True, True, False, False, True, False, True, False, True, False, False, False, True, False, True, False, False, True, False, True, True, True, False, False, False, True, False, False, True]"
4,0.0008084042165565733,"[False, True, True, True, True, True, False, True, True, False, False, True, True, False, True, False, True, False, False, True, False, False, True, True, False, True, True, True, False, True, True, False, True, False, True, True, True, True, True, True]"
4,0.8985395882458673,"[True, True, True, True, True, True, False, True, False, True, False, False, False, True, True, False, True, False, False, True, True, False, True, False, False, True, True, True, True, True, False, True, False, True, True, False, True, True, True, False]"
4,0.0008247104027512235,"[False, True, True, True, True, True, False, True, True, True, False, True, True, False, True, False, True, True, False, True, True, False, True, False, False, True, True, False, True, False, True, False, True, False, False, False, True, True, False, True]"
4,0.9982646430293619,"[True, True, True, True, True, True, True, True, True, True, True, True, False, True, False, False, True, False, False, True, True, True, True, False, False, True, False, False, False, True, True, True, False, False, True, False, True, True, False, True]"
4,0.9943436112478031,"[True, True, True, True, True, True, True, True, True, True, False, True, True, False, True, False, True, True, False, True, False, True, False, True, True, True, True, False, True, False, False, True, True, False, False, False, True, True, False, False]"
4,0.8166015031152403,"[True, True, True, True, True, False, True, False, True, True, False, True, True, True, False, True, True, False, False, True, False, False, True, True, False, False, False, False, True, False, True, True, True, False, True, False, True, False, False, True]"
4,0.2570192704561097,"[True, True, False, True, True, True, True, True, False, True, True, True, True, False, True, False, True, False, False, True, True, False, False, True, False, True, True, True, True, True, False, True, True, True, True, False, True, False, True, False]"
4,0.9732969666940264,"[True, True, True, True, True, True, True, True, False, True, False, False, True, True, True, False, True, True, False, True, True, True, False, False, False, False, False, True, True, True, True, True, True, False, True, False, True, False, True, False]"
4,0.8985303269344119,"[True, True, True, True, True, True, False, True, False, True, False, False, False, True, True, False, True, False, False, False, True, False, False, True, False, True, True, False, False, False, False, True, True, False, True, False, True, False, True, False]"
4,0.9107305267494709,"[True, True, True, True, True, True, False, True, True, False, False, True, True, True, True, False, False, False, False, False, True, False, True, False, False, True, True, False, True, True, True, False, True, False, True, True, True, True, False, False]"
4,0.9780333449862759,"[True, True, True, True, True, True, True, True, False, True, True, False, True, True, True, False, True, False, False, True, True, False, False, False, True, False, False, True, True, True, False, True, True, True, True, True, True, False, True, True]"
4,0.9643879111426276,"[True, True, True, True, True, True, True, True, False, False, False, True, False, False, True, False, True, True, False, False, True, False, False, True, False, False, True, False, True, True, True, True, True, False, False, True, False, True, True, False]"
4,0.97325798848205,"[True, True, True, True, True, True, True, True, False, True, False, False, True, True, True, False, True, False, False, True, True, False, False, True, False, False, False, True, True, True, False, True, True, False, False, False, True, False, False, False]"
4,0.9780334884009398,"[True, True, True, True, True, True, True, True, False, True, True, False, True, True, True, False, True, False, False, True, True, False, False, False, True, True, False, True, True, True, False, False, True, True, False, True, False, False, True, False]"
4,0.9970471475637398,"[True, True, True, True, True, True, True, True, True, True, True, False, True, True, False, False, True, False, False, True, True, True, True, True, False, True, False, True, False, True, True, True, False, False, True, False, True, False, False, False]"
4,0.9792584919081155,"[True, True, True, True, True, True, True, True, False, True, True, True, False, True, True, False, True, True, False, False, True, False, False, False, False, True, True, False, False, True, False, False, True, True, True, False, True, False, True, False]"
4,0.9982632017350705,"[True, True, True, True, True, True, True, True, True, True, True, True, False, True, False, False, True, False, False, True, True, False, True, True, True, True, False, True, True, False, True, True, False, False, True, False, True, True, False, True]"
4,0.9191520129735102,"[True, True, True, True, True, True, False, True, True, True, False, True, True, False, False, True, True, True, False, True, False, True, False, False, False, True, False, False, False, True, True, True, True, False, False, False, True, False, False, True]"
step,fitness,genome
5,0.9933910108034125,"[True, True, True, True, True, True, True, True, True, True, False, True, False, True, False, False, True, False, False, False, True, True, True, False, True, True, False, True, False, True, True, True, False, True, False, False, True, True, False, True]"
5,0.9949097579769097,"[True, True, True, True, True, True, True, True, True, True, False, True, True, True, True, False, True, False, False, True, False, False, False, False, False, True, False, True, True, True, False, True, True, False, True, False, True, False, True, False]"
5,0.9896900688270854,"[True, True, True, True, True, True, True, True, True, False, True, True, True, True, False, False, False, False, False, True, True, True, True, False, False, False, False, False, False, True, True, True, False, False, True, False, True, True, False, False]"
5,0.9982632017350705,"[True, True, True, True, True, True, True, True, True, True, True, True, False, True, False, False, True, False, False, True, True, False, True, True, True, True, False, True, True, False, True, True, False, False, True, False, True, True, False, True]"
5,0.8530878483520044,"[True, True, True, True, True, False, True, True, True, True, True, True, False, True, True, False, True, True, True, False, True, False, False, False, True, True, True, False, False, True, False, False, True, True, False, False, True, False, True, False]"
5,0.9749305925993842,"[True, True, True, True, True, True, True, True, False, True, False, True, True, False, False, True, True, True, False, True, False, False, True, False, False, True, False, True, True, False, True, True, True, False, False, False, True, True, True, True]"
5,0.9988742458785753,"[True, True, True, True, True, True, True, True, True, True, True, True, True, False, False, False, True, False, False, True, True, True, True, False, False, True, False, True, False, True, True, True, False, False, True, False, True, False, True, True]"
5,0.9798254727338014,"[True, True, True, True, True, True, True, True, False, True, True, True, True, False, True, False, True, False, False, True, False, False, False, True, False, True, True, True, True, True, False, True, True, True, True, False, True, False, False, False]"
5,0.9976935130180224,"[True, True, True, True, True, True, True, True, True, True, True, True, False, False, False, False, True, True, False, True, True, True, True, False, False, True, False, True, False, True, False, True, True, False, True, False, True, True, True, True]"
5,0.9982646801877552,"[True, True, True, True, True, True, True, True, True, True, True, True, False, True, False, False, True, False, False, True, True, True, True, False, False, True, False, True, False, True, True, True, False, False, True, False, True, False, False, True]"
5,0.7266688049423122,"[True, True, True, True, False, True, True, True, True, True, True, True, False, True, False, False, True, False, False, True, False, True, True, False, True, True, False, True, False, False, True, False, False, False, True, True, True, True, False, True]"
5,0.9943483553481041,"[True, True, True, True, True, True, True, True, True, True, False, True, True, False, True, False, True, True, False, True, True, True, False, True, True, True, True, False, True, False, False, True, True, False, False, False, True, True, False, False]"
5,0.9968538653920769,"[True, True, True, True, True, True, True, True, True, True, True, False, True, False, True, True, False, True, False, True, True, False, True, False, False, False, True, False, True, True, False, False, True, False, False, True, True, False, False, True]"
5,0.9982630528111199,"[True, True, True, True, True, True, True, True, True, True, True, True, False, True, False, False, True, False, False, True, True, False, True, True, True, False, False, True, True, False, True, True, False, False, False, True, True, True, False, True]"
5,0.05586332418190123,"[True, False, True, True, True, True, True, True, True, True, False, True, True, False, False, False, True, False, False, True, False, False, False, False, False, True, True, False, False, True, False, True, False, False, False, False, True, True, True, False]"
5,0.9887837649845963,"[True, True, True, True, True, True, True, True, True, False, True, True, False, True, True, False, False, False, False, True, True, True, True, False, True, False, False, True, True, True, True, True, False, False, False, False, True, False, False, False]"
5,0.9983408111232654,"[True, True, True, True, True, True, True, True, True, True, True, True, False, True, False, True, False, False, False, True, True, True, True, False, False, True, False, False, False, False, True, True, False, False, True, False, True, True, False, True]"
5,0.26255388583463946,"[True, True, False, True, True, True, True, True, True, True, True, True, False, True, False, False, True, False, False, True, True, True, True, False, False, True, False, False, False, True, True, True, False, False, True, True, True, True, False, True]"
5,0.9908599210062496,"[True, True, True, True, True, True, True, True, True, True, False, False, False, False, True, True, True, True, False, True, True, False, True, False, False, False, False, False, True, True, False, True, True, False, False, True, True, False, False, True]"
5,0.9789320119208552,"[True, True, True, True, True, True, True, True, False, True, True, True, False, True, False, False, True, False, False, True, True, False, True, False, False, False, True, False, False, False, True, True, False, False, True, False, True, True, False, True]"
5,0.9961337059810885,"[True, True, True, True, True, True, True, True, True, True, True, False, False, True, True, False, True, False, False, True, True, True, True, False, False, False, False, True, True, True, True, True, False, False, True, False, True, False, True, True]"
5,0.5108447564395222,"[True, True, True, False, True, True, True, True, False, True, False, True, True, True, True, False, True, False, False, True, True, False, False, True, False, False, True, True, True, True, False, False, True, True, True, False, True, False, False, True]"
5,0.5095329182033668,"[True, True, True, False, True, True, True, True, False, True, False, False, True, True, True, False, True, True, False, True, True, False, False, False, False, False, False, True, True, False, True, False, True, True, True, False, False, True, True, False]"
5,0.994113181174037,"[True, True, True, True, True, True, True, True, True, True, False, True, True, False, False, True, False, True, False, True, False, False, False, True, False, True, False, False, True, False, True, True, True, False, True, False, True, False, False, True]"
5,0.0561825377777267,"[True, False, True, True, True, True, True, True, True, True, True, True, False, True, False, False, True, False, False, False, True, True, True, False, False, True, False, True, False, True, False, True, False, False, True, False, False, True, False, True]"
5,0.9851533367590701,"[True, True, True, True, True, True, True, True, True, False, False, True, True, True, True, False, False, False, False, False, True, False, True, True, False, True, True, False, True, True, True, True, True, False, True, True, True, True, False, False]"
5,0.8530493826386315,"[True, True, True, True, True, False, True, True, True, True, True, True, False, True, True, False, True, False, False, True, True, True, True, False, False, True, True, False, True, True, True, True, True, False, True, False, True, True, True, True]"
5,0.9954092554075966,"[True, True, True, True, True, True, True, True, True, True, True, False, False, False, False, True, True, True, False, True, True, False, True, False, False, False, False, False, True, True, False, True, False, False, False, True, True, False, False, True]"
5,0.9982646383800224,"[True, True, True, True, True, True, True, True, True, True, True, True, False, True, False, False, True, False, False, True, True, True, True, False, False, True, False, False, False, True, False, True, False, False, True, False, True, True, False, True]"
5,0.9944981413834796,"[True, True, True, True, True, True, True, True, True, True, False, True, True, False, True, True, True, True, False, True, True, False, True, False, False, True, True, True, True, False, True, False, True, True, False, False, False, True, False, True]"
5,0.8491821830599552,"[True, True, True, True, True, False, True, True, True, True, False, True, True, False, False, True, False, True, False, True, False, False, False, True, False, True, False, False, True, False, True, True, True, False, False, False, True, False, False, True]"
5,0.9555386382507345,"[True, True, True, True, True, True, True, False, True, True, False, True, False, True, True, False, True, False, False, True, True, True, True, False, False, True, False, True, False, True, True, True, False, False, True, False, True, False, False, True]"
5,0.5162028372168651,"[True, True, True, False, True, True, True, True, True, False, False, True, True, True, True, False, True, False, False, True, False, False, False, True, True, True, True, True, True, True, True, True, True, False, True, False, True, False, True, True]"
5,0.2582548848231168,"[True, True, False, True, True, True, True, True, True, False, False, True, False, True, True, False, False, False, False, False, True, False, True, True, False, True, False, False, True, False, True, True, True, False, True, True, True, True, False, False]"
5,0.9989108755194801,"[True, True, True, True, True, True, True, True, True, True, True, True, True, False, False, False, True, True, False, True, True, False, True, True, True, True, False, True, True, False, True, True, False, False, True, False, True, True, False, True]"
5,0.726671056569722,"[True, True, True, True, False, True, True, True, True, True, True, True, False, True, False, False, True, False, False, True, True, False, True, True, True, True, False, True, True, False, True, True, False, False, True, True, True, True, False, True]"
5,0.99887420395701,"[True, True, True, True, True, True, True, True, True, True, True, True, True, False, False, False, True, False, False, True, True, True, True, False, False, True, False, False, False, True, False, True, False, False, True, False, False, True, False, True]"
5,0.9982646754930118,"[True, True, True, True, True, True, True, True, True, True, True, True, False, True, False, False, True, False, False, True, True, True, True, False, False, True, False, True, False, True, False, True, False, False, True, False, False, True, False, False]"
5,0.9780331960621982,"[True, True, True, True, True, True, True, True, False, True, True, False, True, True, True, False, True, False, False, True, True, False, False, False, False, True, False, True, True, True, False, False, True, False, True, True, True, False, True, False]"
5,0.519582845607569,"[True, True, True, False, True, True, True, True, True, True, False, False, False, True, True, False, True, False, False, True, True, True, True, False, False, True, False, True, False, True, True, True, False, False, True, False, True, False, False, True]"
5,0.9611123714920892,"[True, True, True, True, True, True, True, False, True, True, True, True, True, True, False, False, True, False, False, True, False, False, True, False, True, False, True, True, True, True, False, True, True, False, False, False, True, False, False, False]"
5,0.7248702616213234,"[True, True, True, True, False, True, True, True, True, True, True, False, False, True, False, False, True, True, False, True, True, True, False, False, False, True, False, True, True, True, True, True, False, True, True, True, True, False, False, False]"
5,0.851628559505115,"[True, True, True, True, True, False, True, True, True, True, True, False, True, False, True, True, True, True, False, True, True, True, True, False, False, False, False, False, True, True, False, True, True, False, False, True, True, False, False, True]"
5,0.9937035613966986,"[True, True, True, True, True, True, True, True, True, True, False, True, False, True, True, False, True, False, False, True, True, True, True, False, False, True, False, False, False, True, True, True, False, False, True, False, True, False, False, False]"
5,0.9924868013903189,"[True, True, True, True, True, True, True, True, True, True, False, False, True, True, True, False, True, False, False, True, True, False, False, False, False, False, False, True, True, True, True, True, True, False, True, False, False, False, True, False]"
5,0.2514148420813197,"[True, True, False, True, True, True, True, False, True, True, True, True, True, True, False, False, True, False, False, True, True, False, True, True, True, False, False, True, True, False, True, True, False, False, True, False, True, True, True, True]"
5,0.972702618764063,"[True, True, True, True, True, True, True, True, False, True, False, False, True, False, True, False, True, True, False, True, True, True, True, False, False, False, False, True, True, False, True, False, True, False, True, False, True, False, True, True]"
5,0.9951043870527513,"[True, True, True, True, True, True, True, True, True, True, False, True, True, True, True, True, True, True, False, True, True, False, False, False, False, True, False, True, True, True, True, True, True, False, True, False, False, True, False, False]"
5,0.998264494168783,"[True, True, True, True, True, True, True, True, True, True, True, True, False, True, False, False, True, False, False, True, True, True, True, False, False, False, False, False, False, True, True, True, False, False, True, False, False, True, False, False]"
5,0.9789344330823857,"[True, True, True, True, True, True, True, True, False, True, True, True, False, True, False, False, True, False, False, True, True, True, True, False, False, True, False, False, False, True, True, True, False, False, True, False, True, True, False, True]"
5,0.9949098367765786,"[True, True, True, True, True, True, True, True, True, True, False, True, True, True, True, False, True, False, False, True, False, False, False, False, False, True, True, True, True, True, True, True, True, False, True, False, True, False, True, False]"
5,0.9660543058630726,"[True, True, True, True, True, True, True, True, False, False, False, True, True, True, True, False, False, False, False, False, True, True, True, True, False, True, True, False, True, True, True, True, False, False, True, True, True, True, False, False]"
5,0.9982646348839371,"[True, True, True, True, True, True, True, True, True, True, True, True, False, True, False, False, True, False, False, True, True, True, True, False, False, True, False, False, False, False, True, True, True, False, True, False, True, True, False, False]"
5,0.9217043526344884,"[True, True, True, True, True, True, False, True, True, True, True, False, True, False, True, True, True, True, False, True, True, False, True, False, False, False, True, False, True, True, False, False, True, False, False, True, True, False, False, True]"
5,0.9404116616912301,"[True, True, True, True, True, True, True, False, False, True, True, False, True, True, True, False, True, False, False, True, True, False, False, False, True, True, False, True, True, True, False, False, True, True, False, True, False, False, True, False]"
5,0.976827965363876,"[True, True, True, True, True, True, True, True, False, True, True, False, False, True, True, False, True, False, False, False, True, False, False, False, False, True, False, True, True, False, False, False, True, True, True, True, False, False, True, True]"
5,0.9138980838834218,"[True, True, True, True, True, True, False, True, True, False, True, True, False, True, False, False, True, False, False, True, False, True, True, False, False, True, False, False, False, True, True, True, False, False, True, False, True, False, False, False]"
5,0.980130286250635,"[True, True, True, True, True, True, True, True, False, True, True, True, True, True, False, False, True, False, False, True, True, False, True, False, False, True, False, False, False, True, True, True, False, False, True, False, True, True, False, True]"
5,0.9981873185921655,"[True, True, True, True, True, True, True, True, True, True, True, True, False, True, False, False, False, False, False, True, True, True, False, False, False, True, False, True, False, True, True, True, False, True, True, True, True, False, False, False]"
5,0.991051914445381,"[True, True, True, True, True, True, True, True, True, True, False, False, False, True, False, True, False, False, False, True, True, True, True, False, True, True, False, False, True, True, True, True, False, False, True, False, True, True, False, False]"
5,0.9057691355291507,"[True, True, True, True, True, True, False, True, False, True, True, True, True, False, True, False, True, False, False, True, False, True, False, True, False, True, True, True, True, True, False, True, True, True, True, False, True, False, False, False]"
5,0.9567462311668028,"[True, True, True, True, True, True, True, False, True, True, False, True, True, True, True, False, True, True, False, True, True, False, True, True, True, True, False, False, True, False, True, True, True, False, False, False, False, True, False, True]"
5,0.9804308975589586,"[True, True, True, True, True, True, True, True, False, True, True, True, True, True, True, False, True, False, False, True, True, False, True, True, True, False, True, True, True, True, False, True, True, True, True, False, True, False, True, False]"
5,0.9798266431604095,"[True, True, True, True, True, True, True, True, False, True, True, True, True, False, True, False, True, False, False, True, False, False, True, True, False, True, True, True, True, True, False, True, True, True, True, False, True, False, False, False]"
5,0.9982644948225963,"[True, True, True, True, True, True, True, True, True, True, True, True, False, True, False, False, True, False, False, True, True, True, True, False, False, False, False, False, False, True, True, True, False, True, True, False, True, True, False, False]"
5,0.0009733249060728411,"[False, True, True, True, True, True, True, True, True, True, True, True, False, True, False, True, False, False, False, True, True, True, True, False, True, True, False, False, False, True, False, True, False, False, True, False, True, True, False, True]"
5,0.9994841098170384,"[True, True, True, True, True, True, True, True, True, True, True, True, True, True, False, False, True, False, False, True, True, True, True, False, False, True, False, False, False, True, True, True, False, True, True, False, False, True, False, True]"
5,0.9982646985308529,"[True, True, True, True, True, True, True, True, True, True, True, True, False, True, False, False, True, False, False, True, True, True, True, False, False, True, False, True, True, True, True, True, False, False, False, False, True, True, False, True]"
5,0.9994841421072909,"[True, True, True, True, True, True, True, True, True, True, True, True, True, True, False, False, True, False, False, True, True, True, True, False, False, True, False, True, False, True, False, True, False, True, False, False, False, True, False, True]"
5,0.994189703432199,"[True, True, True, True, True, True, True, True, True, True, False, True, True, False, False, True, True, True, False, True, False, False, True, False, False, True, False, True, True, False, True, True, True, False, True, False, True, True, True, True]"
5,0.9981887637467846,"[True, True, True, True, True, True, True, True, True, True, True, True, False, True, False, False, False, False, False, True, True, True, True, False, True, True, False, False, False, True, False, True, False, False, True, False, True, True, False, False]"
5,0.9987217858710975,"[True, True, True, True, True, True, True, True, True, True, True, True, False, True, True, True, True, False, False, True, True, True, True, False, False, True, False, False, False, True, True, True, False, False, True, False, True, True, False, True]"
5,0.18233473921611373,"[True, True, False, True, False, True, True, True, True, True, True, False, True, True, True, True, True, True, False, True, True, False, True, False, False, False, True, False, False, True, False, True, False, False, False, True, True, False, False, False]"
5,0.26234657977758996,"[True, True, False, True, True, True, True, True, True, True, True, True, False, False, False, False, False, False, False, True, False, True, True, False, True, True, True, True, True, True, True, False, True, False, True, False, True, True, False, False]"
5,0.7266866660533154,"[True, True, True, True, False, True, True, True, True, True, True, True, False, True, False, False, True, False, True, True, True, True, True, False, True, True, False, False, False, False, True, True, False, False, True, False, True, True, False, True]"
5,0.9741534162496212,"[True, True, True, True, True, True, True, True, False, True, False, True, False, True, False, False, True, False, False, True, True, False, True, True, True, True, False, True, True, False, True, True, False, False, True, True, True, True, False, True]"
5,0.9949142336603407,"[True, True, True, True, True, True, True, True, True, True, False, True, True, True, True, False, True, False, False, True, False, True, True, True, True, True, True, False, True, False, False, False, True, True, False, False, True, True, False, True]"
5,0.971770124475125,"[True, True, True, True, True, True, True, True, False, True, False, False, False, True, False, False, True, False, False, True, True, False, False, True, False, True, True, True, True, True, False, False, True, False, True, False, True, True, True, False]"
5,0.9228771347054056,"[True, True, True, True, True, True, False, True, True, True, True, True, False, True, False, False, False, False, False, True, True, True, True, False, False, True, False, True, True, True, True, True, False, False, True, False, True, False, False, True]"
5,0.9805792845071742,"[True, True, True, True, True, True, True, True, False, True, True, True, True, True, True, True, True, False, False, True, True, False, False, True, False, False, True, False, False, True, False, False, True, True, True, False, True, True, True, False]"
5,0.9982646430293619,"[True, True, True, True, True, True, True, True, True, True, True, True, False, True, False, False, True, False, False, True, True, True, True, False, False, True, False, False, False, True, True, True, False, False, True, False, True, True, False, True]"
5,0.9969299464687191,"[True, True, True, True, True, True, True, True, True, True, True, False, True, False, True, True, True, True, False, True, True, False, True, False, False, False, True, False, True, True, False, False, True, True, False, True, True, False, False, True]"
5,0.9789344285141514,"[True, True, True, True, True, True, True, True, False, True, True, True, False, True, False, False, True, False, False, True, True, True, True, False, False, True, False, False, False, True, False, True, False, False, True, False, True, True, False, True]"
5,0.2501002650484513,"[True, True, False, True, True, True, True, False, True, True, False, True, True, True, True, False, True, False, True, True, False, False, False, False, False, True, True, True, True, True, True, True, True, False, True, False, True, False, True, False]"
5,0.9600154354930865,"[True, True, True, True, True, True, True, False, True, True, True, True, False, True, False, True, False, False, False, True, True, True, True, False, True, False, False, False, False, True, True, False, False, False, True, False, True, True, False, False]"
5,0.9768466520100776,"[True, True, True, True, True, True, True, True, False, True, True, False, False, True, True, False, True, False, True, False, True, False, False, False, False, True, False, True, True, True, False, True, True, True, True, False, False, False, False, True]"
5,0.05593194321758826,"[True, False, True, True, True, True, True, True, True, True, False, True, True, True, True, False, True, False, False, True, False, True, True, True, True, True, True, False, True, False, False, False, True, False, False, False, True, True, False, False]"
5,0.05608310150423978,"[True, False, True, True, True, True, True, True, True, True, True, False, True, False, True, True, True, True, False, True, True, False, True, False, False, False, False, False, True, True, False, True, True, False, False, True, True, False, False, True]"
5,0.9982644948407577,"[True, True, True, True, True, True, True, True, True, True, True, True, False, True, False, False, True, False, False, True, True, True, True, False, False, False, False, False, False, True, True, True, False, True, True, False, True, True, True, False]"
5,0.9981873371882269,"[True, True, True, True, True, True, True, True, True, True, True, True, False, True, False, False, False, False, False, True, True, True, False, False, False, True, False, True, True, True, True, True, False, True, True, True, True, False, False, False]"
5,0.9978433813003132,"[True, True, True, True, True, True, True, True, True, True, True, True, False, False, False, True, True, True, False, True, True, False, True, False, False, True, False, False, False, True, True, True, False, False, True, False, True, True, False, False]"
5,0.9981887683685656,"[True, True, True, True, True, True, True, True, True, True, True, True, False, True, False, False, False, False, False, True, True, True, True, False, True, True, False, False, False, True, True, True, False, False, True, False, True, False, False, True]"
5,0.9920714244702911,"[True, True, True, True, True, True, True, True, True, True, False, False, True, False, True, True, True, True, False, True, True, False, True, False, False, True, False, True, True, False, True, True, True, True, False, False, False, False, False, True]"
5,0.9804290669666975,"[True, True, True, True, True, True, True, True, False, True, True, True, True, True, True, False, True, False, False, True, True, False, False, False, True, False, False, True, True, True, False, True, True, False, False, True, False, False, True, False]"
5,0.9969710590177834,"[True, True, True, True, True, True, True, True, True, True, True, False, True, True, False, False, False, False, False, True, True, True, True, True, False, True, False, True, False, True, True, True, False, False, True, False, True, False, False, False]"
5,0.9780333084706786,"[True, True, True, True, True, True, True, True, False, True, True, False, True, True, True, False, True, False, False, True, True, False, False, False, True, False, False, False, True, True, False, True, True, True, True, True, True, False, True, True]"
5,0.9982646755020925,"[True, True, True, True, True, True, True, True, True, True, True, True, False, True, False, False, True, False, False, True, True, True, True, False, False, True, False, True, False, True, False, True, False, False, True, False, False, True, False, True]"
5,0.9979956204198974,"[True, True, True, True, True, True, True, True, True, True, True, True, False, False, True, False, True, True, False, True, True, False, True, False, False, False, True, False, True, True, False, False, False, False, False, False, True, True, False, True]"
5,0.9966262552945292,"[True, True, True, True, True, True, True, True, True, True, True, False, True, False, False, True, True, True, False, True, True, False, True, True, False, False, True, False, True, True, True, True, False, False, False, True, True, False, False, True]"
5,0.8367194125183637,"[True, True, True, True, True, False, True, True, False, True, True, True, True, False, True, False, False, False, False, True, False, False, False, False, False, True, True, True, True, True, False, True, True, True, True, False, True, False, False, False]"
step,fitness,genome
6,0.9983013641201333,"[True, True, True, True, True, True, True, True, True, True, True, True, False, True, False, False, True, True, False, True, True, False, True, True, True, True, True, True, True, False, True, True, False, False, True, False, True, True, False, True]"
6,0.0009731758415567564,"[False, True, True, True, True, True, True, True, True, True, True, True, False, True, False, False, True, False, False, True, True, True, True, False, False, True, False, True, False, True, False, True, False, False, True, False, True, False, False, True]"
6,0.9982646752841547,"[True, True, True, True, True, True, True, True, True, True, True, True, False, True, False, False, True, False, False, True, True, True, True, False, False, True, False, True, False, True, False, True, False, False, False, False, True, True, False, True]"
6,0.9994746328139493,"[True, True, True, True, True, True, True, True, True, True, True, True, True, True, False, False, True, False, False, False, True, True, True, False, False, True, False, True, True, True, True, True, False, False, True, False, False, True, False, True]"
6,0.9891612401352446,"[True, True, True, True, True, True, True, True, True, False, True, True, True, False, False, False, True, False, False, True, True, True, True, False, False, True, False, False, False, True, False, True, False, True, True, True, False, True, False, True]"
6,0.9994793731962471,"[True, True, True, True, True, True, True, True, True, True, True, True, True, True, False, False, True, False, False, True, False, True, True, False, False, True, False, True, False, True, False, False, False, False, False, True, False, True, False, True]"
6,0.9989108755194801,"[True, True, True, True, True, True, True, True, True, True, True, True, True, False, False, False, True, True, False, True, True, False, True, True, True, True, False, True, True, False, True, True, False, False, True, False, True, True, False, True]"
6,0.9994841421072909,"[True, True, True, True, True, True, True, True, True, True, True, True, True, True, False, False, True, False, False, True, True, True, True, False, False, True, False, True, False, True, False, True, False, True, False, False, False, True, False, True]"
6,0.9949142336603407,"[True, True, True, True, True, True, True, True, True, True, False, True, True, True, True, False, True, False, False, True, False, True, True, True, True, True, True, False, True, False, False, False, True, True, False, False, True, True, False, True]"
6,0.18249200470674976,"[True, True, False, True, False, True, True, True, True, True, True, True, False, True, False, False, True, False, False, True, True, True, True, False, False, True, False, False, False, False, True, True, True, False, True, False, True, True, False, False]"
6,0.5234897554073789,"[True, True, True, False, True, True, True, True, True, True, True, True, False, True, False, False, True, False, False, True, True, True, True, False, False, True, False, True, True, True, True, True, False, False, False, False, False, True, False, True]"
6,0.99887420395701,"[True, True, True, True, True, True, True, True, True, True, True, True, True, False, False, False, True, False, False, True, True, True, True, False, False, True, False, False, False, True, False, True, False, False, True, False, False, True, False, True]"
6,0.9944922104573239,"[True, True, True, True, True, True, True, True, True, True, False, True, True, False, True, True, True, True, False, True, False, False, False, False, False, True, True, True, True, False, True, False, True, True, False, False, False, True, False, True]"
6,0.9983396208112728,"[True, True, True, True, True, True, True, True, True, True, True, True, False, True, False, True, False, False, False, True, True, True, False, False, False, True, False, False, False, False, True, True, False, False, True, False, True, True, False, True]"
6,0.9198260753131604,"[True, True, True, True, True, True, False, True, True, True, False, True, True, True, True, False, True, False, False, True, False, True, True, True, True, True, True, False, True, False, False, False, True, True, False, False, True, True, False, False]"
6,0.9427241532042592,"[True, True, True, True, True, True, True, False, False, True, True, True, True, True, True, False, True, False, False, True, True, False, False, False, True, False, False, True, True, True, False, True, True, False, False, True, False, False, False, False]"
6,0.9944601828478147,"[True, True, True, True, True, True, True, True, True, True, False, True, True, False, True, True, True, False, False, True, True, False, True, False, False, True, True, True, True, False, True, False, False, True, False, False, False, True, False, True]"
6,0.9981885273368084,"[True, True, True, True, True, True, True, True, True, True, True, True, False, True, False, False, False, False, False, True, True, True, True, False, False, True, False, True, True, True, True, True, False, True, True, True, True, False, False, False]"
6,0.9982646382982958,"[True, True, True, True, True, True, True, True, True, True, True, True, False, True, False, False, True, False, False, True, True, True, True, False, False, True, False, False, False, True, False, True, False, False, True, False, False, True, False, False]"
6,0.9976934711682865,"[True, True, True, True, True, True, True, True, True, True, True, True, False, False, False, False, True, True, False, True, True, True, True, False, False, True, False, False, False, False, True, True, True, False, True, False, True, True, False, False]"
6,0.1253019706972745,"[True, True, False, False, True, True, True, True, True, True, True, True, True, True, False, False, True, False, False, True, True, True, True, False, False, True, False, True, True, True, True, True, False, False, False, False, True, True, False, True]"
6,0.9994793760689037,"[True, True, True, True, True, True, True, True, True, True, True, True, True, True, False, False, True, False, False, True, False, True, True, False, False, True, False, True, False, True, False, True, False, True, False, True, False, False, False, True]"
6,0.8506720355828715,"[True, True, True, True, True, False, True, True, True, True, True, False, False, True, False, False, True, False, False, True, True, True, True, False, True, True, False, False, False, True, False, True, False, False, True, False, True, True, False, True]"
6,0.0009731708458077054,"[False, True, True, True, True, True, True, True, True, True, True, True, False, True, False, False, True, False, False, True, True, False, True, False, False, False, False, False, False, True, True, True, False, False, True, False, False, True, False, False]"
6,0.848462876409924,"[True, True, True, True, True, False, True, True, True, True, False, True, False, False, True, True, True, True, False, True, True, False, True, False, True, False, True, False, True, True, False, True, True, False, False, True, True, False, False, True]"
6,0.9146663258220564,"[True, True, True, True, True, True, False, True, True, False, True, True, True, False, True, False, False, False, False, False, True, False, True, True, False, True, True, False, True, True, True, True, True, False, True, True, True, True, True, False]"
6,0.9958296338193936,"[True, True, True, True, True, True, True, True, True, True, True, False, False, True, False, False, True, False, False, True, True, True, True, False, False, False, False, True, True, True, True, True, False, False, False, False, True, True, False, True]"
6,5.195280581970213e-05,"[False, True, False, True, True, True, True, True, False, True, True, True, False, True, False, False, True, False, False, True, True, False, True, False, False, True, False, True, False, True, True, True, False, False, True, False, True, False, False, True]"
6,0.9776230210820623,"[True, True, True, True, True, True, True, True, False, True, True, False, True, False, True, True, True, True, False, True, True, False, True, False, False, False, True, False, True, True, False, False, True, True, False, True, True, False, False, True]"
6,0.0009731757702284671,"[False, True, True, True, True, True, True, True, True, True, True, True, False, True, False, False, True, False, False, True, True, True, True, False, False, True, False, False, False, True, False, True, False, True, True, False, True, True, False, True]"
6,0.9765404387628068,"[True, True, True, True, True, True, True, True, False, True, True, False, False, True, False, False, True, False, False, True, True, False, True, True, True, False, False, True, True, False, True, True, False, False, False, True, True, True, False, True]"
6,0.7256120727860634,"[True, True, True, True, False, True, True, True, True, True, True, False, True, False, True, True, False, True, False, True, True, False, True, False, False, False, True, False, True, True, False, False, True, False, False, True, True, False, False, True]"
6,0.9896901426412015,"[True, True, True, True, True, True, True, True, True, False, True, True, True, True, False, False, False, False, False, True, True, True, True, False, False, False, True, False, False, True, True, True, False, False, True, False, True, True, False, False]"
6,0.726670344631346,"[True, True, True, True, False, True, True, True, True, True, True, True, False, True, False, False, True, False, False, True, True, False, True, False, False, True, False, False, False, False, True, True, True, False, True, False, True, True, False, False]"
6,0.9964569994844139,"[True, True, True, True, True, True, True, True, True, True, True, False, True, False, False, False, True, False, True, True, True, True, True, False, False, True, False, True, False, True, False, True, False, True, False, False, False, True, False, True]"
6,0.9944981413834796,"[True, True, True, True, True, True, True, True, True, True, False, True, True, False, True, True, True, True, False, True, True, False, True, False, False, True, True, True, True, False, True, False, True, True, False, False, False, True, False, True]"
6,0.9982597339189394,"[True, True, True, True, True, True, True, True, True, True, True, True, False, True, False, False, True, False, False, True, False, True, True, False, False, False, False, False, False, True, True, True, False, True, True, False, True, True, False, True]"
6,0.9987217859710268,"[True, True, True, True, True, True, True, True, True, True, True, True, False, True, True, True, True, False, False, True, True, True, True, False, False, True, False, False, False, True, True, True, False, False, True, True, True, False, False, False]"
6,0.9994841005081369,"[True, True, True, True, True, True, True, True, True, True, True, True, True, True, False, False, True, False, False, True, True, True, True, False, False, True, False, False, False, False, True, True, False, True, True, False, False, True, False, True]"
6,0.9990409730000398,"[True, True, True, True, True, True, True, True, True, True, True, True, True, False, False, True, True, False, True, True, False, True, True, False, False, True, False, True, False, False, True, True, False, False, True, False, True, False, True, True]"
6,0.9804308975589586,"[True, True, True, True, True, True, True, True, False, True, True, True, True, True, True, False, True, False, False, True, True, False, True, True, True, False, True, True, True, True, False, True, True, True, True, False, True, False, True, False]"
6,0.023530427805347424,"[True, False, True, False, True, True, True, True, True, True, True, True, False, True, False, False, True, False, False, True, True, True, True, False, False, True, False, True, False, True, False, True, False, False, True, False, False, True, False, False]"
6,0.0009318019412126628,"[False, True, True, True, True, True, True, True, False, True, True, False, False, True, True, False, True, False, False, True, True, True, True, False, False, False, False, True, True, True, True, True, False, False, True, False, True, False, True, True]"
6,0.520726043780987,"[True, True, True, False, True, True, True, True, True, True, False, True, False, True, False, False, False, False, False, True, True, True, False, False, False, True, False, True, False, True, True, True, False, True, True, True, True, False, False, False]"
6,0.9982622950427816,"[True, True, True, True, True, True, True, True, True, True, True, True, False, True, False, False, True, False, False, True, True, False, True, False, False, True, False, True, False, True, False, True, False, False, True, False, False, True, False, True]"
6,0.9961337036608854,"[True, True, True, True, True, True, True, True, True, True, True, False, False, True, True, False, True, False, False, True, True, True, True, False, False, False, False, True, True, True, True, False, False, False, True, False, True, False, True, True]"
6,0.5216158075805624,"[True, True, True, False, True, True, True, True, True, True, False, True, True, True, True, False, True, False, False, True, False, True, True, True, True, True, True, False, True, False, False, False, True, True, False, False, True, True, False, True]"
6,0.726901124123899,"[True, True, True, True, False, True, True, True, True, True, True, True, False, True, True, False, True, False, False, True, True, True, True, False, False, True, False, False, False, True, False, False, False, False, True, False, True, True, False, True]"
6,0.998264642993039,"[True, True, True, True, True, True, True, True, True, True, True, True, False, True, False, False, True, False, False, True, True, True, True, False, False, True, False, False, False, True, True, True, False, False, True, False, True, False, False, True]"
6,0.9982622622795376,"[True, True, True, True, True, True, True, True, True, True, True, True, False, True, False, False, True, False, False, True, True, False, True, False, False, True, False, False, False, True, True, True, False, False, False, False, True, True, False, True]"
6,0.9981122992881449,"[True, True, True, True, True, True, True, True, True, True, True, True, False, False, True, True, True, False, False, True, True, True, True, False, False, True, False, False, False, True, False, True, False, False, True, False, True, True, False, True]"
6,0.9985692909634335,"[True, True, True, True, True, True, True, True, True, True, True, True, False, True, True, False, True, False, False, True, True, True, True, False, False, False, False, True, True, True, True, True, False, False, True, False, True, False, True, True]"
6,0.9552457426715161,"[True, True, True, True, True, True, True, False, True, True, False, True, False, True, False, False, True, False, False, True, True, True, True, False, False, True, False, True, False, True, True, True, False, True, True, False, False, True, False, False]"
6,0.9981873185921655,"[True, True, True, True, True, True, True, True, True, True, True, True, False, True, False, False, False, False, False, True, True, True, False, False, False, True, False, True, False, True, True, True, False, True, True, True, True, False, False, False]"
6,0.9949098356177599,"[True, True, True, True, True, True, True, True, True, True, False, True, True, True, True, False, True, False, False, True, False, False, False, False, False, True, True, True, True, True, True, True, False, False, True, False, True, False, True, False]"
6,0.999634253929053,"[True, True, True, True, True, True, True, True, True, True, True, True, True, True, False, True, True, False, False, True, True, False, True, False, False, True, False, False, False, True, True, True, False, True, True, False, False, True, False, True]"
6,0.9223803921598526,"[True, True, True, True, True, True, False, True, True, True, True, True, False, False, False, False, True, False, False, True, True, True, True, False, False, True, False, True, False, True, False, True, False, False, True, False, False, True, False, True]"
6,0.0009009140045306557,"[False, True, True, True, True, True, True, False, True, True, True, True, True, False, False, False, True, True, False, True, True, False, True, True, False, True, True, True, True, False, True, True, False, False, True, False, True, True, False, True]"
6,0.9971964232400615,"[True, True, True, True, True, True, True, True, True, True, True, False, True, True, False, True, True, False, False, True, True, False, True, False, False, True, True, False, True, True, True, True, False, False, False, True, True, False, True, True]"
6,0.9981508330027136,"[True, True, True, True, True, True, True, True, True, True, True, True, False, False, True, True, True, True, False, True, True, True, True, True, False, False, False, False, False, True, True, True, False, False, True, False, True, False, False, True]"
6,0.998264494168783,"[True, True, True, True, True, True, True, True, True, True, True, True, False, True, False, False, True, False, False, True, True, True, True, False, False, False, False, False, False, True, True, True, False, False, True, False, False, True, False, False]"
6,0.9985694394380057,"[True, True, True, True, True, True, True, True, True, True, True, True, False, True, True, False, True, False, False, True, True, True, True, False, False, True, False, True, True, True, True, True, False, False, False, False, False, True, False, True]"
6,0.9989132573706919,"[True, True, True, True, True, True, True, True, True, True, True, True, True, False, False, False, True, True, False, True, True, True, True, True, True, True, False, True, True, False, True, True, False, False, True, False, True, True, False, True]"
6,0.056188966750385545,"[True, False, True, True, True, True, True, True, True, True, True, True, False, True, False, True, False, False, False, True, True, True, True, False, False, True, False, False, False, True, True, True, False, False, True, False, True, True, False, True]"
6,0.9949183868908879,"[True, True, True, True, True, True, True, True, True, True, False, True, True, True, True, False, True, False, False, True, True, True, True, False, True, True, True, False, True, False, False, False, True, True, False, False, True, True, False, True]"
6,0.9982646985308529,"[True, True, True, True, True, True, True, True, True, True, True, True, False, True, False, False, True, False, False, True, True, True, True, False, False, True, False, True, True, True, True, True, False, False, False, False, True, True, False, True]"
6,0.9146420700569303,"[True, True, True, True, True, True, False, True, True, False, True, True, True, False, False, True, True, True, False, True, True, True, True, True, False, True, False, True, False, True, True, True, False, False, False, False, True, True, False, True]"
6,0.8484914688653012,"[True, True, True, True, True, False, True, True, True, True, False, True, False, True, False, False, False, False, False, True, False, False, True, False, False, True, False, False, True, False, True, True, False, False, True, False, False, True, False, True]"
6,0.9982653450071942,"[True, True, True, True, True, True, True, True, True, True, True, True, False, True, False, False, True, False, False, True, True, True, True, True, False, True, True, True, False, True, False, True, False, False, True, False, False, True, False, True]"
6,0.9981873185921655,"[True, True, True, True, True, True, True, True, True, True, True, True, False, True, False, False, False, False, False, True, True, True, False, False, False, True, False, True, False, True, True, True, False, True, True, True, True, False, False, False]"
6,0.8506223618466385,"[True, True, True, True, True, False, True, True, True, True, True, False, False, True, False, False, False, False, True, True, True, True, True, False, False, True, False, True, True, True, True, True, False, False, False, False, True, True, False, True]"
6,0.7241513164010283,"[True, True, True, True, False, True, True, True, True, True, False, True, True, True, True, False, True, False, False, True, False, False, False, False, False, True, False, True, False, True, False, True, True, False, True, False, True, False, True, False]"
6,0.9994841397800655,"[True, True, True, True, True, True, True, True, True, True, True, True, True, True, False, False, True, False, False, True, True, True, True, False, False, True, False, True, False, True, False, False, False, True, False, False, False, True, False, True]"
6,0.9989097590284841,"[True, True, True, True, True, True, True, True, True, True, True, True, True, False, False, False, True, True, False, True, True, False, False, True, True, True, True, True, True, False, True, True, False, False, True, False, True, True, False, True]"
6,0.9982646290813436,"[True, True, True, True, True, True, True, True, True, True, True, True, False, True, False, False, True, False, False, True, True, True, True, False, False, True, False, False, False, False, False, True, False, False, True, False, True, True, False, True]"
6,0.9994745688794341,"[True, True, True, True, True, True, True, True, True, True, True, True, True, True, False, False, True, False, False, False, True, True, True, False, False, True, False, False, False, False, True, True, True, False, True, False, True, True, False, False]"
6,0.045488543625180546,"[True, False, True, True, True, False, True, True, True, True, True, True, False, False, False, True, True, True, False, True, True, False, True, False, False, True, False, False, False, True, True, True, True, False, True, False, True, True, False, False]"
6,0.9982646754930118,"[True, True, True, True, True, True, True, True, True, True, True, True, False, True, False, False, True, False, False, True, True, True, True, False, False, True, False, True, False, True, False, True, False, False, True, False, False, True, False, False]"
6,0.9941849600041012,"[True, True, True, True, True, True, True, True, True, True, False, True, True, False, False, True, True, True, False, False, True, False, True, False, False, True, False, True, True, False, True, True, True, False, True, False, True, True, True, False]"
6,0.9894587966169094,"[True, True, True, True, True, True, True, True, True, False, True, True, True, False, True, False, True, False, False, True, False, True, True, False, False, True, False, True, False, True, True, True, False, False, True, False, True, False, True, True]"
6,0.9983027264225264,"[True, True, True, True, True, True, True, True, True, True, True, True, False, True, False, False, True, True, False, True, True, True, True, False, False, True, False, False, False, True, False, True, False, False, True, False, True, True, False, True]"
6,0.7275885142600945,"[True, True, True, True, False, True, True, True, True, True, True, True, True, True, False, False, True, False, False, True, True, True, True, False, False, True, False, True, False, True, False, True, True, True, False, False, False, True, False, True]"
6,0.999480879123839,"[True, True, True, True, True, True, True, True, True, True, True, True, True, True, False, False, True, False, False, True, True, False, False, False, True, True, False, True, True, False, True, True, False, False, True, False, True, True, False, True]"
6,0.9973472609340602,"[True, True, True, True, True, True, True, True, True, True, True, False, True, True, True, False, True, False, False, True, True, False, False, False, False, False, False, True, True, True, True, False, True, True, True, False, False, False, True, False]"
6,0.055940148989879195,"[True, False, True, True, True, True, True, True, True, True, False, True, True, True, True, True, False, True, False, True, False, False, False, False, False, True, False, True, True, True, True, True, True, True, True, False, False, True, False, False]"
6,0.9976539716851046,"[True, True, True, True, True, True, True, True, True, True, True, True, False, False, False, False, True, False, False, True, True, False, True, True, True, True, False, True, True, False, True, True, False, False, True, False, True, True, False, True]"
6,0.9941801795567442,"[True, True, True, True, True, True, True, True, True, True, False, True, True, False, False, True, True, True, False, False, False, False, True, False, False, True, False, False, True, False, True, True, True, False, True, False, True, True, True, True]"
6,0.05559723759626435,"[True, False, True, True, True, True, True, True, True, True, False, False, False, False, False, True, False, False, False, True, True, True, True, False, True, True, False, True, True, True, True, True, False, False, True, False, True, True, False, False]"
6,0.9982644947862733,"[True, True, True, True, True, True, True, True, True, True, True, True, False, True, False, False, True, False, False, True, True, True, True, False, False, False, False, False, False, True, True, True, False, True, True, False, True, False, False, False]"
6,0.9987956502409271,"[True, True, True, True, True, True, True, True, True, True, True, True, True, False, False, False, False, False, False, True, True, False, True, False, False, True, False, True, False, True, True, True, False, False, True, False, True, False, True, False]"
6,0.9920714984442357,"[True, True, True, True, True, True, True, True, True, True, False, False, True, False, True, True, True, True, False, True, True, False, True, False, False, True, True, True, True, False, True, True, True, True, False, False, False, False, False, True]"
6,0.9983408117044728,"[True, True, True, True, True, True, True, True, True, True, True, True, False, True, False, True, False, False, False, True, True, True, True, False, False, True, False, False, False, False, True, True, False, True, True, False, True, True, False, True]"
6,0.8528509461471566,"[True, True, True, True, True, False, True, True, True, True, True, True, False, True, False, True, False, False, False, True, True, True, True, False, False, True, False, False, False, True, True, True, False, False, True, False, True, True, False, True]"
6,0.9891618296438287,"[True, True, True, True, True, True, True, True, True, False, True, True, True, False, False, False, True, False, False, True, True, True, True, True, False, True, False, False, False, True, False, True, False, False, True, False, False, True, False, True]"
6,0.9944981414468288,"[True, True, True, True, True, True, True, True, True, True, False, True, True, False, True, True, True, True, False, True, True, False, True, False, False, True, True, True, True, False, True, False, True, True, False, False, True, True, False, False]"
6,0.9981885034833389,"[True, True, True, True, True, True, True, True, True, True, True, True, False, True, False, False, False, False, False, True, True, True, True, False, False, True, False, True, False, True, False, True, False, False, True, True, False, True, False, True]"
6,0.9954488641650396,"[True, True, True, True, True, True, True, True, True, True, True, False, False, False, True, False, False, False, False, True, True, True, False, False, True, True, False, False, False, True, True, True, False, False, True, True, True, False, False, False]"
6,0.9995960194327814,"[True, True, True, True, True, True, True, True, True, True, True, True, True, True, False, True, False, True, False, True, True, False, True, False, False, False, False, True, True, True, False, False, False, False, False, True, True, True, False, True]"
6,0.9982650893751192,"[True, True, True, True, True, True, True, True, True, True, True, True, False, True, False, False, True, False, False, True, True, True, True, True, False, False, False, False, False, True, True, True, False, False, True, False, True, True, True, False]"
6,0.9982649876617018,"[True, True, True, True, True, True, True, True, True, True, True, True, False, True, False, False, True, False, False, True, True, True, True, False, True, True, False, True, True, False, True, True, False, True, True, False, True, True, False, True]"
step,fitness,genome
7,0.9944601828478147,"[True, True, True, True, True, True, True, True, True, True, False, True, True, False, True, True, True, False, False, True, True, False, True, False, False, True, True, True, True, False, True, False, False, True, False, False, False, True, False, True]"
7,0.9995959824843563,"[True, True, True, True, True, True, True, True, True, True, True, True, True, True, False, True, False, True, False, True, True, False, True, False, False, False, False, False, True, True, False, False, False, False, True, True, True, True, False, True]"
7,0.9983408117044728,"[True, True, True, True, True, True, True, True, True, True, True, True, False, True, False, True, False, False, False, True, True, True, True, False, False, True, False, False, False, False, True, True, False, True, True, False, True, True, False, True]"
7,0.997036994195143,"[True, True, True, True, True, True, True, True, True, True, True, False, True, True, False, False, True, False, False, False, True, True, True, False, False, True, False, False, False, False, True, False, True, False, True, False, True, True, False, True]"
7,0.9985697287209561,"[True, True, True, True, True, True, True, True, True, True, True, True, False, True, True, False, True, False, False, True, True, True, True, False, True, True, False, True, True, False, True, True, False, True, True, False, True, True, False, True]"
7,0.999520479781633,"[True, True, True, True, True, True, True, True, True, True, True, True, True, True, False, False, True, True, False, True, True, False, True, True, False, True, False, True, False, False, True, True, False, False, True, False, True, True, False, True]"
7,0.998264698458207,"[True, True, True, True, True, True, True, True, True, True, True, True, False, True, False, False, True, False, False, True, True, True, True, False, False, True, False, True, True, True, True, True, False, False, False, False, False, True, False, True]"
7,0.9991005370902485,"[True, True, True, True, True, True, True, True, True, True, True, True, True, False, True, False, False, False, False, True, True, False, True, False, False, True, False, True, False, True, True, True, False, False, True, False, True, False, True, False]"
7,0.999634253929053,"[True, True, True, True, True, True, True, True, True, True, True, True, True, True, False, True, True, False, False, True, True, False, True, False, False, True, False, False, False, True, True, True, False, True, True, False, False, True, False, True]"
7,0.9982647498824476,"[True, True, True, True, True, True, True, True, True, True, True, True, False, True, False, False, True, False, False, True, True, True, True, False, False, True, True, True, False, True, False, True, False, False, True, False, False, True, False, False]"
7,0.9795717330835425,"[True, True, True, True, True, True, True, True, False, True, True, True, True, False, False, False, True, True, False, True, True, True, True, True, True, True, False, True, True, False, True, True, False, False, True, False, True, True, False, True]"
7,0.2629168981259728,"[True, True, False, True, True, True, True, True, True, True, True, True, True, True, False, False, True, False, False, False, True, False, True, False, False, True, False, False, True, True, True, True, False, False, True, False, False, True, False, True]"
7,0.0009661446325138831,"[False, True, True, True, True, True, True, True, True, True, False, True, True, True, False, False, True, True, False, True, True, True, True, True, True, True, False, True, True, True, True, False, False, False, True, False, True, True, False, True]"
7,0.9982597336283571,"[True, True, True, True, True, True, True, True, True, True, True, True, False, True, False, False, True, False, False, True, False, True, True, False, False, False, False, False, False, True, True, True, False, True, False, False, True, True, False, True]"
7,0.9989817374882465,"[True, True, True, True, True, True, True, True, True, True, True, True, True, False, False, True, False, True, False, True, False, False, True, False, True, True, False, True, True, False, True, True, False, False, False, False, True, True, False, True]"
7,0.9235499699861546,"[True, True, True, True, True, True, False, True, True, True, True, True, True, False, False, False, True, True, False, True, True, False, True, True, False, True, False, True, True, True, False, False, False, False, True, True, True, True, False, True]"
7,0.999480879123839,"[True, True, True, True, True, True, True, True, True, True, True, True, True, True, False, False, True, False, False, True, True, False, False, False, True, True, False, True, True, False, True, True, False, False, True, False, True, True, False, True]"
7,0.9994746328139493,"[True, True, True, True, True, True, True, True, True, True, True, True, True, True, False, False, True, False, False, False, True, True, True, False, False, True, False, True, True, True, True, True, False, False, True, False, False, True, False, True]"
7,0.9982622764454634,"[True, True, True, True, True, True, True, True, True, True, True, True, False, True, False, False, True, False, False, True, True, False, True, False, False, True, False, False, True, True, False, True, False, False, True, False, False, True, False, True]"
7,0.9971963635281904,"[True, True, True, True, True, True, True, True, True, True, True, False, True, True, False, True, True, False, False, True, True, False, True, False, False, True, False, True, False, True, False, True, False, True, True, False, False, True, False, True]"
7,0.9995018571159103,"[True, True, True, True, True, True, True, True, True, True, True, True, True, True, False, False, True, False, True, True, True, True, False, False, False, False, False, True, False, False, False, True, False, True, False, False, True, False, False, False]"
7,0.9884813613999744,"[True, True, True, True, True, True, True, True, True, False, True, True, False, True, False, False, False, False, False, True, True, True, True, False, False, False, False, False, False, True, True, False, False, True, True, False, False, True, False, True]"
7,0.9958295801431946,"[True, True, True, True, True, True, True, True, True, True, True, False, False, True, False, False, True, False, False, True, True, True, True, False, False, False, False, False, False, True, True, True, True, True, True, False, True, False, False, True]"
7,0.9989504192056458,"[True, True, True, True, True, True, True, True, True, True, True, True, True, False, False, True, False, False, False, True, True, True, True, False, False, True, False, False, False, False, True, True, False, True, True, False, True, True, False, False]"
7,0.9996307106550848,"[True, True, True, True, True, True, True, True, True, True, True, True, True, True, False, True, True, False, False, True, False, True, False, False, False, True, False, True, False, True, False, True, False, False, False, True, False, False, False, True]"
7,0.9995222304410873,"[True, True, True, True, True, True, True, True, True, True, True, True, True, True, False, False, True, True, False, True, True, True, True, False, False, True, False, False, False, False, True, True, False, True, True, False, False, True, True, True]"
7,0.9894493438978733,"[True, True, True, True, True, True, True, True, True, False, True, True, True, False, True, False, True, False, False, False, False, True, True, False, False, True, False, True, False, True, False, False, False, True, False, True, False, True, False, True]"
7,0.9994746067147035,"[True, True, True, True, True, True, True, True, True, True, True, True, True, True, False, False, True, False, False, False, True, True, True, False, False, True, False, True, False, False, True, True, True, True, True, False, True, True, True, False]"
7,0.999633062229207,"[True, True, True, True, True, True, True, True, True, True, True, True, True, True, False, True, True, False, False, True, True, False, False, False, False, True, False, False, False, True, True, True, False, True, True, False, False, True, False, True]"
7,0.9983011871669681,"[True, True, True, True, True, True, True, True, True, True, True, True, False, True, False, False, True, True, False, True, True, False, True, True, True, False, True, False, True, True, True, True, False, False, False, False, True, True, True, True]"
7,0.9994829735498312,"[True, True, True, True, True, True, True, True, True, True, True, True, True, True, False, False, True, False, False, True, True, True, False, False, False, True, False, True, True, True, True, True, False, False, True, False, False, True, False, True]"
7,0.9994843983930222,"[True, True, True, True, True, True, True, True, True, True, True, True, True, True, False, False, True, False, False, True, True, True, True, False, True, True, False, False, False, False, True, True, False, True, True, False, False, True, False, True]"
7,0.9987979905167093,"[True, True, True, True, True, True, True, True, True, True, True, True, True, False, False, False, False, False, False, True, True, True, True, False, False, True, False, False, False, True, False, True, False, True, True, False, False, True, False, True]"
7,0.9946095619410572,"[True, True, True, True, True, True, True, True, True, True, False, True, True, True, False, False, True, False, False, True, False, True, True, False, False, True, False, True, False, True, False, True, False, True, False, True, False, False, False, True]"
7,0.9981885273368084,"[True, True, True, True, True, True, True, True, True, True, True, True, False, True, False, False, False, False, False, True, True, True, True, False, False, True, False, True, True, True, True, True, False, True, True, True, True, False, False, False]"
7,0.9983027821438684,"[True, True, True, True, True, True, True, True, True, True, True, True, False, True, False, False, True, True, False, True, True, True, True, False, False, True, False, True, True, True, False, True, False, False, True, False, False, True, False, True]"
7,0.2629219187232411,"[True, True, False, True, True, True, True, True, True, True, True, True, True, True, False, False, True, False, True, False, False, True, True, False, False, True, False, True, False, True, True, True, False, False, False, False, False, True, False, True]"
7,0.9994793921048728,"[True, True, True, True, True, True, True, True, True, True, True, True, True, True, False, False, True, False, False, True, False, True, True, False, False, True, False, True, True, True, False, False, False, False, True, True, False, True, False, True]"
7,0.9891125974181412,"[True, True, True, True, True, True, True, True, True, False, True, True, True, False, False, False, False, True, False, False, True, False, True, True, True, True, False, True, True, False, True, True, False, False, True, False, True, True, True, True]"
7,0.055900395167323494,"[True, False, True, True, True, True, True, True, True, True, False, True, True, False, True, True, True, True, False, True, False, False, True, False, False, True, True, True, True, False, True, False, True, True, False, False, True, True, False, False]"
7,0.0008333901192593028,"[False, True, True, True, True, True, False, True, True, True, True, True, True, True, False, False, True, False, False, True, True, False, True, False, False, True, False, False, False, False, True, True, False, True, True, False, False, True, False, True]"
7,0.9971987390869981,"[True, True, True, True, True, True, True, True, True, True, True, False, True, True, False, True, True, False, False, True, True, True, True, False, False, True, False, True, False, True, False, False, False, True, False, False, False, True, False, True]"
7,0.9981885034833389,"[True, True, True, True, True, True, True, True, True, True, True, True, False, True, False, False, False, False, False, True, True, True, True, False, False, True, False, True, False, True, False, True, False, False, True, True, False, True, False, True]"
7,0.9975778414620591,"[True, True, True, True, True, True, True, True, True, True, True, True, False, False, False, False, False, False, False, True, True, False, True, True, True, True, False, True, True, False, True, True, False, False, True, False, True, True, False, True]"
7,0.9995032069017452,"[True, True, True, True, True, True, True, True, True, True, True, True, True, True, False, False, True, False, True, True, True, True, True, False, False, True, False, True, False, True, False, True, False, True, False, False, False, True, False, True]"
7,0.9994841421072909,"[True, True, True, True, True, True, True, True, True, True, True, True, True, True, False, False, True, False, False, True, True, True, True, False, False, True, False, True, False, True, False, True, False, True, False, False, False, True, False, True]"
7,0.8033522767297698,"[True, True, True, True, True, False, True, False, False, True, True, True, False, True, False, False, True, False, False, True, True, False, True, True, False, True, True, True, False, True, False, True, False, False, True, False, False, True, False, True]"
7,0.9947637790220198,"[True, True, True, True, True, True, True, True, True, True, False, True, True, True, False, True, True, False, False, True, True, False, True, False, False, True, False, False, True, True, True, True, False, True, True, False, False, True, False, True]"
7,0.9994837089525401,"[True, True, True, True, True, True, True, True, True, True, True, True, True, True, False, False, True, False, False, True, True, True, False, True, True, False, False, True, True, False, True, True, False, False, True, False, False, True, False, True]"
7,0.03387764485350537,"[True, False, True, True, False, True, True, False, False, True, True, True, True, True, False, False, True, False, False, True, True, False, True, False, False, True, False, False, False, False, True, True, False, True, True, True, False, True, False, True]"
7,0.03481705043702873,"[True, False, True, True, False, True, True, False, True, True, True, True, True, True, False, False, True, False, False, False, True, True, True, False, False, True, False, True, True, True, True, True, False, False, True, False, False, True, False, True]"
7,0.0009732137767787035,"[False, True, True, True, True, True, True, True, True, True, True, True, False, True, False, False, True, False, True, True, True, True, True, True, False, False, False, False, False, True, False, True, False, False, True, False, True, True, True, False]"
7,0.9988908764719486,"[True, True, True, True, True, True, True, True, True, True, True, True, True, False, False, False, True, False, True, True, True, False, True, False, False, True, False, False, False, True, False, True, False, False, True, False, False, True, False, True]"
7,0.9897655555125998,"[True, True, True, True, True, True, True, True, True, False, True, True, True, True, False, False, True, False, False, True, True, True, False, True, True, True, False, True, True, False, True, True, False, False, True, False, False, True, False, True]"
7,0.9983027168329346,"[True, True, True, True, True, True, True, True, True, True, True, True, False, True, False, False, True, True, False, True, True, True, True, False, False, True, False, False, False, False, False, True, False, False, False, False, True, True, False, True]"
7,0.9983408116318219,"[True, True, True, True, True, True, True, True, True, True, True, True, False, True, False, True, False, False, False, True, True, True, True, False, False, True, False, False, False, False, True, True, False, True, True, False, False, True, False, True]"
7,0.9998654587915978,"[True, True, True, True, True, True, True, True, True, True, True, True, True, True, True, True, False, False, False, True, True, True, True, False, False, True, False, False, False, False, True, True, False, True, True, True, True, True, False, True]"
7,0.0009746902088182687,"[False, True, True, True, True, True, True, True, True, True, True, True, True, False, False, True, True, False, True, True, False, True, True, False, False, True, False, True, False, False, True, True, False, False, True, False, True, False, True, True]"
7,0.05627406936851773,"[True, False, True, True, True, True, True, True, True, True, True, True, True, True, False, False, True, False, False, False, True, True, True, False, False, True, False, True, False, True, True, True, False, False, False, False, False, True, False, True]"
7,0.9228414733831751,"[True, True, True, True, True, True, False, True, True, True, True, True, False, False, True, True, True, True, False, True, True, True, True, False, False, False, False, False, True, True, True, True, False, False, True, False, True, False, False, True]"
7,0.9997892410835775,"[True, True, True, True, True, True, True, True, True, True, True, True, True, True, True, False, True, False, False, True, True, True, True, False, False, True, False, True, True, True, True, True, False, False, True, False, False, True, False, True]"
7,0.997655403111972,"[True, True, True, True, True, True, True, True, True, True, True, True, False, False, False, False, True, False, False, True, True, True, True, False, False, True, False, False, False, False, True, True, False, True, False, False, False, True, False, True]"
7,0.9983027263862022,"[True, True, True, True, True, True, True, True, True, True, True, True, False, True, False, False, True, True, False, True, True, True, True, False, False, True, False, False, False, True, False, True, False, False, True, False, True, False, False, True]"
7,0.9971868183792937,"[True, True, True, True, True, True, True, True, True, True, True, False, True, True, False, True, True, False, False, False, True, False, True, False, False, True, False, False, False, True, True, True, False, True, True, False, False, True, False, True]"
7,0.9958304250090428,"[True, True, True, True, True, True, True, True, True, True, True, False, False, True, False, False, True, False, False, True, True, True, True, True, False, True, True, True, False, True, False, False, False, False, True, False, False, True, False, True]"
7,0.5235004079045501,"[True, True, True, False, True, True, True, True, True, True, True, True, False, True, False, False, True, False, True, True, True, True, True, False, False, True, False, True, True, True, True, True, False, False, False, False, False, True, False, True]"
7,0.9982653450071942,"[True, True, True, True, True, True, True, True, True, True, True, True, False, True, False, False, True, False, False, True, True, True, True, True, False, True, True, True, False, True, False, True, False, False, True, False, False, True, False, True]"
7,0.0009310851299782399,"[False, True, True, True, True, True, True, True, False, True, True, False, False, True, False, False, False, False, False, True, True, False, True, True, True, False, False, True, True, False, True, True, False, False, False, True, True, True, False, True]"
7,0.9982622622795376,"[True, True, True, True, True, True, True, True, True, True, True, True, False, True, False, False, True, False, False, True, True, False, True, False, False, True, False, False, False, True, True, True, False, False, False, False, True, True, False, True]"
7,0.9981885220794202,"[True, True, True, True, True, True, True, True, True, True, True, True, False, True, False, False, False, False, False, True, True, True, True, False, False, True, False, True, True, True, False, True, False, False, True, True, False, True, False, True]"
7,0.5214454307540678,"[True, True, True, False, True, True, True, True, True, True, False, True, True, True, False, False, True, False, False, True, False, True, True, False, False, True, False, True, True, True, False, True, False, True, False, False, False, False, False, True]"
7,0.9605645379943077,"[True, True, True, True, True, True, True, False, True, True, True, True, True, False, False, False, True, True, False, True, True, False, False, True, True, True, True, True, True, False, True, True, False, False, True, False, True, True, False, True]"
7,0.9973472609340602,"[True, True, True, True, True, True, True, True, True, True, True, False, True, True, True, False, True, False, False, True, True, False, False, False, False, False, False, True, True, True, True, False, True, True, True, False, False, False, True, False]"
7,0.9604543788956559,"[True, True, True, True, True, True, True, False, True, True, True, True, True, False, False, False, False, False, False, True, True, False, True, False, False, True, False, True, False, True, True, True, False, False, False, False, True, False, True, False]"
7,0.2627371213061544,"[True, True, False, True, True, True, True, True, True, True, True, True, True, False, False, False, True, False, False, True, True, True, True, False, False, True, False, False, False, True, False, True, False, False, True, False, False, True, False, True]"
7,0.9959045400515684,"[True, True, True, True, True, True, True, True, True, True, True, False, False, True, False, True, False, False, False, True, True, True, False, False, False, True, False, False, False, False, True, True, False, False, True, False, True, True, False, False]"
7,0.9994793736326,"[True, True, True, True, True, True, True, True, True, True, True, True, True, True, False, False, True, False, False, True, False, True, True, False, False, True, False, True, False, True, False, False, False, True, False, False, False, True, False, True]"
7,0.9990457372659509,"[True, True, True, True, True, True, True, True, True, True, True, True, True, False, False, True, True, False, True, True, True, True, True, False, False, True, False, True, False, False, True, True, False, False, True, False, True, False, True, True]"
7,0.9994793434878878,"[True, True, True, True, True, True, True, True, True, True, True, True, True, True, False, False, True, False, False, True, False, True, True, False, False, True, False, False, False, True, True, True, False, True, False, True, False, False, False, True]"
7,0.5096486674194408,"[True, True, True, False, True, True, True, True, False, True, False, True, False, False, False, False, False, False, True, True, True, True, False, False, False, True, False, True, False, True, True, True, False, True, True, True, True, False, False, False]"
7,0.9981873139431502,"[True, True, True, True, True, True, True, True, True, True, True, True, False, True, False, False, False, False, False, True, True, True, False, False, False, True, False, True, False, True, False, True, False, True, True, True, True, False, False, False]"
7,0.9982628573938688,"[True, True, True, True, True, True, True, True, True, True, True, True, False, True, False, False, True, False, False, True, True, False, True, True, False, True, False, False, False, True, True, True, False, False, False, False, True, True, False, True]"
7,0.9996366374780525,"[True, True, True, True, True, True, True, True, True, True, True, True, True, True, False, True, True, False, False, True, True, True, True, False, False, True, False, False, False, True, True, True, False, True, True, True, False, True, False, True]"
7,0.05627406668166991,"[True, False, True, True, True, True, True, True, True, True, True, True, True, True, False, False, True, False, False, False, True, True, True, False, False, True, False, False, False, True, True, True, True, False, True, False, False, True, False, False]"
7,0.26255353777715007,"[True, True, False, True, True, True, True, True, True, True, True, True, False, True, False, False, True, False, False, True, True, True, False, False, False, True, False, True, False, True, False, True, False, False, True, False, False, True, False, False]"
7,0.9982646382982958,"[True, True, True, True, True, True, True, True, True, True, True, True, False, True, False, False, True, False, False, True, True, True, True, False, False, True, False, False, False, True, False, True, False, False, True, False, False, True, False, False]"
7,0.9994746141963053,"[True, True, True, True, True, True, True, True, True, True, True, True, True, True, False, False, True, False, False, False, True, True, True, False, False, True, False, True, False, True, True, True, False, False, True, False, False, True, False, True]"
7,0.9994752291605222,"[True, True, True, True, True, True, True, True, True, True, True, True, True, True, False, False, True, False, False, False, True, True, True, True, False, True, False, True, True, True, True, True, False, True, True, False, False, True, False, True]"
7,0.9885934153508813,"[True, True, True, True, True, True, True, True, True, False, True, True, False, True, False, False, True, True, False, True, True, False, True, True, True, True, True, True, True, False, True, True, False, False, True, False, True, False, False, True]"
7,0.056283194976499654,"[True, False, True, True, True, True, True, True, True, True, True, True, True, True, False, True, False, True, False, True, True, False, True, False, False, True, False, True, True, True, False, False, False, False, False, True, True, True, False, True]"
7,0.9981801769739718,"[True, True, True, True, True, True, True, True, True, True, True, True, False, True, False, False, False, False, False, True, False, False, False, False, False, True, False, True, False, True, True, True, False, False, True, False, False, True, False, True]"
7,0.056188921387646446,"[True, False, True, True, True, True, True, True, True, True, True, True, False, True, False, True, False, False, False, True, True, True, False, True, False, True, False, False, False, False, True, True, False, False, True, False, True, True, False, True]"
7,0.9982647033981304,"[True, True, True, True, True, True, True, True, True, True, True, True, False, True, False, False, True, False, False, True, True, True, True, False, False, True, True, False, False, False, False, True, False, False, True, False, False, True, False, True]"
7,0.9989049581209133,"[True, True, True, True, True, True, True, True, True, True, True, True, True, False, False, False, True, True, False, True, False, False, False, True, True, True, True, False, True, False, True, True, False, False, True, False, True, True, False, False]"
7,0.9993459271720728,"[True, True, True, True, True, True, True, True, True, True, True, True, True, False, True, True, True, False, True, True, False, True, True, False, False, True, False, True, False, False, True, True, False, False, True, False, False, False, True, True]"
7,0.9937034688195031,"[True, True, True, True, True, True, True, True, True, True, False, True, False, True, True, False, True, False, False, True, True, True, True, False, False, False, False, True, True, True, True, True, False, False, True, False, True, False, True, True]"
7,0.9995228728320706,"[True, True, True, True, True, True, True, True, True, True, True, True, True, True, False, False, True, True, False, True, True, True, True, True, False, True, False, True, False, True, True, True, False, True, True, False, True, True, False, True]"
7,0.9988717199935248,"[True, True, True, True, True, True, True, True, True, True, True, True, True, False, False, False, True, False, False, True, True, False, True, False, False, False, False, True, True, False, False, True, False, False, True, True, False, True, False, True]"
7,0.9987170230955164,"[True, True, True, True, True, True, True, True, True, True, True, True, False, True, True, True, True, False, False, True, False, True, True, False, False, True, False, False, False, True, True, True, False, False, True, True, True, False, False, False]"
7,0.9982622947521985,"[True, True, True, True, True, True, True, True, True, True, True, True, False, True, False, False, True, False, False, True, True, False, True, False, False, True, False, True, False, True, False, True, False, False, False, False, False, True, False, True]"
step,fitness,genome
8,0.9990409730000398,"[True, True, True, True, True, True, True, True, True, True, True, True, True, False, False, True, True, False, True, True, False, True, True, False, False, True, False, True, False, False, True, True, False, False, True, False, True, False, True, True]"
8,0.998255150580834,"[True, True, True, True, True, True, True, True, True, True, True, True, False, True, False, False, True, False, False, False, True, True, True, False, False, True, False, True, False, False, True, True, True, True, False, False, True, True, True, False]"
8,0.26304659277224846,"[True, True, False, True, True, True, True, True, True, True, True, True, True, True, True, True, False, True, False, True, True, True, True, False, False, True, False, False, False, False, True, False, False, True, True, True, True, True, False, True]"
8,0.23771381297629493,"[True, True, False, True, True, True, False, True, True, False, True, True, True, True, False, True, True, False, False, True, True, True, True, False, False, True, False, False, False, True, True, True, False, True, True, True, False, True, False, True]"
8,0.9996307105096139,"[True, True, True, True, True, True, True, True, True, True, True, True, True, True, False, True, True, False, False, True, False, True, False, False, False, True, False, True, False, True, False, True, False, False, False, False, False, False, False, True]"
8,0.8532476903409658,"[True, True, True, True, True, False, True, True, True, True, True, True, True, False, False, False, False, False, False, True, True, True, True, False, False, True, False, False, False, False, True, True, True, True, False, False, True, True, False, False]"
8,0.5235110581585818,"[True, True, True, False, True, True, True, True, True, True, True, True, False, True, False, False, True, True, False, True, True, True, True, False, False, True, False, True, True, True, False, True, False, False, True, False, False, True, False, True]"
8,0.9995959871392759,"[True, True, True, True, True, True, True, True, True, True, True, True, True, True, False, True, False, True, False, True, True, False, True, False, False, False, False, False, True, True, True, False, False, False, True, True, True, True, False, True]"
8,0.9989822774511887,"[True, True, True, True, True, True, True, True, True, True, True, True, True, False, False, True, False, True, False, True, False, False, True, True, True, True, False, False, False, False, True, True, False, False, True, False, True, True, False, True]"
8,0.9997880872634435,"[True, True, True, True, True, True, True, True, True, True, True, True, True, True, True, False, True, False, False, True, True, True, False, False, False, True, True, False, True, True, True, True, False, True, True, True, True, True, False, True]"
8,0.05628251002823231,"[True, False, True, True, True, True, True, True, True, True, True, True, True, True, False, True, False, True, False, False, True, False, True, True, False, False, False, False, True, True, False, False, False, False, True, False, True, True, False, True]"
8,0.9989817374155536,"[True, True, True, True, True, True, True, True, True, True, True, True, True, False, False, True, False, True, False, True, False, False, True, False, True, True, False, True, True, False, True, True, False, False, False, False, False, True, False, True]"
8,0.9991666652204264,"[True, True, True, True, True, True, True, True, True, True, True, True, True, False, True, False, True, False, False, False, True, False, False, True, False, True, False, True, True, True, True, True, False, False, True, False, False, True, False, True]"
8,0.9995007769756981,"[True, True, True, True, True, True, True, True, True, True, True, True, True, True, False, False, True, False, True, True, True, False, True, False, False, True, False, False, False, False, False, True, False, False, True, False, True, False, False, False]"
8,0.9983408209311393,"[True, True, True, True, True, True, True, True, True, True, True, True, False, True, False, True, False, False, False, True, True, True, True, False, False, True, False, False, False, True, True, True, False, True, True, False, False, True, False, True]"
8,0.9982646382982958,"[True, True, True, True, True, True, True, True, True, True, True, True, False, True, False, False, True, False, False, True, True, True, True, False, False, True, False, False, False, True, False, True, False, False, True, False, False, True, False, False]"
8,0.9987218580382374,"[True, True, True, True, True, True, True, True, True, True, True, True, False, True, True, True, True, False, False, True, True, True, True, False, False, True, True, False, False, True, True, False, False, False, True, True, False, True, False, True]"
8,0.05628909662785617,"[True, False, True, True, True, True, True, True, True, True, True, True, True, True, False, True, True, True, False, True, True, True, True, False, False, True, False, False, True, False, False, True, False, True, False, False, True, True, False, True]"
8,0.7275910805777338,"[True, True, True, True, False, True, True, True, True, True, True, True, True, True, False, False, True, False, True, False, False, True, False, False, False, False, False, True, False, False, False, True, False, True, False, False, False, False, False, False]"
8,0.9987979905893901,"[True, True, True, True, True, True, True, True, True, True, True, True, True, False, False, False, False, False, False, True, True, True, True, False, False, True, False, False, False, True, False, True, False, True, True, False, True, True, False, True]"
8,0.9995231241812124,"[True, True, True, True, True, True, True, True, True, True, True, True, True, True, False, False, True, True, False, True, True, True, True, True, True, True, False, False, False, False, True, True, False, True, True, False, True, True, False, True]"
8,0.9988296816500309,"[True, True, True, True, True, True, True, True, True, True, True, True, True, False, False, False, False, True, False, True, False, False, True, True, False, True, True, True, True, True, True, True, False, False, True, False, True, True, True, False]"
8,0.9950699403045946,"[True, True, True, True, True, True, True, True, True, True, False, True, True, True, True, True, True, False, False, True, True, True, True, False, False, True, False, True, False, False, True, True, False, False, True, False, False, True, True, True]"
8,0.9988793258045615,"[True, True, True, True, True, True, True, True, True, True, True, True, True, False, False, False, True, False, True, False, False, True, True, False, True, True, False, True, True, True, True, True, False, False, True, True, False, False, False, False]"
8,0.000901956708255579,"[False, True, True, True, True, True, True, False, True, True, True, True, True, True, False, False, True, False, False, True, True, True, True, False, False, False, False, True, False, False, False, True, False, True, False, False, True, True, False, True]"
8,0.9982765451025326,"[True, True, True, True, True, True, True, True, True, True, True, True, False, True, False, False, True, False, True, True, False, False, True, False, False, True, False, False, False, True, True, True, False, False, False, False, True, True, False, False]"
8,0.9996235193663979,"[True, True, True, True, True, True, True, True, True, True, True, True, True, True, False, True, True, False, False, False, True, False, False, False, False, True, False, False, False, False, True, True, False, True, True, False, False, True, False, True]"
8,0.9606524303994772,"[True, True, True, True, True, True, True, False, True, True, True, True, True, False, False, True, False, True, True, True, False, False, True, False, True, True, False, True, True, True, True, True, False, False, False, False, True, True, False, True]"
8,0.961119056978047,"[True, True, True, True, True, True, True, False, True, True, True, True, True, True, False, False, True, False, False, True, True, True, True, False, False, True, False, True, True, True, False, True, False, True, False, False, False, True, False, True]"
8,0.9995419379277721,"[True, True, True, True, True, True, True, True, True, True, True, True, True, True, False, False, True, True, True, True, True, True, True, True, False, True, False, True, False, True, True, True, False, True, False, False, False, True, False, True]"
8,0.9996239767418676,"[True, True, True, True, True, True, True, True, True, True, True, True, True, True, False, True, True, False, False, False, True, False, False, True, False, False, False, False, False, True, True, True, True, True, True, False, False, True, True, True]"
8,0.5187364687509762,"[True, True, True, False, True, True, True, True, True, False, True, True, True, True, False, False, True, False, False, True, True, True, False, False, True, False, True, True, True, False, True, True, False, False, True, False, False, True, False, True]"
8,0.9837358282186436,"[True, True, True, True, True, True, True, True, True, False, False, True, False, True, False, False, True, False, False, True, True, True, True, True, False, True, True, True, False, True, False, True, False, False, True, False, False, True, False, True]"
8,0.9985575389361668,"[True, True, True, True, True, True, True, True, True, True, True, True, False, True, True, False, True, False, False, False, True, False, True, False, False, True, True, False, False, False, False, True, False, False, True, False, True, True, False, True]"
8,0.9988717199935248,"[True, True, True, True, True, True, True, True, True, True, True, True, True, False, False, False, True, False, False, True, True, False, True, False, False, False, False, True, True, False, False, True, False, False, True, True, False, True, False, True]"
8,0.0007104379390305369,"[False, True, True, True, True, False, True, True, True, True, True, True, True, True, False, True, True, True, False, True, True, True, True, True, False, True, True, False, False, True, True, True, False, True, True, False, False, True, True, True]"
8,0.9988860106732971,"[True, True, True, True, True, True, True, True, True, True, True, True, True, False, False, False, True, False, True, True, False, False, True, False, False, False, False, True, True, False, False, True, False, False, True, True, False, True, False, True]"
8,0.9946089357698621,"[True, True, True, True, True, True, True, True, True, True, False, True, True, True, False, False, True, False, False, True, False, True, False, True, False, True, False, False, False, True, True, True, False, False, False, True, False, False, False, True]"
8,0.8538431845684878,"[True, True, True, True, True, False, True, True, True, True, True, True, True, True, False, False, True, False, False, True, True, True, True, False, False, True, False, True, True, True, True, True, True, False, True, False, False, True, False, True]"
8,0.9984174075139678,"[True, True, True, True, True, True, True, True, True, True, True, True, False, True, False, True, True, False, False, True, True, True, True, False, True, True, True, True, False, True, False, True, False, False, True, False, False, True, False, False]"
8,0.999779706190311,"[True, True, True, True, True, True, True, True, True, True, True, True, True, True, True, False, True, False, False, False, True, True, True, False, False, True, False, True, True, True, True, True, False, False, True, False, False, True, False, True]"
8,0.9982646985671759,"[True, True, True, True, True, True, True, True, True, True, True, True, False, True, False, False, True, False, False, True, True, True, True, False, False, True, False, True, True, True, True, True, False, False, False, True, False, False, False, True]"
8,0.9995018565340947,"[True, True, True, True, True, True, True, True, True, True, True, True, True, True, False, False, True, False, True, True, True, True, False, False, False, False, False, True, False, False, False, True, False, False, False, False, True, False, False, False]"
8,0.05590921254656777,"[True, False, True, True, True, True, True, True, True, True, False, True, True, True, False, False, True, False, False, True, True, False, False, False, True, True, False, False, True, False, True, True, False, True, True, False, False, True, False, True]"
8,0.9946238210803952,"[True, True, True, True, True, True, True, True, True, True, False, True, True, True, False, False, True, False, True, False, True, True, True, False, False, True, False, True, True, True, True, True, False, True, True, False, False, True, False, True]"
8,0.9996330987060845,"[True, True, True, True, True, True, True, True, True, True, True, True, True, True, False, True, True, False, False, True, True, False, False, False, False, True, False, True, False, True, True, True, False, False, False, True, False, False, False, True]"
8,0.2509092686423624,"[True, True, False, True, True, True, True, False, True, True, True, True, False, False, False, True, False, False, False, True, True, True, True, False, False, True, False, False, False, False, True, True, False, True, True, False, True, True, False, False]"
8,0.9998630748970606,"[True, True, True, True, True, True, True, True, True, True, True, True, True, True, True, True, False, False, False, True, True, False, True, False, False, True, False, False, False, False, True, True, False, True, True, True, True, True, False, True]"
8,0.5234883900501425,"[True, True, True, False, True, True, True, True, True, True, True, True, False, True, False, False, True, False, False, True, True, False, True, False, False, True, False, False, False, True, False, True, False, False, False, False, False, True, False, True]"
8,0.9982964260967374,"[True, True, True, True, True, True, True, True, True, True, True, True, False, True, False, False, True, True, False, True, False, False, True, True, True, False, True, False, True, True, True, True, False, False, False, False, True, True, True, True]"
8,0.9994460185181336,"[True, True, True, True, True, True, True, True, True, True, True, True, True, True, False, False, False, True, False, True, True, True, True, False, False, True, False, True, False, True, True, True, False, True, True, False, True, True, False, True]"
8,0.9994846863872743,"[True, True, True, True, True, True, True, True, True, True, True, True, True, True, False, False, True, False, False, True, True, True, True, True, False, False, True, True, True, True, True, True, False, False, True, False, False, True, False, True]"
8,0.9998594989920956,"[True, True, True, True, True, True, True, True, True, True, True, True, True, True, True, True, False, False, False, True, False, True, False, False, False, True, False, False, False, False, True, True, False, True, True, True, False, True, False, True]"
8,0.05627406940127585,"[True, False, True, True, True, True, True, True, True, True, True, True, True, True, False, False, True, False, False, False, True, True, True, False, False, True, False, True, False, True, True, True, False, False, True, True, False, True, False, True]"
8,0.8539259131065645,"[True, True, True, True, True, False, True, True, True, True, True, True, True, True, False, True, False, False, True, True, True, True, True, False, False, True, False, True, True, True, True, True, False, True, False, False, False, True, False, True]"
8,0.99954193829142,"[True, True, True, True, True, True, True, True, True, True, True, True, True, True, False, False, True, True, True, True, True, True, True, True, False, True, False, True, False, True, True, True, False, True, True, False, True, True, False, True]"
8,0.9897611289658851,"[True, True, True, True, True, True, True, True, True, False, True, True, True, True, False, False, True, False, False, True, False, True, True, False, False, True, False, True, True, True, False, False, False, True, False, False, False, True, False, True]"
8,0.698673544484459,"[True, True, True, True, False, True, True, False, True, True, True, True, True, False, True, True, True, False, True, True, False, False, True, False, False, True, False, True, False, False, True, True, False, False, False, False, False, True, True, True]"
8,0.999100534763827,"[True, True, True, True, True, True, True, True, True, True, True, True, True, False, True, False, False, False, False, True, True, False, True, False, False, True, False, True, False, True, True, False, False, False, True, False, True, False, True, False]"
8,0.9983027449478745,"[True, True, True, True, True, True, True, True, True, True, True, True, False, True, False, False, True, True, False, True, True, True, True, False, False, True, False, False, True, True, False, True, False, False, True, False, False, True, False, True]"
8,0.2629319479322414,"[True, True, False, True, True, True, True, True, True, True, True, True, True, True, False, False, True, True, False, True, True, True, True, False, False, True, False, True, False, True, False, True, False, True, False, False, False, True, False, True]"
8,0.999482014807098,"[True, True, True, True, True, True, True, True, True, True, True, True, True, True, False, False, True, False, False, True, True, False, True, False, True, True, False, False, False, False, True, True, False, False, True, False, True, True, False, True]"
8,0.36944519680895266,"[True, True, True, False, False, True, True, True, True, False, True, True, True, True, False, False, True, False, False, True, True, True, False, True, True, False, False, True, True, False, True, False, False, False, True, False, False, True, False, True]"
8,0.9994841397800655,"[True, True, True, True, True, True, True, True, True, True, True, True, True, True, False, False, True, False, False, True, True, True, True, False, False, True, False, True, False, True, False, False, False, True, False, False, False, True, False, True]"
8,0.056297656011640995,"[True, False, True, True, True, True, True, True, True, True, True, True, True, True, True, False, True, False, False, True, True, True, False, True, True, False, False, True, True, False, True, False, False, False, True, False, False, True, False, True]"
8,0.999397186187831,"[True, True, True, True, True, True, True, True, True, True, True, True, True, True, False, False, False, False, False, False, True, True, False, False, False, True, False, True, True, True, True, True, False, False, True, False, True, True, False, True]"
8,0.8540085943337326,"[True, True, True, True, True, False, True, True, True, True, True, True, True, True, False, True, True, True, False, True, True, True, True, False, False, True, False, False, False, False, True, True, True, True, True, False, False, True, True, True]"
8,0.9987985859184698,"[True, True, True, True, True, True, True, True, True, True, True, True, True, False, False, False, False, False, False, True, True, True, True, True, False, True, False, False, False, True, False, True, False, True, True, False, False, True, False, True]"
8,0.9983027449660365,"[True, True, True, True, True, True, True, True, True, True, True, True, False, True, False, False, True, True, False, True, True, True, True, False, False, True, False, False, True, True, False, True, False, False, True, False, False, True, True, True]"
8,0.005423285144230149,"[True, False, False, True, False, True, True, True, True, True, True, True, False, False, False, False, False, False, False, True, True, True, False, False, False, True, False, False, False, True, False, True, False, True, True, False, False, True, False, True]"
8,0.9245031202216208,"[True, True, True, True, True, True, False, True, True, True, True, True, True, True, True, True, True, False, False, True, False, False, False, False, False, True, False, True, False, True, True, True, False, False, True, False, True, False, True, True]"
8,0.998893588570468,"[True, True, True, True, True, True, True, True, True, True, True, True, True, False, False, False, True, False, True, True, True, True, True, False, True, True, False, True, False, False, True, True, False, False, True, False, False, True, False, True]"
8,0.9988908950798061,"[True, True, True, True, True, True, True, True, True, True, True, True, True, False, False, False, True, False, True, True, True, False, True, False, False, True, False, False, True, True, False, True, False, False, True, False, False, True, False, True]"
8,0.9989814397381958,"[True, True, True, True, True, True, True, True, True, True, True, True, True, False, False, True, False, True, False, True, False, False, True, False, False, True, False, True, True, False, True, True, False, False, False, False, True, True, False, True]"
8,0.9995222304410873,"[True, True, True, True, True, True, True, True, True, True, True, True, True, True, False, False, True, True, False, True, True, True, True, False, False, True, False, False, False, False, True, True, False, True, True, False, False, True, True, True]"
8,0.999520479781633,"[True, True, True, True, True, True, True, True, True, True, True, True, True, True, False, False, True, True, False, True, True, False, True, True, False, True, False, True, False, False, True, True, False, False, True, False, True, True, False, True]"
8,0.056285606945485615,"[True, False, True, True, True, True, True, True, True, True, True, True, True, True, False, True, True, False, False, True, False, False, False, False, False, True, False, False, False, True, True, True, False, True, True, False, False, True, False, True]"
8,0.713050996646375,"[True, True, True, True, False, True, True, True, False, True, True, True, True, True, False, False, True, False, False, True, True, True, True, False, False, True, False, True, False, True, False, True, False, True, False, False, False, True, False, True]"
8,0.9989049953371008,"[True, True, True, True, True, True, True, True, True, True, True, True, True, False, False, False, True, True, False, True, False, False, False, True, True, True, True, True, True, False, True, True, False, False, True, False, True, True, False, False]"
8,0.05628595361309478,"[True, False, True, True, True, True, True, True, True, True, True, True, True, True, False, True, True, False, False, True, True, False, False, False, False, False, False, False, False, True, True, True, False, True, False, False, False, True, False, True]"
8,0.9994793434878878,"[True, True, True, True, True, True, True, True, True, True, True, True, True, True, False, False, True, False, False, True, False, True, True, False, False, True, False, False, False, True, True, True, False, True, False, True, False, False, False, True]"
8,0.9983406630607056,"[True, True, True, True, True, True, True, True, True, True, True, True, False, True, False, True, False, False, False, True, True, True, True, False, False, False, False, False, False, False, True, True, False, True, True, True, True, True, False, True]"
8,0.999634253929053,"[True, True, True, True, True, True, True, True, True, True, True, True, True, True, False, True, True, False, False, True, True, False, True, False, False, True, False, False, False, True, True, True, False, True, True, False, False, True, False, True]"
8,0.5242672032510289,"[True, True, True, False, True, True, True, True, True, True, True, True, True, True, False, True, True, False, True, True, True, True, False, False, False, True, False, False, False, True, True, True, False, True, True, True, False, True, False, True]"
8,0.9789719614808338,"[True, True, True, True, True, True, True, True, False, True, True, True, False, True, False, False, True, True, False, True, True, True, True, False, False, True, True, True, False, True, False, True, False, False, False, False, True, True, False, False]"
8,0.9994847428225203,"[True, True, True, True, True, True, True, True, True, True, True, True, True, True, False, False, True, False, False, True, True, True, True, True, False, True, False, True, False, True, True, True, False, True, True, False, False, True, False, True]"
8,0.056186129893805066,"[True, False, True, True, True, True, True, True, True, True, True, True, False, True, False, False, True, True, False, True, True, True, True, False, True, True, False, False, False, False, True, True, False, False, True, False, False, True, True, True]"
8,0.0009755354365446661,"[False, True, True, True, True, True, True, True, True, True, True, True, True, True, False, False, True, False, False, False, True, True, False, True, False, True, False, True, False, True, True, True, False, True, True, False, False, True, False, True]"
8,0.9996319032616012,"[True, True, True, True, True, True, True, True, True, True, True, True, True, True, False, True, True, False, False, True, False, True, True, False, False, True, False, True, False, True, False, True, False, True, True, True, False, True, False, True]"
8,0.056274059607282746,"[True, False, True, True, True, True, True, True, True, True, True, True, True, True, False, False, True, False, False, False, True, True, True, False, False, False, False, True, True, True, True, True, False, False, True, False, False, True, True, False]"
8,0.9995222304410873,"[True, True, True, True, True, True, True, True, True, True, True, True, True, True, False, False, True, True, False, True, True, True, True, False, False, True, False, False, False, False, True, True, False, True, True, False, False, True, True, True]"
8,0.999631871694407,"[True, True, True, True, True, True, True, True, True, True, True, True, True, True, False, True, True, False, False, True, False, True, True, False, False, True, False, False, False, True, True, True, True, True, True, False, False, True, False, True]"
8,0.9981883144716237,"[True, True, True, True, True, True, True, True, True, True, True, True, False, True, False, False, False, False, False, True, True, True, True, False, False, False, False, False, False, False, True, True, True, True, True, False, False, True, False, True]"
8,0.7272593217317793,"[True, True, True, True, False, True, True, True, True, True, True, True, True, False, False, True, True, False, True, True, True, True, True, False, True, True, False, True, True, True, True, True, False, False, True, False, False, True, False, True]"
8,0.9994837042980911,"[True, True, True, True, True, True, True, True, True, True, True, True, True, True, False, False, True, False, False, True, True, True, False, True, True, False, False, True, True, False, False, True, False, False, True, False, False, True, False, True]"
8,0.9996329132668161,"[True, True, True, True, True, True, True, True, True, True, True, True, True, True, False, True, True, False, False, True, True, False, False, False, False, False, False, False, False, True, True, True, False, True, True, False, False, True, False, True]"
8,0.9995222374775494,"[True, True, True, True, True, True, True, True, True, True, True, True, True, True, False, False, True, True, False, True, True, True, True, False, False, True, False, False, False, True, True, False, False, True, True, False, True, True, False, True]"
8,0.5241495422179563,"[True, True, True, False, True, True, True, True, True, True, True, True, True, True, False, False, False, True, False, True, True, False, True, True, False, True, False, False, False, False, True, False, False, True, True, False, False, True, True, True]"
8,0.9991766273047833,"[True, True, True, True, True, True, True, True, True, True, True, True, True, False, True, False, True, False, False, True, True, False, True, False, False, False, False, True, True, False, False, True, False, False, False, False, False, True, False, True]"
8,0.9933983799013032,"[True, True, True, True, True, True, True, True, True, True, False, True, False, True, False, False, True, False, False, True, True, False, True, True, False, True, False, False, False, True, True, True, False, False, True, True, True, True, False, True]"
step,fitness,genome
9,0.9996235379865382,"[True, True, True, True, True, True, True, True, True, True, True, True, True, True, False, True, True, False, False, False, True, False, False, False, False, True, False, False, True, False, True, True, False, True, True, False, False, True, False, True]"
9,0.0009715429847385462,"[False, True, True, True, True, True, True, True, True, True, True, False, True, True, True, True, False, False, False, True, True, True, True, False, False, True, False, False, False, False, True, True, False, True, True, True, True, True, False, True]"
9,0.9607076128141041,"[True, True, True, True, True, True, True, False, True, True, True, True, True, False, False, True, True, True, False, True, False, False, True, False, True, True, False, True, True, False, True, True, False, False, False, False, False, False, False, True]"
9,0.998337286469606,"[True, True, True, True, True, True, True, True, True, True, True, True, False, True, False, True, False, False, False, True, True, False, False, False, False, True, False, True, False, True, True, True, False, False, False, True, False, True, False, True]"
9,0.9998655045518305,"[True, True, True, True, True, True, True, True, True, True, True, True, True, True, True, True, False, False, False, True, True, True, True, False, False, True, False, True, False, True, True, True, False, False, True, False, False, True, False, True]"
9,0.9994698301630438,"[True, True, True, True, True, True, True, True, True, True, True, True, True, True, False, False, True, False, False, False, False, True, True, False, False, True, False, False, True, True, True, True, False, True, True, True, False, False, False, True]"
9,0.9971582781252721,"[True, True, True, True, True, True, True, True, True, True, True, False, True, True, False, True, False, True, False, True, True, False, True, False, False, True, False, False, False, True, True, False, False, False, True, False, True, True, False, False]"
9,0.9925637193769798,"[True, True, True, True, True, True, True, True, True, True, False, False, True, True, True, True, False, False, False, True, True, False, True, False, False, False, False, False, True, False, True, True, False, True, True, True, True, True, False, True]"
9,0.999631870748846,"[True, True, True, True, True, True, True, True, True, True, True, True, True, True, False, True, True, False, False, True, False, True, True, False, False, True, False, False, False, True, True, True, False, True, True, True, True, True, False, True]"
9,0.9612270136038319,"[True, True, True, True, True, True, True, False, True, True, True, True, True, True, False, True, False, True, False, True, True, False, True, False, False, False, False, False, True, True, True, False, True, False, True, False, False, True, False, True]"
9,0.9995192882038585,"[True, True, True, True, True, True, True, True, True, True, True, True, True, True, False, False, True, True, False, True, True, False, False, True, False, True, False, True, False, False, True, True, False, False, True, False, True, True, False, True]"
9,0.9997880872634435,"[True, True, True, True, True, True, True, True, True, True, True, True, True, True, True, False, True, False, False, True, True, True, False, False, False, True, True, False, True, True, True, True, False, True, True, True, True, True, False, True]"
9,0.9996319079894068,"[True, True, True, True, True, True, True, True, True, True, True, True, True, True, False, True, True, False, False, True, False, True, True, False, False, True, False, True, False, True, True, True, False, True, True, True, True, True, False, True]"
9,0.9897728775219942,"[True, True, True, True, True, True, True, True, True, False, True, True, True, True, False, False, True, False, True, False, True, False, True, False, False, True, False, False, False, False, False, True, False, False, True, False, True, False, True, False]"
9,0.9934007873126214,"[True, True, True, True, True, True, True, True, True, True, False, True, False, True, False, False, True, False, False, True, True, True, True, True, False, True, False, True, False, True, True, True, False, True, True, False, False, True, False, True]"
9,0.9998597969776738,"[True, True, True, True, True, True, True, True, True, True, True, True, True, True, True, True, False, False, False, True, False, True, False, False, True, True, False, False, False, False, True, True, False, True, True, True, False, True, False, True]"
9,0.8539641214137614,"[True, True, True, True, True, False, True, True, True, True, True, True, True, True, False, True, True, False, False, False, True, False, False, False, False, True, False, False, False, False, True, True, False, True, False, True, False, True, False, True]"
9,0.854168913922606,"[True, True, True, True, True, False, True, True, True, True, True, True, True, True, True, True, False, False, False, True, False, True, False, False, False, True, False, False, False, False, True, False, False, True, True, True, False, True, False, True]"
9,0.0009733244808778661,"[False, True, True, True, True, True, True, True, True, True, True, True, False, True, False, True, False, False, False, True, True, True, True, False, False, True, True, False, False, True, True, True, False, True, True, False, False, True, False, True]"
9,0.987381376655508,"[True, True, True, True, True, True, True, True, True, False, True, False, True, True, False, False, True, True, False, True, False, True, False, False, False, True, False, False, False, True, True, True, False, True, True, True, False, False, False, True]"
9,0.9995222655506696,"[True, True, True, True, True, True, True, True, True, True, True, True, True, True, False, False, True, True, False, True, True, True, True, False, False, True, False, True, False, False, True, False, False, True, True, True, True, True, False, True]"
9,0.9998654587915978,"[True, True, True, True, True, True, True, True, True, True, True, True, True, True, True, True, False, False, False, True, True, True, True, False, False, True, False, False, False, False, True, True, False, True, True, True, True, True, False, True]"
9,0.924214741722516,"[True, True, True, True, True, True, False, True, True, True, True, True, True, True, False, True, True, False, False, False, True, False, False, True, False, False, False, False, False, True, True, True, True, True, True, True, False, True, False, True]"
9,0.9998630748970606,"[True, True, True, True, True, True, True, True, True, True, True, True, True, True, True, True, False, False, False, True, True, False, True, False, False, True, False, False, False, False, True, True, False, True, True, True, True, True, False, True]"
9,0.7271390508729518,"[True, True, True, True, False, True, True, True, True, True, True, True, True, False, False, False, True, False, True, True, False, False, True, False, False, False, False, True, True, False, False, False, False, False, True, True, False, True, False, True]"
9,0.5242508291069967,"[True, True, True, False, True, True, True, True, True, True, True, True, True, True, False, True, True, False, False, False, True, False, True, True, False, False, True, False, False, True, True, True, True, True, True, False, False, True, True, True]"
9,0.0007103213596456645,"[False, True, True, True, True, False, True, True, True, True, True, True, True, True, False, True, False, True, False, True, True, False, True, False, False, False, False, False, True, True, False, True, False, False, True, True, True, True, False, True]"
9,0.5242672990505317,"[True, True, True, False, True, True, True, True, True, True, True, True, True, True, False, True, True, False, True, True, True, True, False, False, True, False, False, True, False, False, False, True, False, False, False, False, True, False, False, False]"
9,0.0004705460986987567,"[False, True, True, True, False, True, True, False, True, True, True, True, True, True, False, False, True, False, True, True, True, False, False, False, False, False, False, False, False, True, True, True, False, True, True, False, False, True, False, True]"
9,0.2627815180583636,"[True, True, False, True, True, True, True, True, True, True, True, True, True, False, False, True, True, False, False, True, False, True, True, False, False, True, False, False, False, True, True, True, True, False, True, False, False, True, False, True]"
9,0.9997880867905965,"[True, True, True, True, True, True, True, True, True, True, True, True, True, True, True, False, True, False, False, True, True, True, False, False, False, True, True, False, True, True, True, True, False, True, False, False, True, False, False, True]"
9,0.9983016135945397,"[True, True, True, True, True, True, True, True, True, True, True, True, False, True, False, False, True, True, False, True, True, True, False, False, False, True, True, False, False, True, True, False, False, True, True, True, True, True, False, True]"
9,0.999397186187831,"[True, True, True, True, True, True, True, True, True, True, True, True, True, True, False, False, False, False, False, False, True, True, False, False, False, True, False, True, True, True, True, True, False, False, True, False, True, True, False, True]"
9,0.9996319029706593,"[True, True, True, True, True, True, True, True, True, True, True, True, True, True, False, True, True, False, False, True, False, True, True, False, False, True, False, True, False, True, False, True, False, True, False, True, False, True, False, True]"
9,0.9229591532760121,"[True, True, True, True, True, True, False, True, True, True, True, True, False, True, False, False, True, False, True, True, False, False, True, False, False, True, False, False, False, True, True, True, False, False, False, False, True, True, False, False]"
9,0.8370514210388593,"[True, True, True, True, True, False, True, True, False, True, True, True, True, True, False, False, True, False, False, True, True, True, True, False, False, True, False, True, False, True, False, False, False, True, False, False, False, True, False, True]"
9,0.9211020395012756,"[True, True, True, True, True, True, False, True, True, True, True, False, False, True, True, True, True, False, False, True, True, False, True, False, False, True, True, False, False, True, True, True, False, False, True, True, False, True, False, True]"
9,0.9241199367835516,"[True, True, True, True, True, True, False, True, True, True, True, True, True, True, False, False, True, True, False, True, True, True, True, False, False, True, False, False, False, True, True, False, False, True, True, True, True, True, False, True]"
9,0.9994793712326591,"[True, True, True, True, True, True, True, True, True, True, True, True, True, True, False, False, True, False, False, True, False, True, True, False, False, True, False, True, False, False, True, True, False, False, True, True, True, True, False, True]"
9,0.999900025582596,"[True, True, True, True, True, True, True, True, True, True, True, True, True, True, True, True, False, True, False, True, True, False, False, False, False, True, False, False, False, False, True, True, False, True, True, False, False, False, False, True]"
9,0.009052553045592517,"[True, False, False, True, True, True, True, True, True, True, True, False, True, True, False, False, True, True, False, True, True, True, True, False, False, False, False, False, False, True, True, False, False, True, True, False, True, True, True, True]"
9,0.9995018565340947,"[True, True, True, True, True, True, True, True, True, True, True, True, True, True, False, False, True, False, True, True, True, True, False, False, False, False, False, True, False, False, False, True, False, False, False, False, True, False, False, False]"
9,0.9994841397800655,"[True, True, True, True, True, True, True, True, True, True, True, True, True, True, False, False, True, False, False, True, True, True, True, False, False, True, False, True, False, True, False, False, False, True, False, False, False, True, False, True]"
9,0.9996313063581156,"[True, True, True, True, True, True, True, True, True, True, True, True, True, True, False, True, True, False, False, True, False, True, False, True, False, True, False, True, False, True, False, True, False, False, False, False, False, False, False, True]"
9,0.9989841202911514,"[True, True, True, True, True, True, True, True, True, True, True, True, True, False, False, True, False, True, False, True, False, True, True, False, True, True, False, True, True, False, True, True, False, True, True, False, False, True, False, True]"
9,0.9871150481327231,"[True, True, True, True, True, True, True, True, True, False, True, False, True, False, True, True, False, False, False, True, False, False, False, False, False, True, False, False, False, False, True, True, False, True, False, True, False, True, False, True]"
9,0.9234745855430248,"[True, True, True, True, True, True, False, True, True, True, True, True, True, False, False, False, False, True, False, True, False, False, True, True, False, True, True, True, True, True, True, True, False, False, True, False, False, True, True, False]"
9,0.9900677120302493,"[True, True, True, True, True, True, True, True, True, False, True, True, True, True, True, False, True, False, False, True, True, True, False, True, False, True, True, False, True, True, True, True, False, True, True, True, True, True, False, True]"
9,0.9997868302184729,"[True, True, True, True, True, True, True, True, True, True, True, True, True, True, True, False, True, False, False, True, True, False, True, False, False, True, False, True, False, False, True, True, False, True, True, True, True, True, False, True]"
9,0.9996330963694551,"[True, True, True, True, True, True, True, True, True, True, True, True, True, True, False, True, True, False, False, True, True, False, False, False, False, True, False, True, False, True, True, False, False, False, False, True, False, False, False, False]"
9,0.9998631470656678,"[True, True, True, True, True, True, True, True, True, True, True, True, True, True, True, True, False, False, False, True, True, False, True, False, False, True, True, False, False, False, True, False, False, True, True, True, True, True, False, True]"
9,0.999249466657061,"[True, True, True, True, True, True, True, True, True, True, True, True, True, False, True, True, False, False, False, True, False, True, False, False, False, True, True, False, False, False, True, True, False, True, True, True, False, True, False, True]"
9,0.9801332502250967,"[True, True, True, True, True, True, True, True, False, True, True, True, True, True, False, False, True, False, False, True, True, True, True, True, False, True, False, True, False, True, True, True, False, True, True, False, False, True, False, True]"
9,0.9995419382186904,"[True, True, True, True, True, True, True, True, True, True, True, True, True, True, False, False, True, True, True, True, True, True, True, True, False, True, False, True, False, True, True, True, False, True, True, False, False, True, False, True]"
9,0.9151680337664189,"[True, True, True, True, True, True, False, True, True, False, True, True, True, True, False, True, True, False, False, True, True, False, True, True, False, True, False, False, True, False, True, True, False, True, True, False, True, True, False, True]"
9,0.9949169190193453,"[True, True, True, True, True, True, True, True, True, True, False, True, True, True, True, False, True, False, False, True, True, True, False, False, False, True, True, False, True, True, True, True, False, True, True, True, False, True, False, True]"
9,0.9805014698665298,"[True, True, True, True, True, True, True, True, False, True, True, True, True, True, True, True, False, False, False, True, False, True, False, False, False, True, False, False, False, False, True, True, False, True, True, True, False, False, False, True]"
9,0.0009759901943681435,"[False, True, True, True, True, True, True, True, True, True, True, True, True, True, True, False, False, False, False, True, False, True, False, False, False, True, False, False, False, False, True, True, False, True, True, True, False, True, False, True]"
9,0.994799387851412,"[True, True, True, True, True, True, True, True, True, True, False, True, True, True, False, True, True, True, False, True, False, True, True, False, False, True, False, True, False, True, False, True, False, True, True, True, False, True, False, True]"
9,0.9754935022606509,"[True, True, True, True, True, True, True, True, False, True, False, True, True, True, False, True, True, False, False, True, True, False, False, False, False, True, False, True, False, True, True, True, False, False, True, True, False, False, False, True]"
9,0.9892684216872544,"[True, True, True, True, True, True, True, True, True, False, True, True, True, False, False, True, False, True, False, True, False, False, True, True, True, True, False, True, True, False, True, True, False, False, False, False, True, True, False, False]"
9,0.9995419289820339,"[True, True, True, True, True, True, True, True, True, True, True, True, True, True, False, False, True, True, True, True, True, True, True, True, False, True, False, True, False, False, True, True, False, True, True, False, True, True, False, True]"
9,0.05482609598269047,"[True, False, True, True, True, True, True, True, False, True, True, True, True, True, False, False, True, False, False, True, True, False, True, False, True, True, False, False, False, False, True, True, False, False, True, False, False, True, False, True]"
9,0.9996317227321758,"[True, True, True, True, True, True, True, True, True, True, True, True, True, True, False, True, True, False, False, True, False, True, True, False, False, False, False, False, False, True, True, True, True, True, True, False, False, True, False, True]"
9,0.0009758273108679342,"[False, True, True, True, True, True, True, True, True, True, True, True, True, True, False, True, True, False, False, False, True, False, False, False, False, True, False, False, False, False, True, True, False, True, True, False, False, True, True, True]"
9,0.2629319354254703,"[True, True, False, True, True, True, True, True, True, True, True, True, True, True, False, False, True, True, False, True, True, True, True, False, False, True, False, False, False, False, True, True, False, True, True, False, False, True, False, True]"
9,0.9974209329588156,"[True, True, True, True, True, True, True, True, True, True, True, False, True, True, True, True, False, False, False, True, False, True, False, False, False, False, False, False, False, False, True, True, False, True, True, True, False, True, False, True]"
9,0.009080999283258501,"[True, False, False, True, True, True, True, True, True, True, True, True, True, False, False, True, True, False, True, True, False, True, True, False, True, True, False, True, False, False, True, True, False, False, True, False, True, False, True, True]"
9,0.9994734413126376,"[True, True, True, True, True, True, True, True, True, True, True, True, True, True, False, False, True, False, False, False, True, True, False, False, False, True, False, True, True, True, True, True, False, False, True, False, True, False, False, False]"
9,0.9995520613495951,"[True, True, True, True, True, True, True, True, True, True, True, True, True, True, False, True, False, False, False, True, False, False, False, False, False, True, False, True, False, True, False, True, False, False, False, False, False, True, False, True]"
9,0.9996330614654837,"[True, True, True, True, True, True, True, True, True, True, True, True, True, True, False, True, True, False, False, True, True, False, False, False, False, True, False, False, False, True, True, True, False, False, False, True, False, False, False, True]"
9,0.9988908997317706,"[True, True, True, True, True, True, True, True, True, True, True, True, True, False, False, False, True, False, True, True, True, False, True, False, False, True, False, False, True, True, True, True, False, False, True, False, False, True, False, True]"
9,0.7276995237156718,"[True, True, True, True, False, True, True, True, True, True, True, True, True, True, False, True, True, False, False, True, False, True, True, False, False, True, False, False, False, True, True, True, False, True, False, True, False, False, False, True]"
9,0.9997081338152176,"[True, True, True, True, True, True, True, True, True, True, True, True, True, True, True, False, False, False, False, True, False, True, True, False, False, True, False, False, False, False, True, True, True, True, True, True, False, True, False, True]"
9,0.9964253678715298,"[True, True, True, True, True, True, True, True, True, True, True, False, True, False, False, False, True, False, False, False, True, False, False, True, False, False, False, True, False, True, True, True, True, True, True, False, True, True, True, True]"
9,0.26146819153107764,"[True, True, False, True, True, True, True, True, True, True, False, True, True, True, False, False, True, True, False, True, True, True, False, True, True, True, False, False, False, False, True, True, False, True, True, False, True, True, False, True]"
9,0.840650024968919,"[True, True, True, True, True, False, True, True, True, False, False, True, True, False, False, False, False, False, True, True, True, True, True, False, False, True, False, False, False, False, True, True, True, True, False, False, True, True, False, False]"
9,0.9996329132668161,"[True, True, True, True, True, True, True, True, True, True, True, True, True, True, False, True, True, False, False, True, True, False, False, False, False, False, False, False, False, True, True, True, False, True, True, False, False, True, False, True]"
9,0.5242498805592166,"[True, True, True, False, True, True, True, True, True, True, True, True, True, True, False, True, True, False, False, False, True, False, False, False, False, True, False, False, True, True, True, True, False, True, True, False, False, True, False, True]"
9,0.9996365855447058,"[True, True, True, True, True, True, True, True, True, True, True, True, True, True, False, True, True, False, False, True, True, True, True, False, False, False, True, True, False, False, False, True, False, False, True, False, False, True, False, True]"
9,0.9994837042980911,"[True, True, True, True, True, True, True, True, True, True, True, True, True, True, False, False, True, False, False, True, True, True, False, True, True, False, False, True, True, False, False, True, False, False, True, False, False, True, False, True]"
9,0.9899123047133759,"[True, True, True, True, True, True, True, True, True, False, True, True, True, True, False, True, True, False, False, True, False, True, True, False, False, True, False, True, False, True, False, True, False, True, True, True, False, True, False, True]"
9,0.9996235158751217,"[True, True, True, True, True, True, True, True, True, True, True, True, True, True, False, True, True, False, False, False, True, False, False, False, False, True, False, False, False, False, False, True, True, True, True, False, False, True, False, True]"
9,0.9994793433424368,"[True, True, True, True, True, True, True, True, True, True, True, True, True, True, False, False, True, False, False, True, False, True, True, False, False, True, False, False, False, True, True, True, False, True, False, False, False, False, False, True]"
9,0.999634253929053,"[True, True, True, True, True, True, True, True, True, True, True, True, True, True, False, True, True, False, False, True, True, False, True, False, False, True, False, False, False, True, True, True, False, True, True, False, False, True, False, True]"
9,0.9989123085693021,"[True, True, True, True, True, True, True, True, True, True, True, True, True, False, False, False, True, True, False, True, True, True, True, False, False, True, False, False, False, False, True, True, False, True, False, False, False, True, False, True]"
9,0.0008254105093853071,"[False, True, True, True, True, True, False, True, True, True, False, True, True, True, False, True, True, False, False, True, False, True, True, False, False, True, False, True, False, True, False, True, False, True, True, True, False, True, False, True]"
9,0.9998595176161919,"[True, True, True, True, True, True, True, True, True, True, True, True, True, True, True, True, False, False, False, True, False, True, False, False, False, True, False, False, True, False, True, True, False, True, True, True, False, True, False, True]"
9,0.056280227924383266,"[True, False, True, True, True, True, True, True, True, True, True, True, True, True, False, True, False, False, False, True, True, False, False, False, False, False, False, False, False, True, True, True, False, True, True, True, False, True, False, True]"
9,0.0009020263005245776,"[False, True, True, True, True, True, True, False, True, True, True, True, True, True, False, False, True, True, False, True, True, True, True, False, False, True, False, False, False, True, True, False, True, True, True, False, True, False, False, True]"
9,0.9989319962371294,"[True, True, True, True, True, True, True, True, True, True, True, True, True, False, False, False, True, True, True, True, True, True, True, True, False, True, False, True, False, False, True, True, False, True, False, False, False, True, False, True]"
9,0.9947256615365727,"[True, True, True, True, True, True, True, True, True, True, False, True, True, True, False, True, False, True, False, True, True, False, True, False, False, False, False, False, True, True, True, False, False, False, True, True, True, True, False, True]"
9,0.961262660405333,"[True, True, True, True, True, True, True, False, True, True, True, True, True, True, False, True, True, False, False, True, True, False, False, False, False, False, False, False, False, True, True, True, False, True, False, False, False, True, False, True]"
9,0.26291976755286994,"[True, True, False, True, True, True, True, True, True, True, True, True, True, True, False, False, True, False, False, True, True, False, True, False, False, True, False, True, False, True, False, False, False, True, True, False, False, True, False, True]"
9,0.999779706190311,"[True, True, True, True, True, True, True, True, True, True, True, True, True, True, True, False, True, False, False, False, True, True, True, False, False, True, False, True, True, True, True, True, False, False, True, False, False, True, False, True]"
9,0.9987980277293099,"[True, True, True, True, True, True, True, True, True, True, True, True, True, False, False, False, False, False, False, True, True, True, True, False, False, True, False, True, False, True, False, True, False, True, True, False, False, True, False, True]"
9,0.9995007955937806,"[True, True, True, True, True, True, True, True, True, True, True, True, True, True, False, False, True, False, True, True, True, False, True, False, False, True, False, False, True, False, False, True, False, False, True, False, True, False, False, False]"
9,0.5187690272840813,"[True, True, True, False, True, True, True, True, True, False, True, True, True, True, False, False, True, True, True, True, True, True, True, True, False, True, False, True, False, True, True, True, False, True, False, False, False, True, False, True]"
9,0.9997880872816299,"[True, True, True, True, True, True, True, True, True, True, True, True, True, True, True, False, True, False, False, True, True, True, False, False, False, True, True, False, True, True, True, True, False, True, True, True, True, True, True, True]"
9,0.9996335102984526,"[True, True, True, True, True, True, True, True, True, True, True, True, True, True, False, True, True, False, False, True, True, False, False, True, False, False, False, False, False, True, True, True, True, True, True, False, False, True, True, True]"
step,fitness,genome
10,0.9244398077215514,"[True, True, True, True, True, True, False, True, True, True, True, True, True, True, True, True, False, False, False, True, True, True, True, False, False, True, False, True, False, True, True, True, False, False, True, False, False, True, False, True]"
10,0.9982992330559548,"[True, True, True, True, True, True, True, True, True, True, True, True, False, True, False, False, True, True, False, True, True, False, False, False, False, True, True, False, False, True, True, False, False, True, True, True, True, True, False, True]"
10,0.0009763631728015761,"[False, True, True, True, True, True, True, True, True, True, True, True, True, True, True, True, False, True, False, True, False, True, False, False, True, True, False, False, False, False, True, True, False, True, True, True, False, True, False, True]"
10,0.9994793689418063,"[True, True, True, True, True, True, True, True, True, True, True, True, True, True, False, False, True, False, False, True, False, True, True, False, False, True, False, True, False, False, True, False, False, True, False, False, False, False, False, True]"
10,0.9949169189650253,"[True, True, True, True, True, True, True, True, True, True, False, True, True, True, True, False, True, False, False, True, True, True, False, False, False, True, True, False, True, True, True, True, False, True, True, False, True, True, True, True]"
10,0.9998631467655715,"[True, True, True, True, True, True, True, True, True, True, True, True, True, True, True, True, False, False, False, True, True, False, True, False, False, True, True, False, False, False, True, False, False, True, False, True, True, True, False, False]"
10,0.9995419289820339,"[True, True, True, True, True, True, True, True, True, True, True, True, True, True, False, False, True, True, True, True, True, True, True, True, False, True, False, True, False, False, True, True, False, True, True, False, True, True, False, True]"
10,0.9996330966603972,"[True, True, True, True, True, True, True, True, True, True, True, True, True, True, False, True, True, False, False, True, True, False, False, False, False, True, False, True, False, True, True, False, False, False, True, True, False, False, False, False]"
10,0.0009763259637532519,"[False, True, True, True, True, True, True, True, True, True, True, True, True, True, True, True, False, False, True, True, False, True, False, False, True, True, False, False, True, False, True, True, False, True, True, True, False, True, False, True]"
10,0.7273584775830019,"[True, True, True, True, False, True, True, True, True, True, True, True, True, False, True, False, True, False, False, True, True, True, False, False, False, True, True, False, True, True, True, False, False, True, True, True, True, True, False, True]"
10,0.9992497086010321,"[True, True, True, True, True, True, True, True, True, True, True, True, True, False, True, True, False, False, False, True, False, True, False, False, True, True, False, False, True, False, True, True, False, True, True, True, False, False, False, True]"
10,0.9990254527292545,"[True, True, True, True, True, True, True, True, True, True, True, True, True, False, False, True, True, False, False, True, True, True, False, False, False, True, False, False, False, False, True, True, False, True, True, True, False, True, False, True]"
10,0.989573292351284,"[True, True, True, True, True, True, True, True, True, False, True, True, True, False, True, True, False, True, False, True, True, False, False, False, False, True, False, False, False, False, True, True, False, True, True, False, False, False, False, True]"
10,0.9990981101444962,"[True, True, True, True, True, True, True, True, True, True, True, True, True, False, True, False, False, False, False, True, False, True, True, False, False, True, False, False, False, False, True, True, True, True, True, True, False, True, False, False]"
10,0.9934867022712947,"[True, True, True, True, True, True, True, True, True, True, False, True, False, True, False, True, False, False, True, True, False, False, False, False, False, True, False, True, False, True, True, False, True, False, True, True, False, False, False, False]"
10,0.9996364880969515,"[True, True, True, True, True, True, True, True, True, True, True, True, True, True, False, True, True, False, False, True, True, True, True, False, False, False, False, False, False, True, True, True, False, True, False, False, False, True, True, True]"
10,0.9997880867178508,"[True, True, True, True, True, True, True, True, True, True, True, True, True, True, True, False, True, False, False, True, True, True, False, False, False, True, True, False, True, True, True, True, False, True, False, False, False, False, False, True]"
10,0.9998597969958615,"[True, True, True, True, True, True, True, True, True, True, True, True, True, True, True, True, False, False, False, True, False, True, False, False, True, True, False, False, False, False, True, True, False, True, True, True, False, True, True, True]"
10,0.9992553487462053,"[True, True, True, True, True, True, True, True, True, True, True, True, True, False, True, True, False, False, False, True, True, True, True, False, False, True, False, False, False, False, True, True, False, True, True, True, True, True, True, True]"
10,0.9994793710872081,"[True, True, True, True, True, True, True, True, True, True, True, True, True, True, False, False, True, False, False, True, False, True, True, False, False, True, False, True, False, False, True, True, False, False, True, False, True, True, False, True]"
10,0.9798318588660617,"[True, True, True, True, True, True, True, True, False, True, True, True, True, False, True, False, True, False, False, True, True, True, False, False, False, True, True, False, False, True, True, True, False, True, True, True, True, True, True, True]"
10,0.9998654587915978,"[True, True, True, True, True, True, True, True, True, True, True, True, True, True, True, True, False, False, False, True, True, True, True, False, False, True, False, False, False, False, True, True, False, True, True, True, True, True, False, True]"
10,0.9997022382890441,"[True, True, True, True, True, True, True, True, True, True, True, True, True, True, True, False, False, False, False, False, True, True, False, False, False, True, False, True, True, True, True, True, False, False, True, False, True, True, False, True]"
10,0.9998654588097856,"[True, True, True, True, True, True, True, True, True, True, True, True, True, True, True, True, False, False, False, True, True, True, True, False, False, True, False, False, False, False, True, True, False, True, True, True, True, True, True, True]"
10,0.9998630725690411,"[True, True, True, True, True, True, True, True, True, True, True, True, True, True, True, True, False, False, False, True, True, False, True, False, False, True, False, False, False, False, True, False, False, True, True, True, True, True, False, True]"
10,0.5244258076248899,"[True, True, True, False, True, True, True, True, True, True, True, True, True, True, True, True, True, False, False, True, True, False, False, False, False, False, False, False, False, True, True, True, False, True, True, False, False, False, False, True]"
10,0.9998610255870253,"[True, True, True, True, True, True, True, True, True, True, True, True, True, True, True, True, False, False, False, True, False, True, True, False, True, True, False, True, False, False, True, True, False, False, True, True, False, True, False, True]"
10,0.2628516776463876,"[True, True, False, True, True, True, True, True, True, True, True, True, True, False, True, True, False, False, False, True, True, True, True, False, False, False, True, False, False, False, False, True, False, False, True, False, False, True, False, True]"
10,0.999248200405703,"[True, True, True, True, True, True, True, True, True, True, True, True, True, False, True, True, False, False, False, True, False, False, True, False, False, True, False, False, False, False, True, True, False, False, True, True, True, True, False, True]"
10,0.9901414501269222,"[True, True, True, True, True, True, True, True, True, False, True, True, True, True, True, True, False, False, False, True, True, False, True, False, False, True, False, False, False, False, True, False, False, True, True, True, True, True, False, True]"
10,0.6984657489800492,"[True, True, True, True, False, True, True, False, True, True, True, True, True, False, False, True, True, True, False, True, False, False, False, False, True, True, False, True, True, False, True, True, False, True, False, False, False, False, False, True]"
10,0.9994884705277781,"[True, True, True, True, True, True, True, True, True, True, True, True, True, True, False, False, True, False, True, False, False, True, False, True, True, False, False, True, True, False, False, True, False, False, True, False, True, True, False, False]"
10,0.2626451601270894,"[True, True, False, True, True, True, True, True, True, True, True, True, False, True, True, False, True, False, False, True, True, True, False, False, False, True, True, False, True, True, True, True, False, True, True, False, True, True, False, True]"
10,0.2630118749190461,"[True, True, False, True, True, True, True, True, True, True, True, True, True, True, True, False, True, False, False, True, True, True, False, False, False, True, True, True, True, True, True, True, False, True, False, True, True, False, True, True]"
10,0.9995419476008063,"[True, True, True, True, True, True, True, True, True, True, True, True, True, True, False, False, True, True, True, True, True, True, True, True, False, True, False, True, True, False, True, True, False, True, True, False, True, True, False, True]"
10,0.9996235379865382,"[True, True, True, True, True, True, True, True, True, True, True, True, True, True, False, True, True, False, False, False, True, False, False, False, False, True, False, False, True, False, True, True, False, True, True, False, False, True, False, True]"
10,0.9996317587544128,"[True, True, True, True, True, True, True, True, True, True, True, True, True, True, False, True, True, False, False, True, False, True, True, False, False, False, False, True, False, True, True, True, False, True, False, True, True, True, True, True]"
10,0.9805017626904848,"[True, True, True, True, True, True, True, True, False, True, True, True, True, True, True, True, False, False, False, True, False, True, False, False, True, True, False, False, False, False, True, True, False, True, True, True, False, True, False, True]"
10,0.9946039497912025,"[True, True, True, True, True, True, True, True, True, True, False, True, True, True, False, False, True, False, False, False, True, True, False, False, True, True, False, True, True, True, True, True, False, False, True, False, True, False, False, False]"
10,0.524123835475915,"[True, True, True, False, True, True, True, True, True, True, True, True, True, True, False, False, False, False, False, False, True, True, True, False, False, False, False, True, True, True, True, True, False, False, True, False, False, True, False, True]"
10,0.9801279814746996,"[True, True, True, True, True, True, True, True, False, True, True, True, True, True, False, False, True, False, False, True, False, True, True, False, False, True, False, True, False, True, True, True, False, False, True, True, True, True, False, True]"
10,0.9990421731244457,"[True, True, True, True, True, True, True, True, True, True, True, True, True, False, False, True, True, False, True, True, True, False, False, False, False, True, False, True, False, True, True, True, False, False, False, True, False, False, False, False]"
10,0.7241567107394087,"[True, True, True, True, False, True, True, True, True, True, False, True, True, True, True, False, True, False, False, True, True, True, False, False, False, True, True, False, True, True, True, True, False, True, True, True, False, False, False, True]"
10,0.9991786153155053,"[True, True, True, True, True, True, True, True, True, True, True, True, True, False, True, False, True, False, False, True, True, True, False, True, False, True, True, False, True, True, True, True, False, True, True, True, True, True, True, True]"
10,0.8530483484243582,"[True, True, True, True, True, False, True, True, True, True, True, True, False, True, True, False, True, False, False, True, True, True, False, False, False, True, True, False, True, True, True, True, False, False, True, False, True, True, True, True]"
10,0.8538933137899789,"[True, True, True, True, True, False, True, True, True, True, True, True, True, True, False, False, True, True, True, True, True, True, True, True, False, True, False, True, False, False, True, True, False, True, True, True, True, True, False, True]"
10,0.9991791080245546,"[True, True, True, True, True, True, True, True, True, True, True, True, True, False, True, False, True, False, False, True, True, True, True, False, False, True, False, False, False, False, True, True, False, True, False, False, False, True, False, True]"
10,0.7276708611631357,"[True, True, True, True, False, True, True, True, True, True, True, True, True, True, False, True, False, True, False, True, False, True, True, False, False, True, False, False, False, False, True, True, False, True, False, True, False, True, False, True]"
10,0.988858019675056,"[True, True, True, True, True, True, True, True, True, False, True, True, False, True, True, False, True, False, False, True, True, True, False, False, False, True, True, True, False, True, True, True, False, True, True, True, True, True, True, True]"
10,0.9997105162861707,"[True, True, True, True, True, True, True, True, True, True, True, True, True, True, True, False, False, False, False, True, True, False, True, False, False, True, False, False, False, False, True, True, False, True, True, True, True, True, False, True]"
10,0.9996545471629708,"[True, True, True, True, True, True, True, True, True, True, True, True, True, True, False, True, True, False, True, True, True, True, False, False, False, True, False, True, False, True, True, False, False, False, False, True, False, False, False, False]"
10,0.7276293064462799,"[True, True, True, True, False, True, True, True, True, True, True, True, True, True, False, False, True, True, True, True, True, False, False, True, False, True, True, True, False, False, True, True, False, False, True, False, False, True, False, True]"
10,9.53584040255011e-07,"[False, False, True, True, True, True, True, True, True, True, True, True, True, True, True, True, True, True, False, True, True, False, False, False, False, True, False, False, True, False, True, True, False, True, True, False, False, False, False, False]"
10,0.999634253929053,"[True, True, True, True, True, True, True, True, True, True, True, True, True, True, False, True, True, False, False, True, True, False, True, False, False, True, False, False, False, True, True, True, False, True, True, False, False, True, False, True]"
10,0.0009761404490460006,"[False, True, True, True, True, True, True, True, True, True, True, True, True, True, True, False, True, False, False, True, False, True, False, True, False, True, True, False, False, False, True, True, True, True, True, True, False, True, False, True]"
10,0.0009649628597746245,"[False, True, True, True, True, True, True, True, True, True, False, True, True, False, False, False, True, True, False, True, True, True, True, False, False, True, False, True, False, False, True, False, False, True, True, False, True, True, False, True]"
10,0.9998630745696828,"[True, True, True, True, True, True, True, True, True, True, True, True, True, True, True, True, False, False, False, True, True, False, True, False, False, True, False, False, False, False, True, True, False, True, False, True, True, False, False, True]"
10,0.8541730934957651,"[True, True, True, True, True, False, True, True, True, True, True, True, True, True, True, True, False, False, False, True, True, True, False, False, False, True, False, True, False, True, True, True, False, False, True, False, True, True, False, True]"
10,0.998261072088156,"[True, True, True, True, True, True, True, True, True, True, True, True, False, True, False, False, True, False, False, True, True, False, False, False, False, True, False, False, False, True, True, True, False, False, False, True, False, False, False, True]"
10,0.9612616853595943,"[True, True, True, True, True, True, True, False, True, True, True, True, True, True, False, True, True, False, False, True, False, True, True, False, False, True, False, True, False, True, False, True, False, True, False, True, False, True, False, True]"
10,0.0009756289289124286,"[False, True, True, True, True, True, True, True, True, True, True, True, True, True, False, False, True, True, False, True, True, True, False, True, True, False, True, True, True, False, False, True, False, False, True, False, True, True, False, True]"
10,0.26303405049305945,"[True, True, False, True, True, True, True, True, True, True, True, True, True, True, True, True, False, False, False, True, True, False, False, False, False, True, False, False, False, False, True, True, False, True, True, False, False, False, True, True]"
10,0.999708143125997,"[True, True, True, True, True, True, True, True, True, True, True, True, True, True, True, False, False, False, False, True, False, True, True, False, False, True, False, False, False, True, True, True, True, True, True, True, False, True, False, True]"
10,0.999558021854455,"[True, True, True, True, True, True, True, True, True, True, True, True, True, True, False, True, False, False, False, True, True, False, True, False, False, True, False, True, False, True, True, False, False, False, False, True, False, False, False, False]"
10,0.9805050543473841,"[True, True, True, True, True, True, True, True, False, True, True, True, True, True, True, True, False, False, False, True, True, False, True, False, False, True, True, False, False, False, True, False, False, True, True, True, True, True, False, True]"
10,0.05630600828503271,"[True, False, True, True, True, True, True, True, True, True, True, True, True, True, True, True, False, True, False, True, True, False, False, False, False, True, False, False, False, False, True, True, False, True, True, True, False, False, False, True]"
10,0.9996343482671631,"[True, True, True, True, True, True, True, True, True, True, True, True, True, True, False, True, True, False, False, True, True, False, True, False, False, True, True, False, True, True, True, True, True, True, True, False, True, True, False, True]"
10,0.9998693325583801,"[True, True, True, True, True, True, True, True, True, True, True, True, True, True, True, True, False, False, True, False, False, True, False, False, True, True, False, False, False, False, True, True, False, True, True, True, False, True, False, True]"
10,0.961486294042894,"[True, True, True, True, True, True, True, False, True, True, True, True, True, True, True, True, False, False, False, True, True, True, False, False, True, True, False, False, False, False, True, True, False, True, True, True, False, False, False, True]"
10,0.9998631470656678,"[True, True, True, True, True, True, True, True, True, True, True, True, True, True, True, True, False, False, False, True, True, False, True, False, False, True, True, False, False, False, True, False, False, True, True, True, True, True, False, True]"
10,0.9244344891512781,"[True, True, True, True, True, True, False, True, True, True, True, True, True, True, True, True, False, False, False, True, False, True, False, False, True, True, False, False, False, False, True, True, False, True, True, True, False, True, False, True]"
10,0.2630512173261716,"[True, True, False, True, True, True, True, True, True, True, True, True, True, True, True, True, False, True, True, True, True, False, False, False, False, False, False, True, False, False, False, True, False, True, True, False, False, False, False, False]"
10,0.9996239802058697,"[True, True, True, True, True, True, True, True, True, True, True, True, True, True, False, True, True, False, False, False, True, False, False, True, False, False, False, False, True, False, False, True, False, True, True, False, False, True, False, False]"
10,0.7274166016305476,"[True, True, True, True, False, True, True, True, True, True, True, True, True, False, True, True, False, False, False, True, True, True, True, False, False, True, False, False, True, False, True, True, False, True, True, True, True, True, True, True]"
10,0.9997868302184729,"[True, True, True, True, True, True, True, True, True, True, True, True, True, True, True, False, True, False, False, True, True, False, True, False, False, True, False, True, False, False, True, True, False, True, True, True, True, True, False, True]"
10,0.9236208942571675,"[True, True, True, True, True, True, False, True, True, True, True, True, True, False, False, True, False, True, False, True, True, False, True, True, False, False, True, False, True, True, False, True, False, False, True, False, False, True, True, False]"
10,0.9994837042980911,"[True, True, True, True, True, True, True, True, True, True, True, True, True, True, False, False, True, False, False, True, True, True, False, True, True, False, False, True, True, False, False, True, False, False, True, False, False, True, False, True]"
10,0.9999190975164378,"[True, True, True, True, True, True, True, True, True, True, True, True, True, True, True, True, False, True, True, True, True, False, False, False, False, True, False, False, False, False, True, True, False, True, True, False, False, False, False, True]"
10,0.9996235158751217,"[True, True, True, True, True, True, True, True, True, True, True, True, True, True, False, True, True, False, False, False, True, False, False, False, False, True, False, False, False, False, False, True, True, True, True, False, False, True, False, True]"
10,0.9998630679130021,"[True, True, True, True, True, True, True, True, True, True, True, True, True, True, True, True, False, False, False, True, True, False, True, False, False, True, False, False, False, False, False, False, False, True, True, True, True, True, False, True]"
10,0.853963989234759,"[True, True, True, True, True, False, True, True, True, True, True, True, True, True, False, True, True, False, False, False, True, False, False, False, False, False, False, False, False, False, False, True, True, True, True, False, False, True, False, True]"
10,0.26303443062314985,"[True, True, False, True, True, True, True, True, True, True, True, True, True, True, True, True, False, False, False, True, True, False, True, False, False, True, True, False, False, False, True, False, False, True, True, True, True, True, False, True]"
10,0.9998630724962905,"[True, True, True, True, True, True, True, True, True, True, True, True, True, True, True, True, False, False, False, True, True, False, True, False, False, True, False, False, False, False, True, False, False, True, True, True, False, True, False, True]"
10,0.9999000348949839,"[True, True, True, True, True, True, True, True, True, True, True, True, True, True, True, True, False, True, False, True, True, False, False, False, False, True, False, False, False, True, True, True, False, True, True, False, False, False, False, True]"
10,0.9995544541771623,"[True, True, True, True, True, True, True, True, True, True, True, True, True, True, False, True, False, False, False, True, False, True, False, False, False, True, False, True, True, False, False, True, False, False, True, False, False, True, False, True]"
10,0.9998571241313741,"[True, True, True, True, True, True, True, True, True, True, True, True, True, True, True, True, False, False, False, True, False, False, False, False, False, True, False, False, False, True, True, True, False, True, False, True, False, True, False, True]"
10,0.9998655309603599,"[True, True, True, True, True, True, True, True, True, True, True, True, True, True, True, True, False, False, False, True, True, True, True, False, False, True, True, False, False, False, True, False, False, True, True, True, True, True, False, True]"
10,0.9998658312755814,"[True, True, True, True, True, True, True, True, True, True, True, True, True, True, True, True, False, False, False, True, True, True, True, False, True, True, True, False, False, False, True, True, False, True, True, True, True, True, False, True]"
10,0.9998629235758026,"[True, True, True, True, True, True, True, True, True, True, True, True, True, True, True, True, False, False, False, True, True, False, True, False, False, False, False, False, False, False, True, False, False, True, True, True, True, True, False, True]"
10,0.999863149102685,"[True, True, True, True, True, True, True, True, True, True, True, True, True, True, True, True, False, False, False, True, True, False, True, False, False, True, True, False, False, False, True, True, False, True, False, True, True, True, False, True]"
10,0.8539641269370009,"[True, True, True, True, True, False, True, True, True, True, True, True, True, True, False, True, True, False, False, False, True, False, False, False, False, True, False, False, False, True, True, False, False, False, False, True, False, False, False, True]"
10,0.9995949191630309,"[True, True, True, True, True, True, True, True, True, True, True, True, True, True, False, True, False, True, False, True, True, False, False, False, False, True, False, False, False, False, True, True, False, True, True, False, False, False, False, True]"
10,0.9994031156552182,"[True, True, True, True, True, True, True, True, True, True, True, True, True, True, False, False, False, False, False, True, False, True, True, False, False, True, False, True, False, False, True, True, False, False, True, True, True, True, False, True]"
10,0.9971986580557701,"[True, True, True, True, True, True, True, True, True, True, True, False, True, True, False, True, True, False, False, True, True, True, True, False, False, False, True, True, False, False, False, True, False, True, True, False, False, False, False, True]"
10,0.9997462714219874,"[True, True, True, True, True, True, True, True, True, True, True, True, True, True, True, False, False, True, False, True, False, True, True, False, False, True, False, False, False, False, True, True, True, True, True, True, False, True, False, True]"
10,0.9997820624809749,"[True, True, True, True, True, True, True, True, True, True, True, True, True, True, True, False, True, False, False, True, False, False, True, False, False, True, False, True, False, False, True, True, False, True, False, True, True, True, False, True]"
10,0.9947613887608525,"[True, True, True, True, True, True, True, True, True, True, False, True, True, True, False, True, True, False, False, True, False, True, True, False, False, True, False, False, False, True, True, True, True, True, True, False, True, True, False, False]"
10,0.8539714015763321,"[True, True, True, True, True, False, True, True, True, True, True, True, True, True, False, True, True, False, False, True, False, True, True, False, False, True, False, True, False, True, True, True, False, True, True, True, True, True, False, True]"
10,0.9793028685017897,"[True, True, True, True, True, True, True, True, False, True, True, True, False, True, True, True, False, False, False, True, False, True, False, False, False, True, False, False, False, False, True, True, False, False, False, True, False, False, False, True]"
10,0.9997807031630439,"[True, True, True, True, True, True, True, True, True, True, True, True, True, True, True, False, True, False, False, True, False, False, False, False, False, False, False, False, True, False, True, True, False, True, True, False, True, True, False, True]"
step,fitness,genome
11,0.9995580974943161,"[True, True, True, True, True, True, True, True, True, True, True, True, True, True, False, True, False, False, False, True, True, False, True, False, False, True, True, True, False, True, True, False, True, False, False, True, False, False, False, False]"
11,0.990185538215346,"[True, True, True, True, True, True, True, True, True, False, True, True, True, True, True, True, False, True, True, False, False, True, False, False, True, True, True, False, False, False, True, True, False, True, True, False, False, True, False, True]"
11,0.997475810357864,"[True, True, True, True, True, True, True, True, True, True, True, False, True, True, True, True, False, True, True, True, False, False, False, False, False, True, False, False, True, False, True, True, False, True, True, False, False, False, False, True]"
11,0.9999214792030461,"[True, True, True, True, True, True, True, True, True, True, True, True, True, True, True, True, False, True, True, True, True, True, False, False, False, True, False, False, False, False, True, False, False, True, True, False, False, False, False, True]"
11,3.495349661490641e-05,"[False, True, False, True, True, False, True, True, True, False, True, True, True, True, True, True, False, False, False, True, False, True, False, False, False, False, False, False, False, False, True, True, False, True, True, True, True, True, True, True]"
11,0.9998634470892424,"[True, True, True, True, True, True, True, True, True, True, True, True, True, True, True, True, False, False, False, True, True, False, True, False, True, True, True, False, False, False, True, True, False, True, False, True, True, True, False, True]"
11,0.9998693418705106,"[True, True, True, True, True, True, True, True, True, True, True, True, True, True, True, True, False, False, True, False, False, True, False, False, True, True, False, False, False, True, True, True, False, True, True, True, False, True, False, True]"
11,0.9998631467019147,"[True, True, True, True, True, True, True, True, True, True, True, True, True, True, True, True, False, False, False, True, True, False, True, False, False, True, True, False, False, False, True, False, False, True, False, True, False, True, False, True]"
11,0.9995422454648433,"[True, True, True, True, True, True, True, True, True, True, True, True, True, True, False, False, True, True, True, True, True, True, True, True, True, True, False, True, True, False, True, True, False, True, True, False, True, False, False, True]"
11,0.9998629235758026,"[True, True, True, True, True, True, True, True, True, True, True, True, True, True, True, True, False, False, False, True, True, False, True, False, False, False, False, False, False, False, True, False, False, True, True, True, True, True, False, True]"
11,0.9754043252289911,"[True, True, True, True, True, True, True, True, False, True, False, True, True, True, False, False, True, True, True, True, True, True, True, True, False, True, False, True, False, True, True, True, False, True, True, False, True, True, False, True]"
11,0.7242368800352416,"[True, True, True, True, False, True, True, True, True, True, False, True, True, True, True, True, False, True, False, True, False, False, False, False, False, True, False, False, False, False, True, True, False, True, True, False, False, False, False, True]"
11,0.2196830294537848,"[True, True, False, True, True, False, True, True, True, True, True, True, True, True, True, True, True, False, False, True, True, False, True, False, False, True, False, False, False, False, True, False, False, True, True, True, False, True, False, True]"
11,0.9613399461090356,"[True, True, True, True, True, True, True, False, True, True, True, True, True, True, True, False, False, False, False, True, True, True, True, False, False, True, True, False, False, False, False, True, False, True, True, True, True, True, False, True]"
11,0.9803703086959815,"[True, True, True, True, True, True, True, True, False, True, True, True, True, True, True, False, False, False, True, True, False, True, False, False, False, True, False, False, False, False, True, True, False, True, True, True, False, True, False, True]"
11,0.9997665312123977,"[True, True, True, True, True, True, True, True, True, True, True, True, True, True, True, False, False, True, True, True, True, False, False, False, False, True, False, False, False, False, True, True, False, True, True, False, False, False, False, True]"
11,0.9991032061805427,"[True, True, True, True, True, True, True, True, True, True, True, True, True, False, True, False, False, False, False, True, True, True, True, False, True, True, False, True, False, False, True, False, False, True, True, True, False, True, False, True]"
11,0.9901389347955118,"[True, True, True, True, True, True, True, True, True, False, True, True, True, True, True, True, False, False, False, True, False, True, True, False, False, False, False, False, False, False, False, False, False, True, True, True, True, True, False, False]"
11,0.9999196935196457,"[True, True, True, True, True, True, True, True, True, True, True, True, True, True, True, True, False, True, True, True, True, False, False, True, False, True, False, False, False, False, True, True, False, True, True, False, False, False, False, True]"
11,0.0009762911474224379,"[False, True, True, True, True, True, True, True, True, True, True, True, True, True, True, True, False, False, False, True, False, True, True, False, True, True, True, False, False, False, False, True, False, True, True, True, True, False, False, True]"
11,0.9998559948302822,"[True, True, True, True, True, True, True, True, True, True, True, True, True, True, True, True, False, False, False, False, True, True, True, False, False, True, True, False, False, False, True, False, False, False, True, True, True, True, False, True]"
11,0.9998664458744273,"[True, True, True, True, True, True, True, True, True, True, True, True, True, True, True, True, False, False, False, True, True, True, True, True, True, True, True, False, True, False, True, True, False, True, True, True, True, True, False, True]"
11,0.9985265172530106,"[True, True, True, True, True, True, True, True, True, True, True, True, False, True, True, False, False, True, False, True, False, True, True, False, False, True, False, False, False, False, True, True, True, True, True, True, False, True, False, True]"
11,0.9999000349495486,"[True, True, True, True, True, True, True, True, True, True, True, True, True, True, True, True, False, True, False, True, True, False, False, False, False, True, False, False, False, True, True, True, False, True, True, False, False, True, True, True]"
11,0.05630744161107281,"[True, False, True, True, True, True, True, True, True, True, True, True, True, True, True, True, False, True, True, True, True, False, False, False, False, True, False, False, True, False, True, True, False, False, True, True, False, False, False, True]"
11,0.000975178414773249,"[False, True, True, True, True, True, True, True, True, True, True, True, True, False, True, True, False, True, False, True, True, False, True, False, False, True, False, True, False, False, True, False, False, False, True, False, False, True, False, True]"
11,0.9996364874877894,"[True, True, True, True, True, True, True, True, True, True, True, True, True, True, False, True, True, False, False, True, True, True, True, False, False, False, False, False, False, True, True, True, False, False, False, False, False, True, False, False]"
11,0.9996330984333263,"[True, True, True, True, True, True, True, True, True, True, True, True, True, True, False, True, True, False, False, True, True, False, False, False, False, True, False, True, False, True, True, False, True, True, True, True, False, False, True, True]"
11,0.3735428665403512,"[True, True, True, False, False, True, True, True, True, True, True, True, True, True, True, False, False, False, False, True, False, True, True, False, True, True, False, False, False, False, False, True, True, True, True, True, False, True, False, True]"
11,0.9945992045934037,"[True, True, True, True, True, True, True, True, True, True, False, True, True, True, False, False, True, False, False, False, False, True, False, False, True, True, False, True, True, True, True, True, False, False, True, False, True, False, False, False]"
11,0.26299965264497416,"[True, True, False, True, True, True, True, True, True, True, True, True, True, True, True, False, False, True, False, True, True, False, False, False, False, True, False, False, False, True, True, True, False, True, True, False, False, False, False, True]"
11,0.5243192046731262,"[True, True, True, False, True, True, True, True, True, True, True, True, True, True, True, False, False, True, False, True, True, False, False, False, False, True, False, False, False, True, True, False, True, True, True, False, False, False, False, True]"
11,0.9998596433379439,"[True, True, True, True, True, True, True, True, True, True, True, True, True, True, True, True, False, False, False, True, False, True, False, False, True, False, False, False, False, False, False, True, False, True, True, True, False, True, True, False]"
11,0.997272425924401,"[True, True, True, True, True, True, True, True, True, True, True, False, True, True, True, False, False, False, False, True, True, False, True, False, False, True, False, False, False, False, True, True, False, True, True, True, True, False, False, True]"
11,0.9998654588097856,"[True, True, True, True, True, True, True, True, True, True, True, True, True, True, True, True, False, False, False, True, True, True, True, False, False, True, False, False, False, False, True, True, False, True, True, True, True, True, True, True]"
11,0.999856371394196,"[True, True, True, True, True, True, True, True, True, True, True, True, True, True, True, True, False, False, False, False, True, True, True, True, False, False, False, False, False, False, True, True, True, True, True, True, True, True, True, False]"
11,0.9997677230554448,"[True, True, True, True, True, True, True, True, True, True, True, True, True, True, True, False, False, True, True, True, True, False, True, False, False, True, False, False, False, False, True, True, False, True, True, False, False, False, False, True]"
11,0.9997665312123977,"[True, True, True, True, True, True, True, True, True, True, True, True, True, True, True, False, False, True, True, True, True, False, False, False, False, True, False, False, False, False, True, True, False, True, True, False, False, False, False, True]"
11,0.8541740876458027,"[True, True, True, True, True, False, True, True, True, True, True, True, True, True, True, True, False, False, False, True, True, True, True, False, False, True, False, False, False, False, True, True, False, False, True, True, True, True, False, True]"
11,0.000976136883088598,"[False, True, True, True, True, True, True, True, True, True, True, True, True, True, True, False, True, False, False, True, False, False, True, False, False, True, False, True, False, False, True, True, False, True, True, True, True, True, False, True]"
11,0.9995568588558742,"[True, True, True, True, True, True, True, True, True, True, True, True, True, True, False, True, False, False, False, True, True, False, False, False, False, True, True, False, False, False, True, False, False, True, False, True, True, True, False, False]"
11,0.9950319281374693,"[True, True, True, True, True, True, True, True, True, True, False, True, True, True, True, True, False, True, False, True, True, True, True, False, False, True, False, False, False, False, True, True, True, True, True, True, True, True, False, True]"
11,0.9998655680814412,"[True, True, True, True, True, True, True, True, True, True, True, True, True, True, True, True, False, False, False, True, True, True, True, False, False, True, True, True, False, False, True, False, False, True, True, False, True, True, True, True]"
11,0.9996365255558746,"[True, True, True, True, True, True, True, True, True, True, True, True, True, True, False, True, True, False, False, True, True, True, True, False, False, False, False, True, False, True, True, True, False, True, False, True, True, True, True, True]"
11,0.9996343856532783,"[True, True, True, True, True, True, True, True, True, True, True, True, True, True, False, True, True, False, False, True, True, False, True, False, False, True, True, True, True, True, True, True, True, True, True, True, True, True, False, True]"
11,0.9998654564635734,"[True, True, True, True, True, True, True, True, True, True, True, True, True, True, True, True, False, False, False, True, True, True, True, False, False, True, False, False, False, False, True, False, False, True, True, True, True, True, False, True]"
11,0.999941838081039,"[True, True, True, True, True, True, True, True, True, True, True, True, True, True, True, True, True, False, False, True, True, True, True, False, False, True, True, False, True, False, True, False, True, True, True, True, True, True, False, True]"
11,0.7887476503075286,"[True, True, True, True, True, False, False, True, True, True, True, True, True, True, True, True, False, False, False, True, False, True, False, False, True, True, False, False, False, False, True, True, False, True, True, True, False, True, True, True]"
11,0.9998655309603599,"[True, True, True, True, True, True, True, True, True, True, True, True, True, True, True, True, False, False, False, True, True, True, True, False, False, True, True, False, False, False, True, False, False, True, True, True, True, True, False, True]"
11,0.9998610252960234,"[True, True, True, True, True, True, True, True, True, True, True, True, True, True, True, True, False, False, False, True, False, True, True, False, True, True, False, True, False, False, True, True, False, False, False, True, False, True, False, True]"
11,0.8457359540582593,"[True, True, True, True, True, False, True, True, True, False, True, True, True, True, True, True, False, False, False, True, True, False, True, False, True, True, False, False, False, False, False, False, False, True, True, True, False, True, False, False]"
11,0.9780998176923412,"[True, True, True, True, True, True, True, True, False, True, True, False, True, True, True, True, False, False, False, False, True, False, True, False, False, True, True, False, False, False, True, True, False, True, False, True, True, True, False, True]"
11,0.9993090696843163,"[True, True, True, True, True, True, True, True, True, True, True, True, True, False, True, True, False, True, True, True, True, False, False, False, False, True, True, True, False, False, True, True, False, True, True, False, False, False, False, True]"
11,0.022928129877896344,"[True, False, True, False, True, True, True, True, False, True, True, True, True, True, True, True, True, True, True, True, True, False, False, False, False, True, False, False, False, False, True, True, False, False, True, False, False, False, False, True]"
11,0.9982610633706726,"[True, True, True, True, True, True, True, True, True, True, True, True, False, True, False, False, True, False, False, True, True, False, False, False, False, True, False, False, False, False, True, True, False, True, False, True, False, False, False, True]"
11,0.9998583161079938,"[True, True, True, True, True, True, True, True, True, True, True, True, True, True, True, True, False, False, False, True, False, False, True, False, False, True, False, False, False, True, True, True, False, True, False, True, True, False, False, True]"
11,0.9997081428350352,"[True, True, True, True, True, True, True, True, True, True, True, True, True, True, True, False, False, False, False, True, False, True, True, False, False, True, False, False, False, True, True, True, True, True, False, True, False, True, False, True]"
11,0.9998597969958615,"[True, True, True, True, True, True, True, True, True, True, True, True, True, True, True, True, False, False, False, True, False, True, False, False, True, True, False, False, False, False, True, True, False, True, True, True, False, True, True, True]"
11,0.9998654587915978,"[True, True, True, True, True, True, True, True, True, True, True, True, True, True, True, True, False, False, False, True, True, True, True, False, False, True, False, False, False, False, True, True, False, True, True, True, True, True, False, True]"
11,0.9996239802058697,"[True, True, True, True, True, True, True, True, True, True, True, True, True, True, False, True, True, False, False, False, True, False, False, True, False, False, False, False, True, False, False, True, False, True, True, False, False, True, False, False]"
11,0.9974270283595019,"[True, True, True, True, True, True, True, True, True, True, True, False, True, True, True, True, False, False, False, True, True, True, True, False, False, True, False, False, False, False, True, True, False, True, True, True, True, True, True, True]"
11,0.9949169143297208,"[True, True, True, True, True, True, True, True, True, True, False, True, True, True, True, False, True, False, False, True, True, True, False, False, False, True, True, False, True, True, False, True, False, True, True, False, True, True, True, True]"
11,0.9998658266195308,"[True, True, True, True, True, True, True, True, True, True, True, True, True, True, True, True, False, False, False, True, True, True, True, False, True, True, True, False, False, False, False, True, False, True, True, True, True, True, False, True]"
11,0.9998630724962905,"[True, True, True, True, True, True, True, True, True, True, True, True, True, True, True, True, False, False, False, True, True, False, True, False, False, True, False, False, False, False, True, False, False, True, True, True, False, True, False, True]"
11,0.5244155497434876,"[True, True, True, False, True, True, True, True, True, True, True, True, True, True, True, True, False, True, True, True, True, False, False, True, False, True, False, False, False, False, True, True, False, True, True, False, False, False, False, True]"
11,0.9986360440135891,"[True, True, True, True, True, True, True, True, True, True, True, True, False, True, True, True, False, False, False, False, True, True, True, False, False, True, False, False, False, False, False, True, False, True, True, True, True, True, False, True]"
11,0.9998821432137632,"[True, True, True, True, True, True, True, True, True, True, True, True, True, True, True, True, False, False, True, True, True, False, True, False, False, True, False, False, False, False, True, False, False, False, True, True, False, True, False, True]"
11,0.05629637829853743,"[True, False, True, True, True, True, True, True, True, True, True, True, True, True, True, False, True, False, False, False, False, False, False, True, False, False, False, False, True, False, True, True, False, True, True, True, True, True, False, True]"
11,0.9998547969270225,"[True, True, True, True, True, True, True, True, True, True, True, True, True, True, True, True, False, False, False, False, True, True, False, False, False, True, False, True, True, True, True, True, True, False, True, False, True, True, False, True]"
11,0.2630362900015847,"[True, True, False, True, True, True, True, True, True, True, True, True, True, True, True, True, False, False, True, False, False, True, False, False, True, True, False, False, False, False, True, True, False, False, False, False, False, True, False, True]"
11,0.9613353585197676,"[True, True, True, True, True, True, True, False, True, True, True, True, True, True, True, False, False, False, False, True, False, True, True, False, False, True, True, False, False, True, True, True, True, True, True, True, False, True, False, True]"
11,0.04531385753450221,"[True, False, True, True, True, False, True, True, True, True, False, True, True, True, True, True, False, True, False, True, True, False, False, False, False, False, False, False, False, True, True, True, False, True, True, False, False, False, False, True]"
11,0.9995794274042903,"[True, True, True, True, True, True, True, True, True, True, True, True, True, True, False, True, False, False, True, True, True, True, True, False, False, True, False, False, False, False, True, True, False, False, True, True, True, True, True, True]"
11,0.053405560383479156,"[True, False, True, True, True, True, True, False, True, True, True, True, True, True, False, False, False, False, False, True, False, True, True, False, False, True, False, True, False, True, True, True, False, False, True, True, True, False, False, True]"
11,0.9997462714219874,"[True, True, True, True, True, True, True, True, True, True, True, True, True, True, True, False, False, True, False, True, False, True, True, False, False, True, False, False, False, False, True, True, True, True, True, True, False, True, False, True]"
11,0.9998636705428374,"[True, True, True, True, True, True, True, True, True, True, True, True, True, True, True, True, False, False, False, True, True, False, True, True, False, True, False, False, False, False, True, True, False, True, False, True, True, False, False, True]"
11,0.26307418863818055,"[True, True, False, True, True, True, True, True, True, True, True, True, True, True, True, True, True, True, True, True, True, False, False, False, False, True, False, False, False, False, False, True, True, True, True, False, False, False, False, True]"
11,0.9997665405418525,"[True, True, True, True, True, True, True, True, True, True, True, True, True, True, True, False, False, True, True, True, True, False, False, False, False, True, False, False, False, True, True, True, False, True, True, False, False, False, True, True]"
11,0.8492217926572844,"[True, True, True, True, True, False, True, True, True, True, False, True, True, False, False, True, True, False, False, True, True, True, True, False, False, True, False, False, False, True, True, True, True, True, True, False, False, True, False, False]"
11,0.9984110860661084,"[True, True, True, True, True, True, True, True, True, True, True, True, False, True, False, True, True, False, False, True, False, True, False, False, False, True, False, True, False, True, True, False, False, False, True, True, True, False, False, False]"
11,0.9901780888509673,"[True, True, True, True, True, True, True, True, True, False, True, True, True, True, True, True, False, True, False, True, True, False, False, False, False, True, False, False, False, True, True, True, False, True, True, False, False, False, False, True]"
11,0.999708143125997,"[True, True, True, True, True, True, True, True, True, True, True, True, True, True, True, False, False, False, False, True, False, True, True, False, False, True, False, False, False, True, True, True, True, True, True, True, False, True, False, True]"
11,0.9998690438823722,"[True, True, True, True, True, True, True, True, True, True, True, True, True, True, True, True, False, False, True, False, False, True, False, False, False, True, False, False, False, True, True, True, False, True, True, True, False, True, False, True]"
11,0.9997105162861707,"[True, True, True, True, True, True, True, True, True, True, True, True, True, True, True, False, False, False, False, True, True, False, True, False, False, True, False, False, False, False, True, True, False, True, True, True, True, True, False, True]"
11,0.9998613611850196,"[True, True, True, True, True, True, True, True, True, True, True, True, True, True, True, True, False, False, False, True, False, True, True, True, False, True, True, False, False, False, True, True, False, True, False, True, True, True, False, True]"
11,0.9992532616297565,"[True, True, True, True, True, True, True, True, True, True, True, True, True, False, True, True, False, False, False, True, True, False, True, False, True, True, False, False, False, False, True, False, False, True, True, True, True, True, False, False]"
11,0.05612018294829849,"[True, False, True, True, True, True, True, True, True, True, True, False, True, True, True, True, False, False, False, True, True, False, False, True, False, True, True, False, True, True, True, False, False, True, False, True, True, True, True, False]"
11,0.9238335828962226,"[True, True, True, True, True, True, False, True, True, True, True, True, True, False, True, False, True, True, False, True, True, False, True, False, False, True, True, False, True, False, True, True, False, True, True, True, True, True, False, True]"
11,0.9998630865371582,"[True, True, True, True, True, True, True, True, True, True, True, True, True, True, True, True, False, False, False, True, True, False, True, False, False, True, False, False, True, False, False, False, False, True, True, True, True, True, False, True]"
11,0.9997081407983022,"[True, True, True, True, True, True, True, True, True, True, True, True, True, True, True, False, False, False, False, True, False, True, True, False, False, True, False, False, False, True, True, False, True, True, True, True, False, True, False, True]"
11,0.9994850449256774,"[True, True, True, True, True, True, True, True, True, True, True, True, True, True, False, False, True, False, False, True, True, True, True, True, True, True, False, True, True, False, False, True, False, False, True, True, False, True, False, True]"
11,0.9998617314123631,"[True, True, True, True, True, True, True, True, True, True, True, True, True, True, True, True, False, False, False, True, True, False, False, False, False, False, False, False, False, False, True, False, False, True, True, False, False, True, False, True]"
11,0.9998654588097856,"[True, True, True, True, True, True, True, True, True, True, True, True, True, True, True, True, False, False, False, True, True, True, True, False, False, True, False, False, False, False, True, True, False, True, True, True, True, True, True, True]"
11,0.0009764046569078934,"[False, True, True, True, True, True, True, True, True, True, True, True, True, True, True, True, False, True, True, True, True, False, False, False, False, True, True, False, False, True, True, True, False, True, True, False, True, False, False, True]"
11,0.9995776837369448,"[True, True, True, True, True, True, True, True, True, True, True, True, True, True, False, True, False, False, True, True, True, False, True, True, False, True, False, True, False, True, True, False, False, False, False, True, False, False, False, False]"
11,0.9997128998533454,"[True, True, True, True, True, True, True, True, True, True, True, True, True, True, True, False, False, False, False, True, True, True, True, False, False, True, False, False, False, False, True, True, False, True, True, True, True, True, False, True]"
11,0.9995420034571255,"[True, True, True, True, True, True, True, True, True, True, True, True, True, True, False, False, True, True, True, True, True, True, True, True, False, True, True, True, False, False, True, True, False, True, True, False, True, True, False, True]"
11,0.2630351242523391,"[True, True, False, True, True, True, True, True, True, True, True, True, True, True, True, True, False, False, False, True, True, True, True, False, False, True, False, False, False, False, False, True, False, True, True, True, True, True, True, False]"
11,0.9998637103920059,"[True, True, True, True, True, True, True, True, True, True, True, True, True, True, True, True, False, False, False, True, True, False, True, True, False, True, False, True, False, True, False, False, False, True, True, True, False, True, True, True]"
11,0.924287669075048,"[True, True, True, True, True, True, False, True, True, True, True, True, True, True, True, False, False, False, False, False, True, True, False, False, False, True, False, True, True, True, True, True, False, False, True, False, True, True, False, True]"
step,fitness,genome
12,0.9614872256440565,"[True, True, True, True, True, True, True, False, True, True, True, True, True, True, True, True, False, False, False, True, True, True, True, False, False, True, True, False, False, False, False, True, True, True, True, True, False, True, False, True]"
12,0.26223243678040614,"[True, True, False, True, True, True, True, True, True, True, True, False, True, True, False, True, True, False, False, True, True, False, False, False, False, True, False, True, False, True, True, False, True, True, True, True, True, False, True, True]"
12,0.5189488643242165,"[True, True, True, False, True, True, True, True, True, False, True, True, True, True, True, True, False, False, False, True, True, True, True, True, True, True, True, False, True, False, False, True, False, True, True, True, True, True, True, True]"
12,0.9999197028321984,"[True, True, True, True, True, True, True, True, True, True, True, True, True, True, True, True, False, True, True, True, True, False, False, True, False, True, False, False, False, True, True, True, False, True, True, False, False, False, False, True]"
12,0.9994043516224242,"[True, True, True, True, True, True, True, True, True, True, True, True, True, True, False, False, False, False, False, True, True, False, False, False, False, True, True, False, False, True, True, False, False, True, False, True, True, True, True, False]"
12,0.9998655680632536,"[True, True, True, True, True, True, True, True, True, True, True, True, True, True, True, True, False, False, False, True, True, True, True, False, False, True, True, True, False, False, True, False, False, True, True, False, True, True, False, True]"
12,0.9998617314032693,"[True, True, True, True, True, True, True, True, True, True, True, True, True, True, True, True, False, False, False, True, True, False, False, False, False, False, False, False, False, False, True, False, False, True, True, False, False, True, False, False]"
12,0.9998664458744273,"[True, True, True, True, True, True, True, True, True, True, True, True, True, True, True, True, False, False, False, True, True, True, True, True, True, True, True, False, True, False, True, True, False, True, True, True, True, True, False, True]"
12,0.9998658683966728,"[True, True, True, True, True, True, True, True, True, True, True, True, True, True, True, True, False, False, False, True, True, True, True, False, True, True, True, True, False, False, True, True, False, True, True, False, True, True, True, True]"
12,0.9998664364895702,"[True, True, True, True, True, True, True, True, True, True, True, True, True, True, True, True, False, False, False, True, True, True, True, True, True, True, True, False, False, True, True, True, False, True, True, True, False, True, False, True]"
12,0.9999418188735165,"[True, True, True, True, True, True, True, True, True, True, True, True, True, True, True, True, True, False, False, True, True, True, True, False, False, True, True, False, False, False, True, False, True, False, True, True, True, True, False, True]"
12,0.9998845301320498,"[True, True, True, True, True, True, True, True, True, True, True, True, True, True, True, True, False, False, True, True, True, True, True, False, False, True, False, False, False, False, True, True, False, True, True, True, True, True, False, True]"
12,0.9986801120757383,"[True, True, True, True, True, True, True, True, True, True, True, True, False, True, True, True, False, True, False, True, True, False, False, False, False, True, False, False, False, True, True, True, False, True, True, True, False, True, True, True]"
12,0.999865495894489,"[True, True, True, True, True, True, True, True, True, True, True, True, True, True, True, True, False, False, False, True, True, True, True, False, False, True, False, True, False, False, True, True, False, True, True, False, True, True, False, True]"
12,0.9998664272502148,"[True, True, True, True, True, True, True, True, True, True, True, True, True, True, True, True, False, False, False, True, True, True, True, True, True, True, True, False, False, False, True, True, False, True, True, True, True, True, False, True]"
12,0.9998655309603599,"[True, True, True, True, True, True, True, True, True, True, True, True, True, True, True, True, False, False, False, True, True, True, True, False, False, True, True, False, False, False, True, False, False, True, True, True, True, True, False, True]"
12,0.9233030935947277,"[True, True, True, True, True, True, False, True, True, True, True, True, False, True, True, True, False, False, False, True, True, True, True, False, False, True, True, False, False, False, True, False, False, False, True, False, True, True, True, True]"
12,0.9949938376929215,"[True, True, True, True, True, True, True, True, True, True, False, True, True, True, True, True, False, False, False, True, True, True, True, False, False, False, False, True, False, False, True, False, False, True, True, True, True, True, False, True]"
12,0.9998656054753392,"[True, True, True, True, True, True, True, True, True, True, True, True, True, True, True, True, False, False, False, True, True, True, True, False, True, False, False, False, False, False, True, False, False, True, True, True, True, True, True, True]"
12,0.9998630748970606,"[True, True, True, True, True, True, True, True, True, True, True, True, True, True, True, True, False, False, False, True, True, False, True, False, False, True, False, False, False, False, True, True, False, True, True, True, True, True, False, True]"
12,0.854240613335189,"[True, True, True, True, True, False, True, True, True, True, True, True, True, True, True, True, True, False, False, True, True, True, True, False, True, True, True, False, False, False, False, True, False, True, True, True, True, True, False, True]"
12,0.9244752368381339,"[True, True, True, True, True, True, False, True, True, True, True, True, True, True, True, True, False, True, False, True, True, True, True, False, False, False, True, False, False, False, True, False, False, True, True, True, True, True, False, True]"
12,0.9996239796239901,"[True, True, True, True, True, True, True, True, True, True, True, True, True, True, False, True, True, False, False, False, True, False, False, True, False, False, False, False, True, False, False, True, False, False, True, False, False, True, False, False]"
12,0.9998964588710538,"[True, True, True, True, True, True, True, True, True, True, True, True, True, True, True, True, False, True, False, True, False, False, True, False, False, True, False, False, False, True, True, True, False, True, False, True, True, False, False, True]"
12,0.9999357917385294,"[True, True, True, True, True, True, True, True, True, True, True, True, True, True, True, True, True, False, False, True, False, True, False, False, False, True, False, False, False, True, False, True, True, True, True, True, False, True, True, False]"
12,0.9244399710334281,"[True, True, True, True, True, True, False, True, True, True, True, True, True, True, True, True, False, False, False, True, True, True, True, False, True, False, True, False, False, False, True, False, False, True, True, False, True, True, False, True]"
12,0.9999000349404545,"[True, True, True, True, True, True, True, True, True, True, True, True, True, True, True, True, False, True, False, True, True, False, False, False, False, True, False, False, False, True, True, True, False, True, True, False, False, True, True, False]"
12,0.9998629235758026,"[True, True, True, True, True, True, True, True, True, True, True, True, True, True, True, True, False, False, False, True, True, False, True, False, False, False, False, False, False, False, True, False, False, True, True, True, True, True, False, True]"
12,0.9968349148278153,"[True, True, True, True, True, True, True, True, True, True, True, False, True, False, True, True, False, False, True, True, True, False, True, False, False, True, False, False, True, False, True, False, False, False, True, True, False, True, False, True]"
12,0.9998655309603599,"[True, True, True, True, True, True, True, True, True, True, True, True, True, True, True, True, False, False, False, True, True, True, True, False, False, True, True, False, False, False, True, False, False, True, True, True, True, True, False, True]"
12,0.999865775039222,"[True, True, True, True, True, True, True, True, True, True, True, True, True, True, True, True, False, False, False, True, True, True, True, False, True, True, False, False, True, False, True, True, False, True, False, True, False, True, False, True]"
12,0.9974280144188463,"[True, True, True, True, True, True, True, True, True, True, True, False, True, True, True, True, False, False, False, True, True, True, True, True, True, True, True, False, True, False, True, True, True, True, True, True, True, True, False, True]"
12,0.5243801260326878,"[True, True, True, False, True, True, True, True, True, True, True, True, True, True, True, True, False, False, False, False, True, True, True, True, False, False, False, False, False, False, True, True, True, True, True, True, True, True, True, False]"
12,0.725812301811031,"[True, True, True, True, False, True, True, True, True, True, True, False, True, True, False, True, False, False, False, True, True, False, True, False, False, True, True, True, False, True, True, False, True, True, False, True, False, False, False, False]"
12,0.9992553463285707,"[True, True, True, True, True, True, True, True, True, True, True, True, True, False, True, True, False, False, False, True, True, True, True, False, False, True, False, False, False, False, True, False, False, True, True, True, False, True, False, True]"
12,0.7277568854582751,"[True, True, True, True, False, True, True, True, True, True, True, True, True, True, True, False, False, False, False, True, False, True, True, False, False, True, True, False, False, False, True, False, False, True, True, True, True, True, False, True]"
12,0.9998690433003642,"[True, True, True, True, True, True, True, True, True, True, True, True, True, True, True, True, False, False, True, False, False, True, False, False, False, True, False, False, False, True, True, True, False, False, True, True, False, True, False, True]"
12,0.9999102320064691,"[True, True, True, True, True, True, True, True, True, True, True, True, True, True, True, True, False, True, True, False, True, False, False, True, False, True, True, False, False, False, True, True, False, True, True, False, False, False, False, True]"
12,0.9997462711310156,"[True, True, True, True, True, True, True, True, True, True, True, True, True, True, True, False, False, True, False, True, False, True, True, False, False, True, False, False, False, False, True, True, True, True, False, True, False, True, False, True]"
12,0.05485394289933035,"[True, False, True, True, True, True, True, True, False, True, True, True, True, True, True, True, False, False, False, True, True, False, False, False, False, False, False, False, False, False, True, False, True, True, True, False, False, True, False, True]"
12,0.9986342623856712,"[True, True, True, True, True, True, True, True, True, True, True, True, False, True, True, True, False, False, False, False, True, False, True, True, False, True, False, False, False, False, True, True, False, True, False, True, True, False, False, False]"
12,0.999863086391657,"[True, True, True, True, True, True, True, True, True, True, True, True, True, True, True, True, False, False, False, True, True, False, True, False, False, True, False, False, True, False, False, False, False, True, True, False, True, True, False, True]"
12,0.9999417461359417,"[True, True, True, True, True, True, True, True, True, True, True, True, True, True, True, True, True, False, False, True, True, True, True, False, False, True, False, False, False, False, True, True, False, True, True, True, True, True, True, True]"
12,0.000976406833891689,"[False, True, True, True, True, True, True, True, True, True, True, True, True, True, True, True, False, True, True, True, True, False, True, False, False, True, False, False, False, True, True, False, False, False, True, True, False, True, False, False]"
12,0.9614877322325981,"[True, True, True, True, True, True, True, False, True, True, True, True, True, True, True, True, False, False, False, True, True, True, True, True, False, True, False, False, False, False, True, True, False, True, False, True, True, True, False, True]"
12,0.9793298586101281,"[True, True, True, True, True, True, True, True, False, True, True, True, False, True, True, True, False, True, False, False, False, False, True, False, False, True, True, False, False, True, True, True, False, True, False, True, True, False, False, True]"
12,0.9999000256371608,"[True, True, True, True, True, True, True, True, True, True, True, True, True, True, True, True, False, True, False, True, True, False, False, False, False, True, False, False, False, False, True, True, False, True, True, False, False, True, True, True]"
12,0.9986361201901847,"[True, True, True, True, True, True, True, True, True, True, True, True, False, True, True, True, False, False, False, False, True, True, True, False, False, True, True, False, False, False, True, False, False, False, True, True, True, True, True, True]"
12,0.9805073966630082,"[True, True, True, True, True, True, True, True, False, True, True, True, True, True, True, True, False, False, False, True, True, True, True, False, False, True, True, False, False, False, True, False, False, True, True, True, True, True, False, True]"
12,0.9565077001645983,"[True, True, True, True, True, True, True, False, True, True, False, True, True, True, False, True, False, False, True, True, True, False, True, True, False, True, False, True, False, False, False, False, False, False, False, True, True, False, False, False]"
12,0.9797205888324653,"[True, True, True, True, True, True, True, True, False, True, True, True, True, False, False, True, True, True, False, True, True, True, True, False, False, True, False, False, False, False, True, False, False, True, True, True, True, True, False, True]"
12,0.9901413024381088,"[True, True, True, True, True, True, True, True, True, False, True, True, True, True, True, True, False, False, False, True, True, False, True, False, False, False, False, False, False, False, True, False, False, True, True, True, True, True, False, True]"
12,0.9998630955582339,"[True, True, True, True, True, True, True, True, True, True, True, True, True, True, True, True, False, False, False, True, True, False, True, False, False, True, False, False, True, True, False, False, False, True, False, True, True, True, False, True]"
12,0.999102873574212,"[True, True, True, True, True, True, True, True, True, True, True, True, True, False, True, False, False, False, False, True, True, True, True, False, False, True, False, False, False, False, True, True, False, True, True, True, True, True, False, True]"
12,5.4974466638988354e-05,"[False, True, False, True, True, True, True, True, True, True, True, True, True, True, True, True, False, False, True, False, False, True, False, False, False, True, False, False, True, True, True, True, False, True, True, True, False, True, False, True]"
12,0.9998622551434926,"[True, True, True, True, True, True, True, True, True, True, True, True, True, True, True, True, False, False, False, True, True, False, False, False, True, True, True, False, False, False, True, True, False, True, False, True, True, True, False, True]"
12,0.9998565925456433,"[True, True, True, True, True, True, True, True, True, True, True, True, True, True, True, True, False, False, False, False, True, True, True, True, False, True, True, False, False, False, True, False, True, True, True, True, True, True, False, True]"
12,0.9998559948302822,"[True, True, True, True, True, True, True, True, True, True, True, True, True, True, True, True, False, False, False, False, True, True, True, False, False, True, True, False, False, False, True, False, False, False, True, True, True, True, False, True]"
12,0.9998828158048978,"[True, True, True, True, True, True, True, True, True, True, True, True, True, True, True, True, False, False, True, True, True, False, True, True, False, True, True, False, False, False, True, True, False, False, False, True, True, True, False, True]"
12,0.9992482075676717,"[True, True, True, True, True, True, True, True, True, True, True, True, True, False, True, True, False, False, False, True, False, False, True, False, False, True, False, False, False, True, True, False, False, True, False, True, False, False, False, True]"
12,0.9995580461192127,"[True, True, True, True, True, True, True, True, True, True, True, True, True, True, False, True, False, False, False, True, True, False, True, False, False, True, True, False, False, False, False, False, False, True, True, True, True, True, False, True]"
12,0.9899923706691016,"[True, True, True, True, True, True, True, True, True, False, True, True, True, True, True, False, False, False, False, True, True, True, False, True, True, True, True, False, False, False, True, True, False, True, True, True, True, True, False, True]"
12,0.9998618945917953,"[True, True, True, True, True, True, True, True, True, True, True, True, True, True, True, True, False, False, False, True, True, False, False, False, False, True, False, False, True, False, False, False, False, True, True, True, True, True, False, True]"
12,0.9972748043136422,"[True, True, True, True, True, True, True, True, True, True, True, False, True, True, True, False, False, False, False, True, True, True, True, False, False, True, False, False, False, False, True, True, False, True, True, True, True, True, True, True]"
12,0.8209386573185427,"[True, True, True, True, True, False, True, False, True, True, True, True, True, True, True, True, True, False, False, True, True, False, True, False, False, True, False, False, True, False, False, False, False, True, True, True, True, True, False, True]"
12,0.9901627122586345,"[True, True, True, True, True, True, True, True, True, False, True, True, True, True, True, True, False, False, True, True, True, True, True, False, False, True, False, False, False, False, False, False, False, False, True, True, False, True, False, True]"
12,0.9999397342772584,"[True, True, True, True, True, True, True, True, True, True, True, True, True, True, True, True, True, False, False, True, True, False, True, False, True, True, True, False, False, False, True, True, False, True, False, True, True, True, False, True]"
12,0.9998903407779083,"[True, True, True, True, True, True, True, True, True, True, True, True, True, True, True, True, False, True, False, False, True, False, False, False, False, False, False, False, False, False, True, True, False, True, True, False, False, True, False, True]"
12,0.9992530379081204,"[True, True, True, True, True, True, True, True, True, True, True, True, True, False, True, True, False, False, False, True, True, False, True, False, False, True, True, False, False, False, True, False, False, True, False, True, False, True, False, True]"
12,0.9998547957630214,"[True, True, True, True, True, True, True, True, True, True, True, True, True, True, True, True, False, False, False, False, True, True, False, False, False, True, False, True, True, True, True, True, False, False, True, False, True, True, False, True]"
12,0.5244267715694428,"[True, True, True, False, True, True, True, True, True, True, True, True, True, True, True, True, True, False, False, True, True, False, True, False, True, True, True, False, True, False, True, True, False, True, True, True, True, True, False, True]"
12,0.0009715355244978806,"[False, True, True, True, True, True, True, True, True, True, True, False, True, True, True, True, False, False, False, True, False, True, True, True, True, True, False, True, False, False, True, True, False, True, False, True, False, True, False, True]"
12,0.9996175585918516,"[True, True, True, True, True, True, True, True, True, True, True, True, True, True, False, True, False, True, True, True, True, True, True, False, False, True, False, False, False, False, True, False, False, True, True, False, False, False, True, True]"
12,0.2572212884692994,"[True, True, False, True, True, True, True, True, False, True, True, True, True, True, True, True, False, False, False, True, True, False, False, False, False, True, False, False, False, False, True, False, False, False, True, True, False, True, False, True]"
12,0.0009761088678674309,"[False, True, True, True, True, True, True, True, True, True, True, True, True, True, True, False, False, True, True, True, True, False, True, False, False, True, False, False, False, False, False, False, False, True, True, False, False, False, False, True]"
12,0.9998630865371582,"[True, True, True, True, True, True, True, True, True, True, True, True, True, True, True, True, False, False, False, True, True, False, True, False, False, True, False, False, True, False, False, False, False, True, True, True, True, True, False, True]"
12,0.8540913461180246,"[True, True, True, True, True, False, True, True, True, True, True, True, True, True, True, False, False, True, True, True, True, True, True, False, False, True, False, False, False, True, True, True, True, True, True, False, False, True, False, True]"
12,0.9990957243797145,"[True, True, True, True, True, True, True, True, True, True, True, True, True, False, True, False, False, False, False, True, False, False, True, False, False, True, False, False, False, False, True, False, False, True, True, True, False, False, False, True]"
12,0.924510938704031,"[True, True, True, True, True, True, False, True, True, True, True, True, True, True, True, True, True, False, False, True, True, True, True, False, False, True, True, False, True, False, True, False, True, True, True, True, True, True, False, True]"
12,0.9994833083063639,"[True, True, True, True, True, True, True, True, True, True, True, True, True, True, False, False, True, False, False, True, True, True, False, False, True, True, True, False, True, True, True, False, True, True, True, True, True, True, False, True]"
12,0.919901272865615,"[True, True, True, True, True, True, False, True, True, True, False, True, True, True, True, True, False, False, False, True, True, True, True, True, True, True, True, False, True, False, True, True, False, True, True, True, True, True, False, True]"
12,0.999919690609473,"[True, True, True, True, True, True, True, True, True, True, True, True, True, True, True, True, False, True, True, True, True, False, False, True, False, True, False, False, False, False, True, False, False, False, True, False, False, False, False, True]"
12,0.9998637011526733,"[True, True, True, True, True, True, True, True, True, True, True, True, True, True, True, True, False, False, False, True, True, False, True, True, False, True, False, True, False, False, False, False, False, True, True, True, True, True, True, True]"
12,0.0009762997399964964,"[False, True, True, True, True, True, True, True, True, True, True, True, True, True, True, True, False, False, False, True, True, True, True, False, False, True, False, False, False, False, True, True, False, True, True, True, False, True, True, True]"
12,0.9998654588097856,"[True, True, True, True, True, True, True, True, True, True, True, True, True, True, True, True, False, False, False, True, True, True, True, False, False, True, False, False, False, False, True, True, False, True, True, True, True, True, True, True]"
12,0.9998606999559445,"[True, True, True, True, True, True, True, True, True, True, True, True, True, True, True, True, False, False, False, True, False, True, True, False, False, True, False, False, False, True, True, True, False, True, False, True, False, True, False, True]"
12,0.9986465597397477,"[True, True, True, True, True, True, True, True, True, True, True, True, False, True, True, True, False, False, False, True, True, True, True, True, True, True, True, False, True, False, True, True, False, True, True, True, True, True, False, True]"
12,0.9995559295870273,"[True, True, True, True, True, True, True, True, True, True, True, True, True, True, False, True, False, False, False, True, False, True, True, False, True, True, False, True, False, False, True, True, False, False, False, True, False, True, False, True]"
12,0.9998630725690411,"[True, True, True, True, True, True, True, True, True, True, True, True, True, True, True, True, False, False, False, True, True, False, True, False, False, True, False, False, False, False, True, False, False, True, True, True, True, True, False, True]"
12,0.9243498335030802,"[True, True, True, True, True, True, False, True, True, True, True, True, True, True, True, False, False, True, True, True, True, True, False, False, False, True, False, True, False, False, True, False, False, True, False, False, False, False, False, True]"
12,0.9998563900000523,"[True, True, True, True, True, True, True, True, True, True, True, True, True, True, True, True, False, False, False, False, True, True, True, True, False, False, False, False, True, False, True, True, True, True, True, True, True, True, False, False]"
12,0.9995568582740297,"[True, True, True, True, True, True, True, True, True, True, True, True, True, True, False, True, False, False, False, True, True, False, False, False, False, True, True, False, False, False, True, False, False, False, False, True, True, True, False, False]"
12,0.05631039362998565,"[True, False, True, True, True, True, True, True, True, True, True, True, True, True, True, True, True, False, True, True, True, False, True, False, False, True, False, False, False, False, True, False, False, True, True, True, False, True, True, True]"
12,0.2565031894381413,"[True, True, False, True, True, True, True, True, False, True, True, False, True, True, True, True, False, False, False, True, True, False, True, False, False, False, False, False, False, False, True, False, False, True, True, True, True, True, False, True]"
12,0.9998633728835981,"[True, True, True, True, True, True, True, True, True, True, True, True, True, True, True, True, False, False, False, True, True, False, True, False, True, True, False, False, False, False, True, True, False, True, True, True, True, True, False, True]"
12,0.8884227751995979,"[True, True, True, True, True, True, False, False, True, True, True, True, True, True, False, True, False, False, True, True, True, False, True, False, False, True, True, False, False, False, False, False, False, False, True, True, False, True, False, True]"
12,0.05593778933457494,"[True, False, True, True, True, True, True, True, True, True, False, True, True, True, True, True, False, False, False, True, True, False, True, True, False, True, False, True, False, True, False, False, True, True, True, True, False, True, True, True]"
12,0.8540846218956083,"[True, True, True, True, True, False, True, True, True, True, True, True, True, True, True, False, False, True, True, True, False, False, False, True, False, True, False, False, False, True, True, True, False, True, True, False, False, False, True, True]"
12,0.9998655146823752,"[True, True, True, True, True, True, True, True, True, True, True, True, True, True, True, True, False, False, False, True, True, True, True, False, False, True, False, True, True, False, True, True, False, True, True, True, True, True, True, True]"
12,0.9614906181694913,"[True, True, True, True, True, True, True, False, True, True, True, True, True, True, True, True, False, False, True, False, False, True, False, False, False, True, False, False, False, True, True, True, False, True, True, True, False, True, False, True]"
step,fitness,genome
13,0.0009763672553528525,"[False, True, True, True, True, True, True, True, True, True, True, True, True, True, True, True, False, True, False, True, True, False, False, False, False, True, False, False, False, True, False, True, False, True, True, False, False, False, True, False]"
13,0.05630341830087613,"[True, False, True, True, True, True, True, True, True, True, True, True, True, True, True, True, False, False, False, True, True, True, True, False, False, True, True, False, False, False, True, False, False, False, True, True, True, False, False, True]"
13,0.9997139052949848,"[True, True, True, True, True, True, True, True, True, True, True, True, True, True, True, False, False, False, False, True, True, True, True, True, True, True, True, True, False, False, True, True, False, True, True, False, True, True, True, True]"
13,0.9998548702590931,"[True, True, True, True, True, True, True, True, True, True, True, True, True, True, True, True, False, False, False, False, True, True, False, False, False, True, True, True, True, True, True, True, False, False, True, False, True, True, False, True]"
13,0.9983384312270652,"[True, True, True, True, True, True, True, True, True, True, True, True, False, True, False, True, False, False, False, True, True, False, True, False, False, True, False, False, False, False, True, True, False, True, True, True, True, True, False, True]"
13,0.9992446917008999,"[True, True, True, True, True, True, True, True, True, True, True, True, True, False, True, True, False, False, False, False, True, True, False, False, False, True, False, True, True, True, True, True, False, False, True, True, True, True, False, True]"
13,0.980603739871711,"[True, True, True, True, True, True, True, True, False, True, True, True, True, True, True, True, True, True, False, False, False, False, True, False, True, True, True, False, False, True, True, True, False, True, False, True, True, False, False, True]"
13,0.9997450793018915,"[True, True, True, True, True, True, True, True, True, True, True, True, True, True, True, False, False, True, False, True, False, True, False, False, False, True, False, False, False, False, True, True, True, True, False, True, False, True, False, False]"
13,0.9998654588097856,"[True, True, True, True, True, True, True, True, True, True, True, True, True, True, True, True, False, False, False, True, True, True, True, False, False, True, False, False, False, False, True, True, False, True, True, True, True, True, True, True]"
13,0.9999423794022698,"[True, True, True, True, True, True, True, True, True, True, True, True, True, True, True, True, True, False, False, True, True, True, True, True, False, True, False, True, False, False, True, True, False, True, True, True, True, True, True, True]"
13,0.9901349719574883,"[True, True, True, True, True, True, True, True, True, False, True, True, True, True, True, True, False, False, False, False, True, True, True, True, False, True, False, False, True, False, True, True, False, False, True, True, False, True, False, True]"
13,0.9998789521217688,"[True, True, True, True, True, True, True, True, True, True, True, True, True, True, True, True, False, False, True, True, False, True, False, False, True, True, True, False, False, True, True, True, False, True, True, True, True, True, True, True]"
13,5.497402564212326e-05,"[False, True, False, True, True, True, True, True, True, True, True, True, True, True, True, True, False, False, False, True, True, True, True, True, False, True, False, False, False, False, True, True, False, True, True, True, True, True, False, True]"
13,0.9901603766701167,"[True, True, True, True, True, True, True, True, True, False, True, True, True, True, True, True, False, False, True, True, True, False, True, False, False, True, False, False, True, True, False, False, False, False, False, True, True, True, False, True]"
13,0.9805803057561936,"[True, True, True, True, True, True, True, True, False, True, True, True, True, True, True, True, True, False, False, True, True, False, True, False, True, True, True, False, False, False, True, True, False, True, False, True, True, True, False, True]"
13,0.9995960294699522,"[True, True, True, True, True, True, True, True, True, True, True, True, True, True, False, True, False, True, False, True, True, False, True, False, False, False, True, False, False, False, False, False, False, True, True, False, True, True, False, True]"
13,0.9999358103639047,"[True, True, True, True, True, True, True, True, True, True, True, True, True, True, True, True, True, False, False, True, False, True, False, False, False, True, False, False, True, True, False, True, True, True, True, True, False, True, True, False]"
13,0.999865495894489,"[True, True, True, True, True, True, True, True, True, True, True, True, True, True, True, True, False, False, False, True, True, True, True, False, False, True, False, True, False, False, True, True, False, True, True, False, True, True, False, True]"
13,0.9980364310902905,"[True, True, True, True, True, True, True, True, True, True, True, True, False, False, True, True, False, False, False, True, True, True, True, False, True, True, False, False, False, False, True, True, False, True, True, True, False, True, False, True]"
13,0.9243670096146825,"[True, True, True, True, True, True, False, True, True, True, True, True, True, True, True, False, True, False, False, True, True, False, True, True, False, True, False, False, False, False, False, False, False, True, True, True, True, True, False, True]"
13,0.9998821461965894,"[True, True, True, True, True, True, True, True, True, True, True, True, True, True, True, True, False, False, True, True, True, False, True, False, False, True, False, False, False, False, True, True, False, True, True, True, True, True, False, True]"
13,0.9998821461965894,"[True, True, True, True, True, True, True, True, True, True, True, True, True, True, True, True, False, False, True, True, True, False, True, False, False, True, False, False, False, False, True, True, False, True, True, True, True, True, False, True]"
13,0.9999418229114616,"[True, True, True, True, True, True, True, True, True, True, True, True, True, True, True, True, True, False, False, True, True, True, True, False, False, True, True, False, False, True, False, False, False, True, True, True, True, False, False, True]"
13,0.727927790918439,"[True, True, True, True, False, True, True, True, True, True, True, True, True, True, True, True, True, False, False, True, False, True, False, False, False, False, False, False, False, False, True, True, True, False, True, True, False, True, True, False]"
13,0.9992810360462994,"[True, True, True, True, True, True, True, True, True, True, True, True, True, False, True, True, False, True, False, False, True, False, False, True, False, True, True, False, False, False, True, True, False, True, True, False, False, False, False, True]"
13,0.9992516375562146,"[True, True, True, True, True, True, True, True, True, True, True, True, True, False, True, True, False, False, False, True, True, False, False, False, False, False, False, False, True, False, False, False, False, True, True, True, True, False, True, True]"
13,0.9233552405380713,"[True, True, True, True, True, True, False, True, True, True, True, True, False, True, True, True, False, True, True, True, True, True, False, False, False, True, True, False, False, False, True, False, False, False, True, False, True, True, True, True]"
13,0.998645889641194,"[True, True, True, True, True, True, True, True, True, True, True, True, False, True, True, True, False, False, False, True, True, True, True, False, True, True, False, False, True, False, True, True, False, True, False, True, False, True, False, True]"
13,0.8541742151898476,"[True, True, True, True, True, False, True, True, True, True, True, True, True, True, True, True, False, False, False, True, True, True, True, False, True, False, False, False, False, False, True, False, False, True, False, True, True, True, True, False]"
13,0.2630415789457237,"[True, True, False, True, True, True, True, True, True, True, True, True, True, True, True, True, False, True, False, False, False, False, True, False, False, True, False, False, False, True, True, True, False, True, False, True, True, False, False, True]"
13,0.9999424148889132,"[True, True, True, True, True, True, True, True, True, True, True, True, True, True, True, True, True, False, False, True, True, True, True, True, False, True, True, False, False, False, True, False, True, False, True, True, True, True, False, True]"
13,0.9949939443304562,"[True, True, True, True, True, True, True, True, True, True, False, True, True, True, True, True, False, False, False, True, True, True, True, False, False, True, False, False, False, False, False, False, False, True, True, True, True, True, True, True]"
13,0.7278894961443937,"[True, True, True, True, False, True, True, True, True, True, True, True, True, True, True, True, False, False, True, True, True, True, True, False, True, False, False, False, False, False, True, False, False, True, True, True, True, True, True, True]"
13,0.9998660918689426,"[True, True, True, True, True, True, True, True, True, True, True, True, True, True, True, True, False, False, False, True, True, True, True, True, False, True, False, True, False, False, True, True, False, True, True, False, True, True, False, True]"
13,0.9947831056606441,"[True, True, True, True, True, True, True, True, True, True, False, True, True, True, False, True, True, False, True, True, True, False, True, False, True, True, True, False, False, False, True, True, False, True, False, True, True, True, False, True]"
13,0.9999197028321984,"[True, True, True, True, True, True, True, True, True, True, True, True, True, True, True, True, False, True, True, True, True, False, False, True, False, True, False, False, False, True, True, True, False, True, True, False, False, False, False, True]"
13,0.9998690433003642,"[True, True, True, True, True, True, True, True, True, True, True, True, True, True, True, True, False, False, True, False, False, True, False, False, False, True, False, False, False, True, True, True, False, False, True, True, False, True, False, True]"
13,0.9998631121453734,"[True, True, True, True, True, True, True, True, True, True, True, True, True, True, True, True, False, False, False, True, True, False, True, False, False, True, False, True, False, False, True, True, False, True, True, True, True, True, False, True]"
13,0.0009575440656034334,"[False, True, True, True, True, True, True, True, True, False, True, True, True, True, True, True, True, False, False, True, True, True, True, False, False, True, False, True, False, False, True, True, True, True, True, True, True, True, True, True]"
13,0.056291721118379746,"[True, False, True, True, True, True, True, True, True, True, True, True, True, True, True, False, False, False, False, True, True, False, False, False, True, True, True, True, False, False, True, True, False, True, False, True, True, True, False, True]"
13,0.942817786853208,"[True, True, True, True, True, True, True, False, False, True, True, True, True, True, True, True, False, False, True, True, True, True, True, False, False, True, False, False, False, False, True, True, False, True, True, True, False, True, False, True]"
13,0.9998631864965015,"[True, True, True, True, True, True, True, True, True, True, True, True, True, True, True, True, False, False, False, True, True, False, True, False, False, True, True, True, False, False, True, True, False, True, True, False, True, True, False, True]"
13,0.9998658660504597,"[True, True, True, True, True, True, True, True, True, True, True, True, True, True, True, True, False, False, False, True, True, True, True, False, True, True, True, True, False, False, True, False, False, True, True, False, True, True, False, True]"
13,0.9999254299941162,"[True, True, True, True, True, True, True, True, True, True, True, True, True, True, True, True, True, False, False, False, False, False, True, False, True, True, True, False, False, False, True, True, False, True, False, True, True, False, False, True]"
13,0.9997377784228019,"[True, True, True, True, True, True, True, True, True, True, True, True, True, True, True, False, False, True, False, False, True, False, False, False, False, False, False, False, False, False, True, True, False, True, True, False, False, True, False, True]"
13,0.9999000256371608,"[True, True, True, True, True, True, True, True, True, True, True, True, True, True, True, True, False, True, False, True, True, False, False, False, False, True, False, False, False, False, True, True, False, True, True, False, False, True, True, True]"
13,0.997427065507981,"[True, True, True, True, True, True, True, True, True, True, True, False, True, True, True, True, False, False, False, True, True, True, True, False, False, True, False, True, False, False, True, True, False, True, True, True, True, True, False, True]"
13,0.9998655496027451,"[True, True, True, True, True, True, True, True, True, True, True, True, True, True, True, True, False, False, False, True, True, True, True, False, False, True, True, False, True, False, True, False, False, True, True, True, True, True, True, True]"
13,0.7875485313883144,"[True, True, True, True, True, False, False, True, True, True, True, True, False, True, False, True, False, True, False, True, True, False, False, False, False, True, False, False, False, False, True, True, False, True, True, True, False, False, True, True]"
13,0.9998566321217448,"[True, True, True, True, True, True, True, True, True, True, True, True, True, True, True, True, False, False, False, False, True, True, True, True, False, True, True, True, False, False, True, True, True, True, True, True, True, True, False, True]"
13,0.9999196932286285,"[True, True, True, True, True, True, True, True, True, True, True, True, True, True, True, True, False, True, True, True, True, False, False, True, False, True, False, False, False, False, True, True, False, True, False, False, False, False, False, True]"
13,0.0009667771200001998,"[False, True, True, True, True, True, True, True, True, True, False, True, True, True, True, True, False, False, False, False, False, True, False, False, False, True, False, False, False, True, True, True, False, True, False, True, False, True, True, True]"
13,0.9998617308212651,"[True, True, True, True, True, True, True, True, True, True, True, True, True, True, True, True, False, False, False, True, True, False, False, False, False, False, False, False, False, False, True, False, False, False, True, False, False, True, False, False]"
13,0.9999024375391162,"[True, True, True, True, True, True, True, True, True, True, True, True, True, True, True, True, False, True, False, True, True, True, False, False, False, True, False, False, True, True, True, True, False, True, True, False, False, True, True, False]"
13,0.999862937543918,"[True, True, True, True, True, True, True, True, True, True, True, True, True, True, True, True, False, False, False, True, True, False, True, False, False, False, False, False, True, False, False, False, False, True, True, True, True, True, False, True]"
13,0.9998634566195754,"[True, True, True, True, True, True, True, True, True, True, True, True, True, True, True, True, False, False, False, True, True, False, True, False, True, True, True, False, False, True, True, True, False, True, True, True, False, True, False, True]"
13,0.9998658660686474,"[True, True, True, True, True, True, True, True, True, True, True, True, True, True, True, True, False, False, False, True, True, True, True, False, True, True, True, True, False, False, True, False, False, True, True, False, True, True, True, True]"
13,0.5243825425199686,"[True, True, True, False, True, True, True, True, True, True, True, True, True, True, True, True, False, False, False, True, False, True, True, False, False, True, False, False, False, False, True, True, False, True, True, True, True, True, True, True]"
13,0.9974234647880895,"[True, True, True, True, True, True, True, True, True, True, True, False, True, True, True, True, False, False, False, True, True, False, False, False, False, True, False, False, False, True, False, True, False, True, True, False, False, True, True, False]"
13,0.9999071864317237,"[True, True, True, True, True, True, True, True, True, True, True, True, True, True, True, True, False, True, True, False, False, True, False, False, False, True, False, False, False, True, True, True, False, False, True, True, False, True, False, True]"
13,0.924439765097088,"[True, True, True, True, True, True, False, True, True, True, True, True, True, True, True, True, False, False, False, True, True, True, True, False, False, True, False, False, False, False, True, True, False, True, True, True, True, True, True, True]"
13,0.9993093274202888,"[True, True, True, True, True, True, True, True, True, True, True, True, True, False, True, True, False, True, True, True, True, False, False, False, True, True, True, False, False, False, True, False, False, False, True, False, False, True, False, True]"
13,0.2629950356018,"[True, True, False, True, True, True, True, True, True, True, True, True, True, True, True, False, False, False, True, True, True, True, True, False, True, False, False, False, False, False, True, False, False, False, False, False, True, True, True, True]"
13,0.2630700223638354,"[True, True, False, True, True, True, True, True, True, True, True, True, True, True, True, True, True, True, True, False, False, False, False, True, False, False, False, False, False, False, True, False, False, False, True, True, False, False, False, False]"
13,0.9999018298591908,"[True, True, True, True, True, True, True, True, True, True, True, True, True, True, True, True, False, True, False, True, True, False, True, True, False, True, False, False, True, False, True, False, False, True, True, False, False, False, False, True]"
13,0.712331171501741,"[True, True, True, True, False, True, True, True, False, True, True, True, False, True, True, False, False, False, True, True, True, False, False, False, False, True, False, False, False, False, False, False, False, False, True, False, True, True, False, False]"
13,0.9999301957641258,"[True, True, True, True, True, True, True, True, True, True, True, True, True, True, True, True, True, False, False, False, True, False, True, False, True, True, True, False, False, False, True, False, False, True, False, True, True, True, False, True]"
13,0.9244431052842034,"[True, True, True, True, True, True, False, True, True, True, True, True, True, True, True, True, False, False, True, False, False, True, False, False, False, True, False, False, False, True, True, True, False, False, True, True, False, True, False, True]"
13,0.9615395118983435,"[True, True, True, True, True, True, True, False, True, True, True, True, True, True, True, True, False, True, True, True, True, False, False, True, False, True, False, False, False, False, True, False, False, False, True, False, False, False, False, True]"
13,0.9950017568389893,"[True, True, True, True, True, True, True, True, True, True, False, True, True, True, True, True, False, False, True, False, True, False, True, True, False, True, True, False, True, False, True, True, False, False, False, True, True, True, True, True]"
13,0.9994079181266853,"[True, True, True, True, True, True, True, True, True, True, True, True, True, True, False, False, False, False, False, True, True, True, True, False, False, True, True, False, False, False, True, False, True, True, True, True, True, True, False, True]"
13,0.999919690609473,"[True, True, True, True, True, True, True, True, True, True, True, True, True, True, True, True, False, True, True, True, True, False, False, True, False, True, False, False, False, False, True, False, False, False, True, False, False, False, False, True]"
13,0.9615551276554344,"[True, True, True, True, True, True, True, False, True, True, True, True, True, True, True, True, True, False, False, True, False, True, False, False, False, True, True, False, False, True, False, True, True, True, True, True, False, True, True, False]"
13,0.9614880931937607,"[True, True, True, True, True, True, True, False, True, True, True, True, True, True, True, True, False, False, False, True, True, True, True, True, True, True, True, False, False, False, True, True, True, True, True, True, True, False, False, True]"
13,0.9998630865371582,"[True, True, True, True, True, True, True, True, True, True, True, True, True, True, True, True, False, False, False, True, True, False, True, False, False, True, False, False, True, False, False, False, False, True, True, True, True, True, False, True]"
13,0.9998559948302822,"[True, True, True, True, True, True, True, True, True, True, True, True, True, True, True, True, False, False, False, False, True, True, True, False, False, True, True, False, False, False, True, False, False, False, True, True, True, True, False, True]"
13,0.9997671364450352,"[True, True, True, True, True, True, True, True, True, True, True, True, True, True, True, False, False, True, True, True, True, False, False, True, False, True, False, False, False, True, True, True, False, True, True, False, False, False, False, True]"
13,0.9611832894974344,"[True, True, True, True, True, True, True, False, True, True, True, True, True, True, False, True, False, False, False, False, True, True, True, False, False, False, False, False, True, False, True, False, False, True, True, True, True, True, False, True]"
13,0.5243852500757178,"[True, True, True, False, True, True, True, True, True, True, True, True, True, True, True, True, False, False, False, True, True, True, True, False, False, True, True, False, False, False, True, False, False, True, True, True, True, True, False, True]"
13,0.0009730239020935418,"[False, True, True, True, True, True, True, True, True, True, True, True, False, True, False, False, False, False, False, True, True, False, True, True, False, True, True, False, False, True, True, False, False, True, False, True, False, True, True, False]"
13,0.9999190946062666,"[True, True, True, True, True, True, True, True, True, True, True, True, True, True, True, True, False, True, True, True, True, False, False, False, False, True, False, False, False, False, True, False, False, False, True, False, False, False, False, True]"
13,0.9614824080608362,"[True, True, True, True, True, True, True, False, True, True, True, True, True, True, True, True, False, False, False, True, False, True, True, False, False, False, False, False, False, False, True, False, False, True, False, True, True, True, True, True]"
13,0.0009762930431575222,"[False, True, True, True, True, True, True, True, True, True, True, True, True, True, True, True, False, False, False, True, True, False, False, False, True, False, False, False, False, False, True, False, False, True, True, True, False, True, False, False]"
13,0.9999417461359417,"[True, True, True, True, True, True, True, True, True, True, True, True, True, True, True, True, True, False, False, True, True, True, True, False, False, True, False, False, False, False, True, True, False, True, True, True, True, True, True, True]"
13,0.9983373220048736,"[True, True, True, True, True, True, True, True, True, True, True, True, False, True, False, True, False, False, False, True, True, False, False, False, False, True, True, False, False, True, True, False, False, True, False, True, True, True, True, False]"
13,0.5243949405689794,"[True, True, True, False, True, True, True, True, True, True, True, True, True, True, True, True, False, False, True, True, True, False, True, True, False, True, True, True, False, False, True, True, False, False, True, True, True, True, False, True]"
13,0.0009621965421666124,"[False, True, True, True, True, True, True, True, True, True, False, False, True, True, True, True, False, True, True, True, True, False, False, True, False, True, False, False, False, True, True, False, True, True, False, False, False, False, False, True]"
13,0.9999357876642286,"[True, True, True, True, True, True, True, True, True, True, True, True, True, True, True, True, True, False, False, True, False, True, False, False, False, True, False, False, False, True, False, False, False, False, True, True, False, True, True, False]"
13,0.990253701468154,"[True, True, True, True, True, True, True, True, True, False, True, True, True, True, True, True, True, True, False, True, True, False, False, False, False, True, False, False, False, False, True, True, False, True, True, False, False, True, True, True]"
13,0.961520527644581,"[True, True, True, True, True, True, True, False, True, True, True, True, True, True, True, True, False, True, False, True, True, False, False, False, False, True, False, False, False, False, True, True, False, True, True, False, True, True, True, True]"
13,0.5243857566468759,"[True, True, True, False, True, True, True, True, True, True, True, True, True, True, True, True, False, False, False, True, True, True, True, True, True, True, True, False, False, True, True, True, False, True, True, True, False, True, False, True]"
13,0.9994067348234941,"[True, True, True, True, True, True, True, True, True, True, True, True, True, True, False, False, False, False, False, True, True, True, False, False, False, True, True, False, False, True, True, False, False, True, True, True, True, True, True, False]"
13,0.26305556595222185,"[True, True, False, True, True, True, True, True, True, True, True, True, True, True, True, True, True, False, False, True, False, False, False, False, False, True, False, True, False, True, False, True, True, True, True, True, False, True, True, False]"
13,0.9998690433003642,"[True, True, True, True, True, True, True, True, True, True, True, True, True, True, True, True, False, False, True, False, False, True, False, False, False, True, False, False, False, True, True, True, False, False, True, True, False, True, False, True]"
13,0.7278705849193738,"[True, True, True, True, False, True, True, True, True, True, True, True, True, True, True, True, False, False, False, True, False, True, False, False, False, True, False, False, True, False, False, False, False, True, True, True, True, True, True, True]"
13,0.5230192103523308,"[True, True, True, False, True, True, True, True, True, True, True, False, True, True, True, True, False, False, False, True, True, False, False, False, False, True, False, False, False, True, False, True, True, True, True, True, False, True, True, False]"
13,0.9805074698783232,"[True, True, True, True, True, True, True, True, False, True, True, True, True, True, True, True, False, False, False, True, True, True, True, False, True, False, False, False, False, False, True, False, False, True, True, True, True, True, True, True]"
13,0.995029625312803,"[True, True, True, True, True, True, True, True, True, True, False, True, True, True, True, True, False, True, False, True, True, False, True, False, False, True, True, False, False, False, True, False, False, True, True, True, True, True, False, True]"
13,0.9999000235091348,"[True, True, True, True, True, True, True, True, True, True, True, True, True, True, True, True, False, True, False, True, True, False, False, False, False, True, False, False, False, False, True, False, False, True, True, True, True, True, False, True]"
13,0.9950699040138294,"[True, True, True, True, True, True, True, True, True, True, False, True, True, True, True, True, True, False, False, True, True, True, True, False, False, True, False, False, False, False, True, True, False, True, True, True, True, True, True, True]"
step,fitness,genome
14,0.0009765210481815592,"[False, True, True, True, True, True, True, True, True, True, True, True, True, True, True, True, True, True, False, True, True, True, False, False, False, True, True, False, False, True, False, False, False, True, True, True, True, False, False, True]"
14,0.9999278140224545,"[True, True, True, True, True, True, True, True, True, True, True, True, True, True, True, True, True, False, False, False, False, True, True, False, True, True, True, False, False, False, True, True, False, True, False, True, True, False, False, True]"
14,0.05626264492242356,"[True, False, True, True, True, True, True, True, True, True, True, True, True, False, True, True, True, False, False, False, True, True, True, False, True, True, True, False, False, False, True, False, False, False, False, True, True, True, False, True]"
14,0.0562595373493498,"[True, False, True, True, True, True, True, True, True, True, True, True, True, False, True, True, False, True, False, False, True, False, False, True, False, True, True, False, False, False, True, True, False, True, True, False, False, False, False, True]"
14,0.9999358103639047,"[True, True, True, True, True, True, True, True, True, True, True, True, True, True, True, True, True, False, False, True, False, True, False, False, False, True, False, False, True, True, False, True, True, True, True, True, False, True, True, False]"
14,0.0008339101458697778,"[False, True, True, True, True, True, False, True, True, True, True, True, True, True, True, False, True, False, False, True, True, True, False, True, False, True, False, True, False, False, True, True, False, True, True, False, True, True, False, True]"
14,0.9998499629137944,"[True, True, True, True, True, True, True, True, True, True, True, True, True, True, True, True, False, False, False, False, False, True, False, False, False, True, False, False, False, False, True, True, False, False, True, True, False, True, False, True]"
14,0.9999420434160227,"[True, True, True, True, True, True, True, True, True, True, True, True, True, True, True, True, True, False, False, True, True, True, True, False, True, True, False, False, False, False, True, True, False, False, True, False, True, True, True, True]"
14,0.9993322270948546,"[True, True, True, True, True, True, True, True, True, True, True, True, True, False, True, True, True, False, False, True, True, True, True, True, False, True, False, True, False, False, True, True, False, True, True, True, True, True, True, True]"
14,0.9999024074738619,"[True, True, True, True, True, True, True, True, True, True, True, True, True, True, True, True, False, True, False, True, True, True, False, False, False, True, False, False, False, False, True, False, False, True, True, True, True, True, False, False]"
14,0.9998658840926564,"[True, True, True, True, True, True, True, True, True, True, True, True, True, True, True, True, False, False, False, True, True, True, True, False, True, True, True, True, True, False, True, False, False, False, True, False, True, True, False, True]"
14,0.9565431757828464,"[True, True, True, True, True, True, True, False, True, True, False, True, True, True, False, True, False, True, True, True, True, False, False, True, False, True, False, False, False, False, True, False, True, False, True, False, False, False, False, False]"
14,0.9244431052842034,"[True, True, True, True, True, True, False, True, True, True, True, True, True, True, True, True, False, False, True, False, False, True, False, False, False, True, False, False, False, True, True, True, False, False, True, True, False, True, False, True]"
14,0.9999195442277965,"[True, True, True, True, True, True, True, True, True, True, True, True, True, True, True, True, False, True, True, True, True, False, False, True, False, False, False, False, False, False, True, True, False, True, False, False, False, False, False, True]"
14,0.979933096601919,"[True, True, True, True, True, True, True, True, False, True, True, True, True, False, True, True, False, True, False, False, True, False, False, True, False, True, True, False, False, False, True, True, False, True, True, False, False, False, False, True]"
14,0.9999301957277482,"[True, True, True, True, True, True, True, True, True, True, True, True, True, True, True, True, True, False, False, False, True, False, True, False, True, True, True, False, False, False, True, False, False, True, False, True, True, False, False, True]"
14,0.8542403804391573,"[True, True, True, True, True, False, True, True, True, True, True, True, True, True, True, True, True, False, False, True, True, True, True, False, False, True, True, False, True, True, True, False, False, False, True, True, True, False, False, True]"
14,0.9999018112343852,"[True, True, True, True, True, True, True, True, True, True, True, True, True, True, True, True, False, True, False, True, True, False, True, True, False, True, False, False, False, False, True, False, False, True, True, False, False, False, False, True]"
14,0.9987980587640384,"[True, True, True, True, True, True, True, True, True, True, True, True, True, False, False, False, False, False, False, True, True, True, True, False, False, True, True, False, False, False, True, False, True, False, True, True, True, True, False, True]"
14,0.9998658660686474,"[True, True, True, True, True, True, True, True, True, True, True, True, True, True, True, True, False, False, False, True, True, True, True, False, True, True, True, True, False, False, True, False, False, True, True, False, True, True, True, True]"
14,0.9999704763024807,"[True, True, True, True, True, True, True, True, True, True, True, True, True, True, True, True, True, True, False, False, True, True, True, False, False, True, True, True, False, True, True, True, False, True, True, True, True, True, True, True]"
14,0.9244903120892762,"[True, True, True, True, True, True, False, True, True, True, True, True, True, True, True, True, False, True, True, True, True, False, False, True, False, True, False, False, False, True, True, True, False, True, True, False, False, False, False, True]"
14,0.48231681324116166,"[True, True, True, False, True, True, False, True, True, True, True, True, True, True, True, True, False, True, True, True, True, False, False, True, False, True, False, False, False, False, True, True, False, True, False, False, False, False, False, True]"
14,0.9998498249802749,"[True, True, True, True, True, True, True, True, True, True, True, True, True, True, True, True, False, False, False, False, False, True, False, False, False, False, False, False, False, True, True, True, True, True, True, True, False, True, False, True]"
14,0.9997138680516747,"[True, True, True, True, True, True, True, True, True, True, True, True, True, True, True, False, False, False, False, True, True, True, True, True, True, True, True, False, False, False, True, True, False, True, True, False, True, True, True, True]"
14,0.9614871930034126,"[True, True, True, True, True, True, True, False, True, True, True, True, True, True, True, True, False, False, False, True, True, True, True, False, False, True, False, True, False, False, True, True, False, True, True, False, True, True, True, True]"
14,0.9999427128239757,"[True, True, True, True, True, True, True, True, True, True, True, True, True, True, True, True, True, False, False, True, True, True, True, True, True, True, True, False, False, False, True, False, True, False, True, True, False, True, False, True]"
14,0.9999197304788395,"[True, True, True, True, True, True, True, True, True, True, True, True, True, True, True, True, False, True, True, True, True, False, False, True, False, True, False, True, False, False, True, True, False, True, False, False, False, False, False, True]"
14,0.9974273987010396,"[True, True, True, True, True, True, True, True, True, True, True, False, True, True, True, True, False, False, False, True, True, True, True, False, True, True, True, False, False, False, True, False, True, True, True, False, True, True, False, True]"
14,0.727932857176488,"[True, True, True, True, False, True, True, True, True, True, True, True, True, True, True, True, True, False, False, True, True, True, True, True, False, True, False, True, False, False, True, True, False, True, True, True, True, True, True, True]"
14,0.9999358103639047,"[True, True, True, True, True, True, True, True, True, True, True, True, True, True, True, True, True, False, False, True, False, True, False, False, False, True, False, False, True, True, False, True, True, True, True, True, False, True, True, False]"
14,0.9999424135793088,"[True, True, True, True, True, True, True, True, True, True, True, True, True, True, True, True, True, False, False, True, True, True, True, True, False, True, True, False, False, False, True, False, False, False, True, False, True, True, False, True]"
14,0.9244309640561212,"[True, True, True, True, True, True, False, True, True, True, True, True, True, True, True, True, False, False, False, False, True, True, True, False, False, True, True, False, True, False, True, False, False, True, True, True, True, True, True, True]"
14,0.9805600443731365,"[True, True, True, True, True, True, True, True, False, True, True, True, True, True, True, True, False, True, True, True, True, False, False, False, False, True, False, False, True, False, True, False, False, False, True, False, False, False, False, True]"
14,0.980558049612537,"[True, True, True, True, True, True, True, True, False, True, True, True, True, True, True, True, False, True, True, True, False, True, False, False, True, True, True, False, False, False, True, False, False, False, False, True, True, True, False, True]"
14,0.999929835117624,"[True, True, True, True, True, True, True, True, True, True, True, True, True, True, True, True, True, False, False, False, True, False, True, False, False, True, False, False, False, True, True, True, False, True, True, True, False, True, False, True]"
14,0.9998821461965894,"[True, True, True, True, True, True, True, True, True, True, True, True, True, True, True, True, False, False, True, True, True, False, True, False, False, True, False, False, False, False, True, True, False, True, True, True, True, True, False, True]"
14,0.9998634566195754,"[True, True, True, True, True, True, True, True, True, True, True, True, True, True, True, True, False, False, False, True, True, False, True, False, True, True, True, False, False, True, True, True, False, True, True, True, False, True, False, True]"
14,0.05612575281239304,"[True, False, True, True, True, True, True, True, True, True, True, False, True, True, True, True, True, False, False, True, False, True, True, False, False, True, False, False, False, True, False, False, False, False, True, True, True, True, True, False]"
14,0.9998654588097856,"[True, True, True, True, True, True, True, True, True, True, True, True, True, True, True, True, False, False, False, True, True, True, True, False, False, True, False, False, False, False, True, True, False, True, True, True, True, True, True, True]"
14,0.8455989426950411,"[True, True, True, True, True, False, True, True, True, False, True, True, True, True, True, False, False, False, False, False, True, True, True, True, False, True, True, True, False, False, True, True, True, True, True, True, True, True, False, True]"
14,0.9999167224191832,"[True, True, True, True, True, True, True, True, True, True, True, True, True, True, True, True, False, True, True, True, False, True, False, False, False, True, False, False, False, True, True, True, False, False, True, True, False, True, False, True]"
14,0.0009716101948973541,"[False, True, True, True, True, True, True, True, True, True, True, False, True, True, True, True, False, True, False, True, True, False, False, False, False, True, False, False, False, False, True, True, False, True, True, False, False, True, True, True]"
14,0.706203339014379,"[True, True, True, True, False, True, True, True, False, False, True, True, True, True, True, True, True, False, False, False, False, False, True, False, True, False, True, True, False, False, True, True, False, True, False, True, True, False, False, True]"
14,0.9998664013691076,"[True, True, True, True, True, True, True, True, True, True, True, True, True, True, True, True, False, False, False, True, True, True, True, True, True, True, False, True, True, False, False, False, False, True, False, True, True, True, True, True]"
14,0.0009015385275426273,"[False, True, True, True, True, True, True, False, True, True, True, True, True, False, True, True, False, False, False, True, True, True, False, False, False, False, True, False, False, False, True, True, False, True, True, True, True, False, True, True]"
14,0.9999357876642286,"[True, True, True, True, True, True, True, True, True, True, True, True, True, True, True, True, True, False, False, True, False, True, False, False, False, True, False, False, False, True, False, False, False, False, True, True, False, True, True, False]"
14,0.9999424148889132,"[True, True, True, True, True, True, True, True, True, True, True, True, True, True, True, True, True, False, False, True, True, True, True, True, False, True, True, False, False, False, True, False, True, False, True, True, True, True, False, True]"
14,0.05630791850330626,"[True, False, True, True, True, True, True, True, True, True, True, True, True, True, True, True, True, False, False, False, False, False, True, False, True, True, True, True, False, False, True, True, False, True, False, True, True, False, False, True]"
14,0.9999397319490783,"[True, True, True, True, True, True, True, True, True, True, True, True, True, True, True, True, True, False, False, True, True, False, True, False, True, True, True, False, False, False, True, False, False, True, False, True, True, True, False, True]"
14,0.9793043497904101,"[True, True, True, True, True, True, True, True, False, True, True, True, False, True, True, True, False, False, False, True, False, True, True, False, True, True, False, False, True, False, True, True, False, True, False, True, True, True, False, True]"
14,0.9997023139387272,"[True, True, True, True, True, True, True, True, True, True, True, True, True, True, True, False, False, False, False, False, True, True, False, False, False, True, True, True, True, True, True, True, True, False, True, False, True, True, False, True]"
14,0.9999608187859752,"[True, True, True, True, True, True, True, True, True, True, True, True, True, True, True, True, True, False, True, True, True, True, True, False, False, True, False, False, False, False, True, True, False, True, True, True, True, True, True, True]"
14,0.0009764874306216212,"[False, True, True, True, True, True, True, True, True, True, True, True, True, True, True, True, True, False, True, True, True, True, True, True, True, False, False, False, False, False, True, True, False, True, True, True, True, True, True, True]"
14,0.9998819966187782,"[True, True, True, True, True, True, True, True, True, True, True, True, True, True, True, True, False, False, True, True, True, False, True, False, False, False, False, False, False, False, True, True, False, False, True, True, True, True, False, True]"
14,0.9974972039935919,"[True, True, True, True, True, True, True, True, True, True, True, False, True, True, True, True, True, False, False, True, False, True, False, False, False, True, False, False, False, True, False, False, True, False, True, True, False, True, True, False]"
14,0.9998559948302822,"[True, True, True, True, True, True, True, True, True, True, True, True, True, True, True, True, False, False, False, False, True, True, True, False, False, True, True, False, False, False, True, False, False, False, True, True, True, True, False, True]"
14,0.9902567278695341,"[True, True, True, True, True, True, True, True, True, False, True, True, True, True, True, True, True, True, False, True, True, True, False, True, False, True, True, False, False, False, True, False, True, False, True, True, True, True, False, True]"
14,0.9999681919876855,"[True, True, True, True, True, True, True, True, True, True, True, True, True, True, True, True, True, True, False, False, True, False, True, False, True, False, True, False, False, False, True, False, False, True, False, True, True, True, False, True]"
14,0.9999119734858151,"[True, True, True, True, True, True, True, True, True, True, True, True, True, True, True, True, False, True, True, False, True, True, False, False, False, True, False, False, True, True, True, True, False, True, True, False, False, True, True, False]"
14,0.9999453307271464,"[True, True, True, True, True, True, True, True, True, True, True, True, True, True, True, True, True, False, True, False, False, True, False, False, False, True, False, False, False, True, True, True, False, False, True, False, False, True, False, True]"
14,0.9999190946062666,"[True, True, True, True, True, True, True, True, True, True, True, True, True, True, True, True, False, True, True, True, True, False, False, False, False, True, False, False, False, False, True, False, False, False, True, False, False, False, False, True]"
14,0.999922077244657,"[True, True, True, True, True, True, True, True, True, True, True, True, True, True, True, True, False, True, True, True, True, True, False, True, False, True, False, False, False, False, True, True, False, True, False, False, False, False, False, True]"
14,0.9999018298591908,"[True, True, True, True, True, True, True, True, True, True, True, True, True, True, True, True, False, True, False, True, True, False, True, True, False, True, False, False, True, False, True, False, False, True, True, False, False, False, False, True]"
14,0.9999361080607411,"[True, True, True, True, True, True, True, True, True, True, True, True, True, True, True, True, True, False, False, True, False, True, False, False, True, True, False, False, True, True, False, True, True, True, False, True, False, True, False, False]"
14,0.9999357876642286,"[True, True, True, True, True, True, True, True, True, True, True, True, True, True, True, True, True, False, False, True, False, True, False, False, False, True, False, False, False, True, False, False, False, False, True, True, False, True, True, False]"
14,0.5244045458356783,"[True, True, True, False, True, True, True, True, True, True, True, True, True, True, True, True, False, True, False, True, True, False, False, False, False, True, False, False, False, False, True, False, False, True, True, False, True, True, False, True]"
14,0.9997891039214276,"[True, True, True, True, True, True, True, True, True, True, True, True, True, True, True, False, True, False, False, True, True, True, True, False, False, False, True, False, False, True, False, False, False, False, True, True, True, False, False, True]"
14,0.9999786994744599,"[True, True, True, True, True, True, True, True, True, True, True, True, True, True, True, True, True, True, False, True, True, True, False, False, False, True, False, False, False, False, True, True, False, True, True, False, False, True, True, True]"
14,0.9999197028321984,"[True, True, True, True, True, True, True, True, True, True, True, True, True, True, True, True, False, True, True, True, True, False, False, True, False, True, False, False, False, True, True, True, False, True, True, False, False, False, False, True]"
14,0.9999301957277482,"[True, True, True, True, True, True, True, True, True, True, True, True, True, True, True, True, True, False, False, False, True, False, True, False, True, True, True, False, False, False, True, False, False, True, False, True, True, False, False, True]"
14,0.2630573449701627,"[True, True, False, True, True, True, True, True, True, True, True, True, True, True, True, True, True, False, False, True, True, False, True, False, False, True, False, False, False, False, True, True, False, True, True, True, True, True, True, True]"
14,0.9799604553925131,"[True, True, True, True, True, True, True, True, False, True, True, True, True, False, True, True, False, True, True, True, True, False, False, False, False, False, True, False, False, False, True, False, False, False, False, True, False, True, False, True]"
14,0.9998663898562892,"[True, True, True, True, True, True, True, True, True, True, True, True, True, True, True, True, False, False, False, True, True, True, True, True, True, True, False, True, False, False, True, True, False, True, True, False, True, True, False, True]"
14,0.9615001115072669,"[True, True, True, True, True, True, True, False, True, True, True, True, True, True, True, True, False, False, True, True, False, True, False, False, True, True, False, False, False, True, True, True, False, True, True, True, True, False, True, True]"
14,0.9999423747458984,"[True, True, True, True, True, True, True, True, True, True, True, True, True, True, True, True, True, False, False, True, True, True, True, True, False, True, False, True, False, False, False, True, False, True, True, True, True, True, True, True]"
14,0.009093492207532269,"[True, False, False, True, True, True, True, True, True, True, True, True, True, True, True, True, False, True, False, True, True, False, False, False, False, True, False, False, False, False, True, False, False, True, True, True, True, True, False, True]"
14,0.9805764503533695,"[True, True, True, True, True, True, True, True, False, True, True, True, True, True, True, True, True, False, False, True, False, True, False, False, False, True, False, False, True, True, False, True, True, True, True, True, True, True, True, False]"
14,0.9999242380182426,"[True, True, True, True, True, True, True, True, True, True, True, True, True, True, True, True, True, False, False, False, False, False, False, False, True, True, True, False, False, False, True, True, False, True, False, True, True, True, False, True]"
14,0.7133882917626906,"[True, True, True, True, False, True, True, True, False, True, True, True, True, True, True, True, True, False, False, True, True, True, False, True, False, True, True, False, False, True, False, False, False, True, True, True, True, False, False, True]"
14,0.9998595006016976,"[True, True, True, True, True, True, True, True, True, True, True, True, True, True, True, True, False, False, False, True, False, True, False, False, False, True, False, False, False, True, False, False, False, False, True, False, False, True, True, False]"
14,0.9998631864874077,"[True, True, True, True, True, True, True, True, True, True, True, True, True, True, True, True, False, False, False, True, True, False, True, False, False, True, True, True, False, False, True, True, False, True, True, False, True, True, False, False]"
14,0.9560822687002313,"[True, True, True, True, True, True, True, False, True, True, False, True, True, False, True, False, False, True, False, True, False, True, False, False, False, True, False, False, False, False, True, True, True, True, False, True, False, True, False, False]"
14,0.9991038784636648,"[True, True, True, True, True, True, True, True, True, True, True, True, True, False, True, False, False, False, False, True, True, True, True, True, True, True, True, True, False, False, True, True, False, True, True, False, True, True, True, True]"
14,0.7274166558314772,"[True, True, True, True, False, True, True, True, True, True, True, True, True, False, True, True, False, False, False, True, True, True, True, False, False, True, True, False, True, False, True, False, False, True, True, True, True, True, True, True]"
14,0.0009761525840500839,"[False, True, True, True, True, True, True, True, True, True, True, True, True, True, True, False, True, False, False, True, True, True, True, True, True, True, False, True, False, False, False, True, False, True, True, True, True, True, True, True]"
14,0.05485543999689871,"[True, False, True, True, True, True, True, True, False, True, True, True, True, True, True, True, False, False, True, True, True, False, True, False, False, True, False, False, False, False, True, True, False, False, True, True, True, True, False, True]"
14,0.9999143457991726,"[True, True, True, True, True, True, True, True, True, True, True, True, True, True, True, True, False, True, True, True, False, False, False, False, False, True, False, False, True, False, True, False, False, True, True, False, False, False, False, True]"
14,0.9614135940480864,"[True, True, True, True, True, True, True, False, True, True, True, True, True, True, True, False, True, False, False, True, True, True, True, False, False, True, True, False, False, True, True, False, False, True, True, True, True, True, False, True]"
14,0.9805436596027008,"[True, True, True, True, True, True, True, True, False, True, True, True, True, True, True, True, False, True, False, True, True, True, False, False, False, True, False, False, True, True, True, True, False, True, True, False, True, True, True, False]"
14,0.9999608164577509,"[True, True, True, True, True, True, True, True, True, True, True, True, True, True, True, True, True, False, True, True, True, True, True, False, False, True, False, False, False, False, True, False, False, True, True, True, True, True, True, True]"
14,0.9999000250369483,"[True, True, True, True, True, True, True, True, True, True, True, True, True, True, True, True, False, True, False, True, True, False, False, False, False, True, False, False, False, False, True, True, False, False, True, False, False, True, False, True]"
14,0.9992449895215666,"[True, True, True, True, True, True, True, True, True, True, True, True, True, False, True, True, False, False, False, False, True, True, False, False, True, True, False, True, True, True, True, True, False, False, True, True, True, True, False, True]"
14,0.9230101828543612,"[True, True, True, True, True, True, False, True, True, True, True, True, False, True, False, True, False, False, False, False, True, True, True, False, False, True, False, False, True, False, True, True, False, True, False, True, False, True, False, True]"
14,0.9999959842789202,"[True, True, True, True, True, True, True, True, True, True, True, True, True, True, True, True, True, True, True, True, True, False, False, True, False, True, False, False, False, False, True, True, False, True, False, False, False, False, False, True]"
14,0.9986997582519508,"[True, True, True, True, True, True, True, True, True, True, True, True, False, True, True, True, False, True, True, True, True, False, False, True, False, True, False, False, False, True, True, True, False, True, True, False, False, True, False, True]"
14,0.0009740000631257795,"[False, True, True, True, True, True, True, True, True, True, True, True, False, True, True, True, False, True, True, False, False, True, False, False, False, True, False, False, False, True, True, True, True, False, True, True, False, True, True, True]"
14,0.961535199127642,"[True, True, True, True, True, True, True, False, True, True, True, True, True, True, True, True, False, True, True, True, False, False, False, True, True, True, False, False, False, False, True, True, False, True, False, False, False, False, False, True]"
14,0.9999578354797148,"[True, True, True, True, True, True, True, True, True, True, True, True, True, True, True, True, True, False, True, True, True, False, False, True, False, True, False, False, False, False, True, False, False, False, True, False, False, False, False, True]"
14,0.05486405419255706,"[True, False, True, True, True, True, True, True, False, True, True, True, True, True, True, True, True, True, True, True, True, True, True, True, False, True, False, True, False, False, True, True, False, True, True, True, True, True, True, True]"
step,fitness,genome
15,0.9998657560694546,"[True, True, True, True, True, True, True, True, True, True, True, True, True, True, True, True, False, False, False, True, True, True, True, False, True, True, False, False, False, False, True, True, False, False, True, False, True, True, True, True]"
15,0.8542051209170324,"[True, True, True, True, True, False, True, True, True, True, True, True, True, True, True, True, False, True, False, True, True, False, True, False, False, True, False, False, False, False, True, True, False, False, True, False, False, True, False, True]"
15,0.9999242380091483,"[True, True, True, True, True, True, True, True, True, True, True, True, True, True, True, True, True, False, False, False, False, False, False, False, True, True, True, False, False, False, True, True, False, True, False, True, True, True, False, False]"
15,0.99994241459789,"[True, True, True, True, True, True, True, True, True, True, True, True, True, True, True, True, True, False, False, True, True, True, True, True, False, True, True, False, False, False, True, False, True, False, False, True, True, True, False, True]"
15,0.727928368698553,"[True, True, True, True, False, True, True, True, True, True, True, True, True, True, True, True, True, False, False, True, False, True, False, True, False, True, False, False, True, True, False, True, True, True, True, True, False, True, True, False]"
15,0.9757959404718219,"[True, True, True, True, True, True, True, True, False, True, False, True, True, True, True, True, True, False, False, True, True, True, True, True, False, False, True, False, False, False, True, False, False, False, True, False, True, True, False, True]"
15,0.7279362582362794,"[True, True, True, True, False, True, True, True, True, True, True, True, True, True, True, True, True, False, True, False, False, True, True, False, True, True, True, False, True, False, True, True, False, True, True, True, True, False, False, True]"
15,0.9998833358356182,"[True, True, True, True, True, True, True, True, True, True, True, True, True, True, True, True, False, False, True, True, True, True, False, False, False, True, False, False, False, False, True, False, False, True, True, True, True, True, False, True]"
15,0.9999412215488365,"[True, True, True, True, True, True, True, True, True, True, True, True, True, True, True, True, True, False, False, True, True, True, False, True, False, True, True, False, False, False, True, False, False, False, True, False, True, True, False, True]"
15,0.9902138461644354,"[True, True, True, True, True, True, True, True, True, False, True, True, True, True, True, True, True, False, False, True, False, True, False, False, True, True, False, False, True, True, False, True, True, True, False, True, False, False, False, False]"
15,0.9999421174086544,"[True, True, True, True, True, True, True, True, True, True, True, True, True, True, True, True, True, False, False, True, True, True, True, False, True, True, True, False, False, False, True, False, True, True, True, True, False, True, True, True]"
15,0.6186841291244911,"[True, True, True, True, False, False, True, True, True, True, True, True, True, True, True, True, True, False, False, True, False, False, True, False, True, True, True, False, False, False, True, False, False, True, False, True, True, True, False, True]"
15,0.999942342278622,"[True, True, True, True, True, True, True, True, True, True, True, True, True, True, True, True, True, False, False, True, True, True, True, True, False, True, False, False, False, False, True, True, True, False, False, False, True, True, False, True]"
15,0.8542874448463941,"[True, True, True, True, True, False, True, True, True, True, True, True, True, True, True, True, True, True, True, True, True, False, False, True, False, True, True, False, True, False, True, False, True, True, True, False, True, False, False, True]"
15,0.9998631864874077,"[True, True, True, True, True, True, True, True, True, True, True, True, True, True, True, True, False, False, False, True, True, False, True, False, False, True, True, True, False, False, True, True, False, True, True, False, True, True, False, False]"
15,0.769328829953027,"[True, True, True, True, True, False, False, True, False, True, False, True, True, True, True, True, True, False, True, True, True, True, True, False, False, True, False, False, False, False, True, False, False, True, True, True, True, True, True, True]"
15,0.997465162972276,"[True, True, True, True, True, True, True, True, True, True, True, False, True, True, True, True, False, True, False, True, True, True, True, False, False, True, True, False, False, False, True, True, True, True, True, False, True, True, False, True]"
15,0.9950616183689373,"[True, True, True, True, True, True, True, True, True, True, False, True, True, True, True, True, True, False, False, True, False, False, False, False, False, True, False, False, True, True, False, False, True, True, True, True, False, True, True, False]"
15,0.9998690431548621,"[True, True, True, True, True, True, True, True, True, True, True, True, True, True, True, True, False, False, True, False, False, True, False, False, False, True, False, False, False, True, True, True, False, False, True, False, False, True, False, True]"
15,0.9998595231543144,"[True, True, True, True, True, True, True, True, True, True, True, True, True, True, True, True, False, False, False, True, False, True, False, False, False, True, False, False, True, True, False, True, True, True, False, True, False, True, True, False]"
15,0.9992562973136844,"[True, True, True, True, True, True, True, True, True, True, True, True, True, False, True, True, False, False, False, True, True, True, True, True, True, True, False, True, True, False, True, True, False, False, True, False, True, True, False, True]"
15,0.999939731803567,"[True, True, True, True, True, True, True, True, True, True, True, True, True, True, True, True, True, False, False, True, True, False, True, False, True, True, True, False, False, False, True, False, False, True, False, False, True, True, False, True]"
15,0.9997617065307455,"[True, True, True, True, True, True, True, True, True, True, True, True, True, True, True, False, False, True, True, True, False, False, False, False, False, False, True, False, True, False, True, False, True, True, False, False, False, False, False, True]"
15,0.9949215721505924,"[True, True, True, True, True, True, True, True, True, True, False, True, True, True, True, False, True, False, True, False, False, True, False, False, False, True, False, False, False, True, True, True, False, False, True, False, False, True, False, True]"
15,0.9805981003968147,"[True, True, True, True, True, True, True, True, False, True, True, True, True, True, True, True, True, False, True, True, True, False, False, True, False, True, False, False, False, True, True, False, False, False, True, False, False, False, False, True]"
15,0.8537337143495914,"[True, True, True, True, True, False, True, True, True, True, True, True, True, False, True, True, True, True, False, False, True, False, True, False, True, False, True, False, False, False, True, False, False, True, True, True, True, True, False, True]"
15,0.9998629252854417,"[True, True, True, True, True, True, True, True, True, True, True, True, True, True, True, True, False, False, False, True, True, False, True, False, False, False, False, False, False, False, True, True, False, False, True, True, True, False, False, True]"
15,0.9999785504657146,"[True, True, True, True, True, True, True, True, True, True, True, True, True, True, True, True, True, True, False, True, True, True, False, False, False, False, False, False, False, False, True, True, False, True, True, False, False, True, True, True]"
15,0.7270004299336563,"[True, True, True, True, False, True, True, True, True, True, True, True, False, True, True, True, False, True, True, True, True, True, False, False, False, True, False, False, False, False, True, False, False, True, True, True, True, True, False, False]"
15,0.9244287360639262,"[True, True, True, True, True, True, False, True, True, True, True, True, True, True, True, True, False, False, False, False, True, False, True, False, False, True, True, False, False, True, True, True, False, True, True, True, False, True, False, True]"
15,0.7277174220422146,"[True, True, True, True, False, True, True, True, True, True, True, True, True, True, False, True, True, False, True, True, True, True, True, False, False, True, False, False, False, False, False, False, False, True, True, True, True, True, True, True]"
15,0.000976485973258174,"[False, True, True, True, True, True, True, True, True, True, True, True, True, True, True, True, True, False, True, True, True, True, True, False, False, True, False, False, False, False, True, False, True, True, True, True, True, True, True, True]"
15,0.9981102856761395,"[True, True, True, True, True, True, True, True, True, True, True, True, False, False, True, True, True, False, False, True, True, False, True, False, True, True, True, False, False, False, True, False, True, True, False, True, True, True, False, True]"
15,0.04561813826923084,"[True, False, True, True, True, False, True, True, True, True, True, True, True, True, True, True, True, False, False, False, True, False, True, False, True, True, True, False, False, False, True, False, False, True, False, True, True, True, True, True]"
15,0.980448183007102,"[True, True, True, True, True, True, True, True, False, True, True, True, True, True, True, False, True, False, True, True, True, False, False, True, False, True, False, False, False, False, True, True, False, False, True, False, False, False, False, True]"
15,0.999332078172811,"[True, True, True, True, True, True, True, True, True, True, True, True, True, False, True, True, True, False, False, True, True, True, True, True, False, False, False, True, False, False, True, True, False, True, True, True, True, True, True, True]"
15,0.9950325157417037,"[True, True, True, True, True, True, True, True, True, True, False, True, True, True, True, True, False, True, False, True, True, True, True, True, False, True, False, False, False, False, False, True, False, True, True, True, True, True, True, True]"
15,0.9609694685402861,"[True, True, True, True, True, True, True, False, True, True, True, True, True, False, True, True, True, False, False, True, True, False, True, False, False, True, False, False, False, False, True, False, False, True, False, True, True, True, False, True]"
15,0.9614877639953494,"[True, True, True, True, True, True, True, False, True, True, True, True, True, True, True, True, False, False, False, True, True, True, True, True, False, True, False, True, False, False, False, True, False, True, True, True, True, True, True, True]"
15,0.9999232692545895,"[True, True, True, True, True, True, True, True, True, True, True, True, True, True, True, True, False, True, True, True, True, True, True, True, False, True, False, False, False, False, True, True, False, True, False, False, False, False, False, True]"
15,0.9944565217613968,"[True, True, True, True, True, True, True, True, True, True, False, True, True, False, True, True, True, False, False, True, False, True, False, False, False, True, False, False, True, True, False, True, True, True, True, True, False, True, True, False]"
15,0.9999424153163536,"[True, True, True, True, True, True, True, True, True, True, True, True, True, True, True, True, True, False, False, True, True, True, True, True, False, True, True, False, False, False, True, False, True, True, True, False, True, True, False, False]"
15,0.8540799673949416,"[True, True, True, True, True, False, True, True, True, True, True, True, True, True, True, False, False, True, True, False, True, False, False, False, False, True, False, False, False, True, True, True, False, True, True, False, False, False, True, False]"
15,0.2630629047140344,"[True, True, False, True, True, True, True, True, True, True, True, True, True, True, True, True, True, False, True, True, True, False, False, True, False, True, False, False, True, False, True, False, False, False, True, False, False, True, False, False]"
15,0.7278893841802431,"[True, True, True, True, False, True, True, True, True, True, True, True, True, True, True, True, False, False, True, True, True, True, True, False, False, True, False, False, False, False, True, False, False, True, True, True, True, True, True, True]"
15,0.9710122107097539,"[True, True, True, True, True, True, True, True, False, False, True, True, True, True, True, True, True, False, False, False, False, False, False, False, False, True, False, False, False, False, True, True, False, True, True, False, False, True, False, True]"
15,0.9987980587640384,"[True, True, True, True, True, True, True, True, True, True, True, True, True, False, False, False, False, False, False, True, True, True, True, False, False, True, True, False, False, False, True, False, True, False, True, True, True, True, False, True]"
15,0.4823582894720874,"[True, True, True, False, True, True, False, True, True, True, True, True, True, True, True, True, True, True, True, True, True, True, True, True, False, True, True, False, False, False, True, False, True, False, True, True, True, True, False, True]"
15,0.999901829931944,"[True, True, True, True, True, True, True, True, True, True, True, True, True, True, True, True, False, True, False, True, True, False, True, True, False, True, False, False, True, False, True, False, False, True, True, False, True, False, False, True]"
15,0.9996322323532902,"[True, True, True, True, True, True, True, True, True, True, True, True, True, True, False, True, True, False, False, True, False, True, True, False, True, True, True, False, False, False, True, False, True, True, False, True, True, False, False, True]"
15,0.0009764488679536093,"[False, True, True, True, True, True, True, True, True, True, True, True, True, True, True, True, True, False, False, True, True, True, True, False, False, True, True, False, False, False, True, False, True, False, True, True, True, True, False, True]"
15,0.9999340368803538,"[True, True, True, True, True, True, True, True, True, True, True, True, True, True, True, True, True, False, False, True, False, False, False, True, False, True, False, True, False, True, False, False, False, False, True, True, False, True, True, False]"
15,0.0009764262042152385,"[False, True, True, True, True, True, True, True, True, True, True, True, True, True, True, True, True, False, False, False, True, False, True, False, True, True, True, False, True, False, True, False, False, True, False, True, True, False, True, True]"
15,0.9999424136884425,"[True, True, True, True, True, True, True, True, True, True, True, True, True, True, True, True, True, False, False, True, True, True, True, True, False, True, True, False, False, False, True, False, False, False, True, True, True, False, False, True]"
15,0.9997504667710633,"[True, True, True, True, True, True, True, True, True, True, True, True, True, True, True, False, False, True, False, True, True, True, False, True, False, True, False, False, True, True, True, False, False, True, False, False, False, False, False, True]"
15,0.1828556284928945,"[True, True, False, True, False, True, True, True, True, True, True, True, True, True, True, True, True, False, False, True, True, True, True, True, True, True, False, False, False, False, True, True, False, False, True, False, True, True, True, True]"
15,0.9999334036187806,"[True, True, True, True, True, True, True, True, True, True, True, True, True, True, True, True, True, False, False, True, False, False, False, False, False, True, False, False, False, True, False, False, False, False, True, True, False, True, True, False]"
15,0.9947604903085149,"[True, True, True, True, True, True, True, True, True, True, False, True, True, True, False, True, True, False, False, True, False, True, False, False, True, True, False, False, False, True, False, False, False, False, True, True, False, True, True, False]"
15,0.9987482127304946,"[True, True, True, True, True, True, True, True, True, True, True, True, False, True, True, True, True, True, False, False, True, False, True, False, True, False, True, False, True, False, True, False, False, True, False, True, True, True, False, True]"
15,0.9999119734858151,"[True, True, True, True, True, True, True, True, True, True, True, True, True, True, True, True, False, True, True, False, True, True, False, False, False, True, False, False, True, True, True, True, False, True, True, False, False, True, True, False]"
15,0.9999202897778137,"[True, True, True, True, True, True, True, True, True, True, True, True, True, True, True, True, False, True, True, True, True, False, True, False, False, True, False, False, False, False, True, True, False, True, True, True, True, True, False, True]"
15,0.999942434096446,"[True, True, True, True, True, True, True, True, True, True, True, True, True, True, True, True, True, False, False, True, True, True, True, True, False, True, True, False, True, False, True, False, True, True, True, True, True, True, False, True]"
15,0.9999053988433307,"[True, True, True, True, True, True, True, True, True, True, True, True, True, True, True, True, False, True, True, False, False, False, False, True, False, True, False, False, False, True, True, True, False, True, True, False, False, False, False, True]"
15,0.727895746890242,"[True, True, True, True, False, True, True, True, True, True, True, True, True, True, True, True, False, True, False, False, True, True, False, False, False, True, True, True, False, True, True, True, False, True, True, True, True, False, True, True]"
15,0.9974799548083384,"[True, True, True, True, True, True, True, True, True, True, True, False, True, True, True, True, False, True, True, True, False, True, True, True, False, True, False, False, False, False, True, True, False, True, True, True, False, True, False, True]"
15,0.7278849121872917,"[True, True, True, True, False, True, True, True, True, True, True, True, True, True, True, True, False, False, True, True, False, True, False, False, False, True, False, False, False, True, True, False, False, False, True, True, True, True, True, True]"
15,0.9997752465214483,"[True, True, True, True, True, True, True, True, True, True, True, True, True, True, True, False, True, False, False, False, False, True, True, False, True, True, True, False, False, False, True, True, False, True, False, True, True, False, False, True]"
15,0.727927903762668,"[True, True, True, True, False, True, True, True, True, True, True, True, True, True, True, True, True, False, False, True, False, True, False, False, False, True, False, False, False, True, False, False, False, False, True, True, False, True, True, False]"
15,0.05630782616561663,"[True, False, True, True, True, True, True, True, True, True, True, True, True, True, True, True, True, False, False, False, False, False, False, False, True, True, True, False, False, False, True, True, False, False, False, True, True, True, False, True]"
15,0.9999787553527446,"[True, True, True, True, True, True, True, True, True, True, True, True, True, True, True, True, True, True, False, True, True, True, False, False, False, True, False, True, True, False, True, True, False, True, True, False, False, True, True, True]"
15,0.999957909982696,"[True, True, True, True, True, True, True, True, True, True, True, True, True, True, True, True, True, False, True, True, True, False, False, True, False, True, True, False, False, False, True, False, False, False, True, False, False, False, False, True]"
15,0.9999597024029684,"[True, True, True, True, True, True, True, True, True, True, True, True, True, True, True, True, True, False, True, True, True, True, False, False, False, True, True, False, False, False, True, True, True, True, True, True, True, True, True, True]"
15,0.9987481943794009,"[True, True, True, True, True, True, True, True, True, True, True, True, False, True, True, True, True, True, False, False, True, False, True, False, True, False, True, False, False, False, True, False, False, True, True, True, True, False, False, True]"
15,0.0009765220613417399,"[False, True, True, True, True, True, True, True, True, True, True, True, True, True, True, True, True, True, False, True, True, True, False, True, False, True, False, False, False, False, True, True, False, True, False, False, False, True, True, True]"
15,0.9999792951640395,"[True, True, True, True, True, True, True, True, True, True, True, True, True, True, True, True, True, True, False, True, True, True, False, True, False, True, False, False, False, False, True, True, False, True, False, False, False, False, False, True]"
15,0.9999797419450759,"[True, True, True, True, True, True, True, True, True, True, True, True, True, True, True, True, True, True, False, True, True, True, True, False, False, False, False, False, False, False, True, True, False, False, True, False, False, True, True, False]"
15,0.9998664620432994,"[True, True, True, True, True, True, True, True, True, True, True, True, True, True, True, True, False, False, False, True, True, True, True, True, True, True, True, True, False, False, True, False, False, True, True, False, True, True, True, True]"
15,0.9999021279288764,"[True, True, True, True, True, True, True, True, True, True, True, True, True, True, True, True, False, True, False, True, True, False, True, True, True, True, False, False, True, False, True, False, False, True, True, False, True, False, False, True]"
15,0.7242132503370826,"[True, True, True, True, False, True, True, True, True, True, False, True, True, True, True, True, False, False, False, True, True, False, True, True, False, True, False, False, False, False, True, False, True, True, True, False, False, False, False, True]"
15,0.9999808573205069,"[True, True, True, True, True, True, True, True, True, True, True, True, True, True, True, True, True, True, False, True, True, True, True, True, True, True, True, False, False, False, True, False, False, False, True, True, False, True, False, True]"
15,0.9999423403869712,"[True, True, True, True, True, True, True, True, True, True, True, True, True, True, True, True, True, False, False, True, True, True, True, True, False, True, False, False, False, False, True, False, True, False, True, True, True, True, False, True]"
15,0.2630545442603649,"[True, True, False, True, True, True, True, True, True, True, True, True, True, True, True, True, True, False, False, False, True, False, True, False, True, False, True, False, False, False, True, False, False, True, False, True, True, False, False, True]"
15,0.7276985278970362,"[True, True, True, True, False, True, True, True, True, True, True, True, True, True, False, True, True, False, False, True, False, True, False, False, False, False, False, False, True, True, False, True, True, True, True, True, False, True, True, False]"
15,0.0009764836320809329,"[False, True, True, True, True, True, True, True, True, True, True, True, True, True, True, True, True, False, True, True, True, True, False, False, False, True, False, False, False, False, False, False, False, False, True, False, False, False, False, True]"
15,0.9999912112782275,"[True, True, True, True, True, True, True, True, True, True, True, True, True, True, True, True, True, True, True, True, False, False, False, True, False, True, False, False, False, False, False, True, False, True, False, False, False, False, False, True]"
15,0.9999384967683473,"[True, True, True, True, True, True, True, True, True, True, True, True, True, True, True, True, True, False, False, True, True, False, False, False, True, True, False, False, True, True, True, True, True, True, False, True, False, True, False, False]"
15,0.0009753295010421364,"[False, True, True, True, True, True, True, True, True, True, True, True, True, False, True, True, True, True, False, True, True, True, False, False, False, True, False, False, False, False, True, False, False, True, True, True, True, True, False, False]"
15,0.8521407723521085,"[True, True, True, True, True, False, True, True, True, True, True, False, True, True, True, True, True, False, True, True, True, True, True, False, True, True, False, False, False, True, True, False, False, True, True, False, True, True, True, True]"
15,0.9999801890537042,"[True, True, True, True, True, True, True, True, True, True, True, True, True, True, True, True, True, True, False, True, True, True, True, False, True, True, False, False, False, False, True, True, False, False, True, False, True, True, True, True]"
15,0.0009764500365325395,"[False, True, True, True, True, True, True, True, True, True, True, True, True, True, True, True, True, False, False, True, True, True, True, True, False, True, True, False, False, False, True, True, True, False, True, True, True, True, False, True]"
15,0.056309190964798854,"[True, False, True, True, True, True, True, True, True, True, True, True, True, True, True, True, True, False, False, True, True, True, True, True, False, True, True, False, False, False, True, False, True, False, False, True, True, True, False, True]"
15,0.9999220749165139,"[True, True, True, True, True, True, True, True, True, True, True, True, True, True, True, True, False, True, True, True, True, True, False, True, False, True, False, False, False, False, True, False, False, True, False, False, False, False, False, True]"
15,0.9999608257706483,"[True, True, True, True, True, True, True, True, True, True, True, True, True, True, True, True, True, False, True, True, True, True, True, False, False, True, False, False, False, True, True, False, False, True, True, True, True, True, True, True]"
15,0.9999704646248792,"[True, True, True, True, True, True, True, True, True, True, True, True, True, True, True, True, True, True, False, False, True, True, True, False, False, True, True, True, False, False, True, False, False, True, True, True, True, False, True, True]"
15,0.26305826277094274,"[True, True, False, True, True, True, True, True, True, True, True, True, True, True, True, True, True, False, False, True, True, True, True, True, False, True, True, False, False, False, True, False, True, False, True, False, True, True, False, True]"
15,0.9999399563274625,"[True, True, True, True, True, True, True, True, True, True, True, True, True, True, True, True, True, False, False, True, True, False, True, True, False, True, False, False, False, False, True, False, True, False, True, True, True, True, False, True]"
15,0.05631187043942083,"[True, False, True, True, True, True, True, True, True, True, True, True, True, True, True, True, True, True, False, True, True, False, True, True, False, True, False, False, False, False, True, False, False, True, True, False, False, False, False, True]"
15,0.9995592277835557,"[True, True, True, True, True, True, True, True, True, True, True, True, True, True, False, True, False, False, False, True, True, True, False, False, False, True, False, True, True, True, False, False, False, False, True, True, False, True, True, False]"
15,0.990220661854841,"[True, True, True, True, True, True, True, True, True, False, True, True, True, True, True, True, True, False, True, False, False, False, False, False, False, True, False, True, False, True, True, True, False, False, True, False, False, True, False, True]"
15,0.9805709518740323,"[True, True, True, True, True, True, True, True, False, True, True, True, True, True, True, True, True, False, False, False, True, False, True, False, True, True, True, False, True, False, True, False, False, True, False, True, True, False, False, True]"
step,fitness,genome
16,0.8542408097041255,"[True, True, True, True, True, False, True, True, True, True, True, True, True, True, True, True, True, False, False, True, True, True, True, True, False, True, False, False, False, False, True, False, True, False, True, False, True, True, False, True]"
16,0.9998929016742656,"[True, True, True, True, True, True, True, True, True, True, True, True, True, True, True, True, False, True, False, False, True, True, False, False, False, True, False, False, True, True, True, True, False, True, True, False, False, True, True, False]"
16,0.9999119734858151,"[True, True, True, True, True, True, True, True, True, True, True, True, True, True, True, True, False, True, True, False, True, True, False, False, False, True, False, False, True, True, True, True, False, True, True, False, False, True, True, False]"
16,0.056297668674698716,"[True, False, True, True, True, True, True, True, True, True, True, True, True, True, True, False, True, False, False, True, True, True, False, True, True, True, True, False, False, False, True, False, True, False, False, True, True, False, False, True]"
16,0.9999426388222099,"[True, True, True, True, True, True, True, True, True, True, True, True, True, True, True, True, True, False, False, True, True, True, True, True, True, True, False, False, False, False, True, False, True, True, True, False, True, True, False, False]"
16,0.24875257539445086,"[True, True, False, True, True, True, True, False, True, False, True, True, True, True, True, True, True, True, False, True, True, True, True, False, True, True, False, False, False, False, True, True, False, False, True, False, True, True, True, True]"
16,0.9245478521586328,"[True, True, True, True, True, True, False, True, True, True, True, True, True, True, True, True, True, True, True, False, False, False, False, False, True, True, True, False, False, False, False, True, False, True, False, True, True, True, False, False]"
16,0.9996670142105132,"[True, True, True, True, True, True, True, True, True, True, True, True, True, True, False, True, True, True, False, True, False, False, False, True, False, True, False, False, False, False, True, False, False, True, False, False, False, False, False, True]"
16,0.9963122347955053,"[True, True, True, True, True, True, True, True, True, True, True, False, False, True, True, True, True, True, False, False, True, False, True, False, True, False, True, False, True, False, True, False, False, True, False, False, True, True, False, True]"
16,0.9999805589750451,"[True, True, True, True, True, True, True, True, True, True, True, True, True, True, True, True, True, True, False, True, True, True, True, True, False, True, True, False, False, False, True, False, False, False, False, True, False, False, False, True]"
16,0.997503518754443,"[True, True, True, True, True, True, True, True, True, True, True, False, True, True, True, True, True, False, False, True, True, True, True, False, True, True, True, False, False, False, True, False, True, True, True, True, True, True, True, True]"
16,0.997471633582265,"[True, True, True, True, True, True, True, True, True, True, True, False, True, True, True, True, False, True, True, False, True, False, False, True, False, True, False, False, False, True, False, True, False, True, True, False, False, False, False, True]"
16,0.9805828682700442,"[True, True, True, True, True, True, True, True, False, True, True, True, True, True, True, True, True, False, False, True, True, True, True, True, False, True, False, False, False, False, True, True, True, False, False, False, True, True, False, True]"
16,0.999941838081039,"[True, True, True, True, True, True, True, True, True, True, True, True, True, True, True, True, True, False, False, True, True, True, True, False, False, True, True, False, True, False, True, False, True, True, True, True, True, True, False, True]"
16,0.9999797420905925,"[True, True, True, True, True, True, True, True, True, True, True, True, True, True, True, True, True, True, False, True, True, True, True, False, False, False, False, False, False, False, True, True, False, False, True, True, False, True, True, False]"
16,0.9950616089522426,"[True, True, True, True, True, True, True, True, True, True, False, True, True, True, True, True, True, False, False, True, False, False, False, False, False, True, False, False, True, False, False, False, True, True, True, False, False, True, True, False]"
16,0.9806204386598099,"[True, True, True, True, True, True, True, True, False, True, True, True, True, True, True, True, True, True, False, True, True, True, True, True, False, True, True, False, True, False, True, False, True, True, True, False, True, False, True, True]"
16,0.9244569787279737,"[True, True, True, True, True, True, False, True, True, True, True, True, True, True, True, True, False, False, True, True, True, True, False, True, False, True, False, False, False, False, True, False, False, True, False, True, False, True, False, True]"
16,0.5244379316072336,"[True, True, True, False, True, True, True, True, True, True, True, True, True, True, True, True, True, False, True, True, True, True, False, False, False, True, True, False, False, False, True, True, True, True, True, True, True, True, True, False]"
16,0.05628899913410148,"[True, False, True, True, True, True, True, True, True, True, True, True, True, True, False, True, True, True, False, True, True, True, False, False, False, False, False, True, True, False, True, True, False, True, True, False, False, True, True, True]"
16,0.9998768172812308,"[True, True, True, True, True, True, True, True, True, True, True, True, True, True, True, True, False, False, True, True, False, False, False, True, False, True, False, True, False, False, True, False, False, True, True, True, True, True, False, True]"
16,0.9983774329847027,"[True, True, True, True, True, True, True, True, True, True, True, True, False, True, False, True, False, True, False, True, True, False, True, True, True, True, False, False, True, False, True, True, False, True, True, False, True, False, False, True]"
16,0.9999412215488365,"[True, True, True, True, True, True, True, True, True, True, True, True, True, True, True, True, True, False, False, True, True, True, False, True, False, True, True, False, False, False, True, False, False, False, True, False, True, True, False, True]"
16,0.9999421174086544,"[True, True, True, True, True, True, True, True, True, True, True, True, True, True, True, True, True, False, False, True, True, True, True, False, True, True, True, False, False, False, True, False, True, True, True, True, False, True, True, True]"
16,0.9245114074192718,"[True, True, True, True, True, True, False, True, True, True, True, True, True, True, True, True, True, False, False, True, True, True, True, True, False, True, False, False, False, False, True, True, False, False, False, False, True, False, False, True]"
16,0.9974835201857017,"[True, True, True, True, True, True, True, True, True, True, True, False, True, True, True, True, False, True, True, True, True, True, False, True, False, True, False, False, False, False, True, False, False, True, False, False, False, False, False, True]"
16,0.036791822492967884,"[True, False, True, True, False, True, True, True, True, True, True, True, True, True, True, True, True, False, True, True, False, True, False, False, False, True, False, False, False, True, False, False, False, False, True, True, False, True, True, False]"
16,0.05558027402270883,"[True, False, True, True, True, True, True, True, True, False, True, True, True, True, True, True, True, False, False, True, True, True, True, True, False, True, True, False, False, False, True, False, True, True, True, False, False, False, False, False]"
16,0.9999617855633609,"[True, True, True, True, True, True, True, True, True, True, True, True, True, True, True, True, True, False, True, True, True, True, True, True, True, True, True, False, False, False, True, False, True, False, True, True, True, True, False, True]"
16,0.7279610806009202,"[True, True, True, True, False, True, True, True, True, True, True, True, True, True, True, True, True, True, False, True, True, True, True, False, False, True, False, True, False, True, True, True, False, False, True, False, True, True, True, True]"
16,0.9999785597787606,"[True, True, True, True, True, True, True, True, True, True, True, True, True, True, True, True, True, True, False, True, True, True, False, False, False, False, False, False, False, True, True, True, False, True, True, False, False, True, True, True]"
16,0.999976632971232,"[True, True, True, True, True, True, True, True, True, True, True, True, True, True, True, True, True, True, False, True, True, False, False, False, True, True, False, False, True, False, True, True, True, True, False, True, False, True, False, False]"
16,0.9944814128253616,"[True, True, True, True, True, True, True, True, True, True, False, True, True, False, True, True, True, False, True, True, True, True, True, False, False, True, False, False, False, True, True, False, False, False, False, True, False, True, True, True]"
16,0.9993671101796829,"[True, True, True, True, True, True, True, True, True, True, True, True, True, False, True, True, True, True, False, True, True, False, False, True, True, True, True, False, False, False, True, False, False, True, True, True, False, False, False, True]"
16,0.9999797419450759,"[True, True, True, True, True, True, True, True, True, True, True, True, True, True, True, True, True, True, False, True, True, True, True, False, False, False, False, False, False, False, True, True, False, False, True, False, False, True, True, False]"
16,0.9999797419450759,"[True, True, True, True, True, True, True, True, True, True, True, True, True, True, True, True, True, True, False, True, True, True, True, False, False, False, False, False, False, False, True, True, False, False, True, False, False, True, True, False]"
16,0.26269670315836463,"[True, True, False, True, True, True, True, True, True, True, True, True, False, True, True, True, True, False, True, True, True, True, False, False, False, True, True, True, False, False, True, True, True, True, True, False, True, True, True, True]"
16,0.000976521007220336,"[False, True, True, True, True, True, True, True, True, True, True, True, True, True, True, True, True, True, False, True, True, True, False, False, False, True, False, True, True, False, True, True, False, True, True, True, False, True, True, True]"
16,0.9999791465008158,"[True, True, True, True, True, True, True, True, True, True, True, True, True, True, True, True, True, True, False, True, True, True, False, True, False, False, False, False, False, False, True, True, False, True, True, False, False, True, True, True]"
16,0.9999799101712564,"[True, True, True, True, True, True, True, True, True, True, True, True, True, True, True, True, True, True, False, True, True, True, True, False, False, True, False, False, True, False, True, True, False, True, True, False, False, True, True, True]"
16,0.26300393247055215,"[True, True, False, True, True, True, True, True, True, True, True, True, True, True, True, False, False, True, True, True, False, False, False, False, False, False, True, False, True, False, True, False, True, True, False, False, False, False, False, True]"
16,0.5189894818410138,"[True, True, True, False, True, True, True, True, True, False, True, True, True, True, True, True, True, False, False, True, True, False, True, False, True, True, True, False, False, False, True, False, False, True, False, False, True, True, False, True]"
16,0.26230205280235885,"[True, True, False, True, True, True, True, True, True, True, True, False, True, True, True, True, False, False, False, True, True, True, False, True, True, True, True, False, False, False, True, False, True, True, True, False, True, False, True, True]"
16,0.9999400036368211,"[True, True, True, True, True, True, True, True, True, True, True, True, True, True, True, True, True, False, False, True, True, False, True, True, False, True, False, True, False, True, True, True, False, False, False, False, True, True, True, True]"
16,0.5230852352025287,"[True, True, True, False, True, True, True, True, True, True, True, False, True, True, True, True, True, True, False, True, True, True, True, False, True, True, False, False, False, False, True, True, False, False, True, False, True, True, True, True]"
16,0.9995782339995191,"[True, True, True, True, True, True, True, True, True, True, True, True, True, True, False, True, False, False, True, True, True, True, False, False, False, True, False, False, False, False, True, False, False, True, True, True, True, True, False, True]"
16,0.9999802263059436,"[True, True, True, True, True, True, True, True, True, True, True, True, True, True, True, True, True, True, False, True, True, True, True, False, True, True, False, True, False, False, True, True, False, False, True, False, True, True, True, True]"
16,0.9974716382282803,"[True, True, True, True, True, True, True, True, True, True, True, False, True, True, True, True, False, True, True, False, True, False, False, True, False, True, False, False, False, True, True, True, False, True, True, False, False, False, False, True]"
16,0.9615323315861948,"[True, True, True, True, True, True, True, False, True, True, True, True, True, True, True, True, False, True, True, False, True, True, False, False, True, True, False, False, False, True, True, True, False, True, True, False, False, True, True, False]"
16,0.0009757017886534102,"[False, True, True, True, True, True, True, True, True, True, True, True, True, True, False, True, False, False, False, True, True, True, False, False, False, True, False, True, True, True, False, False, False, True, True, True, False, True, True, False]"
16,0.9999808665971931,"[True, True, True, True, True, True, True, True, True, True, True, True, True, True, True, True, True, True, False, True, True, True, True, True, True, True, True, False, False, True, True, False, False, False, True, True, False, False, False, True]"
16,0.9999801843971744,"[True, True, True, True, True, True, True, True, True, True, True, True, True, True, True, True, True, True, False, True, True, True, True, False, True, True, False, False, False, False, False, True, False, False, True, False, True, True, True, True]"
16,0.9999383477649937,"[True, True, True, True, True, True, True, True, True, True, True, True, True, True, True, True, True, False, False, True, True, False, False, False, True, False, False, False, True, True, True, True, True, True, False, True, False, True, False, False]"
16,0.9999341756882977,"[True, True, True, True, True, True, True, True, True, True, True, True, True, True, True, True, True, False, False, True, False, False, False, True, True, False, False, False, True, True, True, True, True, True, False, True, False, True, False, True]"
16,0.9995568445461371,"[True, True, True, True, True, True, True, True, True, True, True, True, True, True, False, True, False, False, False, True, True, False, False, False, False, True, False, True, True, True, False, False, False, False, True, True, False, True, True, False]"
16,0.9998821461965894,"[True, True, True, True, True, True, True, True, True, True, True, True, True, True, True, True, False, False, True, True, True, False, True, False, False, True, False, False, False, False, True, True, False, True, True, True, True, True, False, True]"
16,0.999942434096446,"[True, True, True, True, True, True, True, True, True, True, True, True, True, True, True, True, True, False, False, True, True, True, True, True, False, True, True, False, True, False, True, False, True, True, True, True, True, True, False, True]"
16,0.9999424160166283,"[True, True, True, True, True, True, True, True, True, True, True, True, True, True, True, True, True, False, False, True, True, True, True, True, False, True, True, False, False, False, True, True, False, False, True, True, True, False, False, True]"
16,0.999901829931944,"[True, True, True, True, True, True, True, True, True, True, True, True, True, True, True, True, False, True, False, True, True, False, True, True, False, True, False, False, True, False, True, False, False, True, True, False, True, False, False, True]"
16,0.9151872809417277,"[True, True, True, True, True, True, False, True, True, False, True, True, True, True, False, True, True, False, True, True, True, True, True, False, False, True, False, False, False, True, False, False, False, True, True, True, True, True, True, True]"
16,0.9987221481785311,"[True, True, True, True, True, True, True, True, True, True, True, True, False, True, True, True, True, False, False, True, True, True, True, False, True, True, True, False, False, False, True, False, True, True, True, True, False, True, True, True]"
16,0.999924233352853,"[True, True, True, True, True, True, True, True, True, True, True, True, True, True, True, True, True, False, False, False, False, False, False, False, True, True, True, False, False, False, False, True, False, True, False, True, True, True, False, False]"
16,0.9999422686588488,"[True, True, True, True, True, True, True, True, True, True, True, True, True, True, True, True, True, False, False, True, True, True, True, True, False, False, True, False, False, False, True, True, True, True, True, False, True, True, True, False]"
16,0.9998631864874077,"[True, True, True, True, True, True, True, True, True, True, True, True, True, True, True, True, False, False, False, True, True, False, True, False, False, True, True, True, False, False, True, True, False, True, True, False, True, True, False, False]"
16,0.0008321478031568358,"[False, True, True, True, True, True, False, True, True, True, True, True, False, True, True, True, True, True, False, False, True, False, True, False, True, False, True, False, False, False, True, False, False, True, False, False, True, True, False, True]"
16,0.0009027901928457847,"[False, True, True, True, True, True, True, False, True, True, True, True, True, True, True, True, True, False, False, True, True, True, True, False, True, True, False, False, True, False, True, False, False, True, False, True, True, True, False, True]"
16,0.9998771516835953,"[True, True, True, True, True, True, True, True, True, True, True, True, True, True, True, True, False, False, True, True, False, False, False, True, True, True, True, False, False, False, True, False, False, False, True, False, False, False, False, True]"
16,0.5244057231740655,"[True, True, True, False, True, True, True, True, True, True, True, True, True, True, True, True, False, True, False, True, True, False, True, True, True, True, False, False, True, False, True, False, False, True, True, False, True, False, False, True]"
16,0.9996348389418417,"[True, True, True, True, True, True, True, True, True, True, True, True, True, True, False, True, True, False, False, True, True, False, True, True, False, True, False, False, False, False, True, False, True, False, True, True, True, True, False, True]"
16,0.05486099665917849,"[True, False, True, True, True, True, True, True, False, True, True, True, True, True, True, True, True, False, True, True, True, False, False, True, False, True, True, False, False, False, True, False, False, False, True, False, False, True, False, True]"
16,0.5241075527705428,"[True, True, True, False, True, True, True, True, True, True, True, True, True, False, True, True, True, True, False, True, True, True, False, True, False, True, False, False, False, False, True, False, True, False, True, True, True, True, False, True]"
16,0.9999614863499355,"[True, True, True, True, True, True, True, True, True, True, True, True, True, True, True, True, True, False, True, True, True, True, True, True, False, True, True, False, False, False, True, False, False, False, True, True, True, False, False, True]"
16,0.9899557833736002,"[True, True, True, True, True, True, True, True, True, False, True, True, True, True, False, True, True, True, False, True, True, True, True, True, True, True, True, True, False, False, True, False, False, False, True, True, False, True, False, True]"
16,0.9999404799681465,"[True, True, True, True, True, True, True, True, True, True, True, True, True, True, True, True, True, False, False, True, True, True, False, False, False, False, True, False, False, False, True, True, True, False, True, False, False, True, True, True]"
16,0.5026617499915418,"[True, True, True, False, True, True, True, False, True, True, True, True, True, False, True, True, True, False, True, True, True, False, False, True, False, True, True, False, False, False, True, False, False, False, True, False, False, False, False, True]"
16,0.999978587717899,"[True, True, True, True, True, True, True, True, True, True, True, True, True, True, True, True, True, True, False, True, True, True, False, False, False, False, False, True, False, False, True, True, False, True, True, False, False, True, True, True]"
16,0.9949914288716355,"[True, True, True, True, True, True, True, True, True, True, False, True, True, True, True, True, False, False, False, True, True, False, True, False, False, False, False, False, False, False, True, True, False, False, True, True, True, False, False, True]"
16,0.5217032367660044,"[True, True, True, False, True, True, True, True, True, True, False, True, True, True, True, True, True, False, False, True, True, True, True, True, False, True, True, False, False, False, False, False, True, False, False, True, True, True, False, True]"
16,0.9999807827614183,"[True, True, True, True, True, True, True, True, True, True, True, True, True, True, True, True, True, True, False, True, True, True, True, True, True, True, False, False, False, False, True, False, False, False, True, False, True, True, True, True]"
16,0.999934039790564,"[True, True, True, True, True, True, True, True, True, True, True, True, True, True, True, True, True, False, False, True, False, False, False, True, False, True, False, True, False, True, False, True, False, True, True, True, False, True, True, False]"
16,0.50300271697209,"[True, True, True, False, True, True, True, False, True, True, True, True, True, True, True, True, True, True, False, True, True, True, True, True, False, True, True, True, False, False, True, False, True, True, True, True, True, False, True, True]"
16,0.8542408746132235,"[True, True, True, True, True, False, True, True, True, True, True, True, True, True, True, True, True, False, False, True, True, True, True, True, False, True, True, False, False, False, True, False, True, True, False, False, True, True, False, True]"
16,0.9999749749621172,"[True, True, True, True, True, True, True, True, True, True, True, True, True, True, True, True, True, True, False, True, False, True, True, False, False, False, False, False, False, False, True, True, True, False, True, True, False, True, False, False]"
16,0.9999399551815611,"[True, True, True, True, True, True, True, True, True, True, True, True, True, True, True, True, True, False, False, True, True, False, True, True, False, True, False, False, False, False, True, False, False, False, True, True, True, True, True, True]"
16,0.24050242058838248,"[True, True, False, True, True, True, False, True, True, True, True, True, True, True, True, True, True, True, False, True, True, True, False, False, False, True, False, True, True, False, True, True, False, True, True, False, False, True, True, True]"
16,0.9999405547064197,"[True, True, True, True, True, True, True, True, True, True, True, True, True, True, True, True, True, False, False, True, True, True, False, False, False, True, False, False, False, False, True, True, True, True, False, False, False, False, False, True]"
16,0.9902479018338574,"[True, True, True, True, True, True, True, True, True, False, True, True, True, True, True, True, True, True, False, False, True, True, True, False, False, True, True, True, False, False, True, False, False, True, True, False, True, False, True, True]"
16,0.9999786063439917,"[True, True, True, True, True, True, True, True, True, True, True, True, True, True, True, True, True, True, False, True, True, True, False, False, False, False, False, True, True, False, True, True, False, True, True, False, False, True, True, True]"
16,0.9522116650304975,"[True, True, True, True, True, True, True, False, True, False, True, True, True, True, True, True, True, True, False, True, True, True, True, False, False, True, False, False, False, False, True, True, False, False, True, False, False, True, True, False]"
16,0.9999789974920105,"[True, True, True, True, True, True, True, True, True, True, True, True, True, True, True, True, True, True, False, True, True, True, False, False, True, True, False, False, False, False, True, True, False, True, True, False, False, True, True, True]"
16,0.9244739360954324,"[True, True, True, True, True, True, False, True, True, True, True, True, True, True, True, True, False, True, False, True, True, False, True, True, True, True, False, False, True, False, True, False, True, True, True, False, True, False, False, True]"
16,0.7279328836176844,"[True, True, True, True, False, True, True, True, True, True, True, True, True, True, True, True, True, False, False, True, True, True, True, True, False, True, True, False, False, False, True, False, True, False, False, True, True, True, False, False]"
16,0.9245114085379242,"[True, True, True, True, True, True, False, True, True, True, True, True, True, True, True, True, True, False, False, True, True, True, True, True, False, True, False, False, False, False, True, True, True, False, False, False, True, True, False, True]"
16,0.9997051919129039,"[True, True, True, True, True, True, True, True, True, True, True, True, True, True, True, False, False, False, False, True, False, False, False, True, False, True, False, True, False, True, False, False, False, False, False, True, False, True, True, False]"
16,0.9999775073959621,"[True, True, True, True, True, True, True, True, True, True, True, True, True, True, True, True, True, True, False, True, True, False, True, False, False, True, False, False, False, False, True, True, False, True, True, False, False, True, True, False]"
16,0.9999530652621331,"[True, True, True, True, True, True, True, True, True, True, True, True, True, True, True, True, True, False, True, True, False, False, False, True, False, True, False, False, False, False, False, True, False, True, False, False, False, False, False, True]"
16,0.0009764859880364206,"[False, True, True, True, True, True, True, True, True, True, True, True, True, True, True, True, True, False, True, True, True, True, True, False, False, True, False, False, False, True, True, False, False, False, True, True, True, True, True, True]"
16,0.02357668567647118,"[True, False, True, False, True, True, True, True, True, True, True, True, True, True, False, True, False, True, True, True, False, True, True, True, False, True, False, False, False, False, True, True, False, True, False, False, False, False, False, True]"
16,0.9999028566066487,"[True, True, True, True, True, True, True, True, True, True, True, True, True, True, True, True, False, True, False, True, True, True, False, True, False, False, False, False, False, False, True, True, False, True, True, False, False, True, True, True]"
16,0.9950503213900611,"[True, True, True, True, True, True, True, True, True, True, False, True, True, True, True, True, False, True, True, True, True, True, False, True, False, True, False, False, False, False, True, True, False, True, False, False, False, False, False, True]"
step,fitness,genome
17,0.924546675786796,"[True, True, True, True, True, True, False, True, True, True, True, True, True, True, True, True, True, True, False, True, True, True, True, False, True, True, False, False, False, False, True, True, False, False, True, False, False, True, True, False]"
17,0.9951080299665175,"[True, True, True, True, True, True, True, True, True, True, False, True, True, True, True, True, True, True, False, True, True, True, True, False, True, False, False, False, False, False, True, True, False, False, True, False, True, True, True, True]"
17,5.499085400736291e-05,"[False, True, False, True, True, True, True, True, True, True, True, True, True, True, True, True, True, True, False, True, True, True, True, True, True, True, False, True, False, False, True, False, False, False, True, False, True, True, True, True]"
17,0.9999530652621331,"[True, True, True, True, True, True, True, True, True, True, True, True, True, True, True, True, True, False, True, True, False, False, False, True, False, True, False, False, False, False, False, True, False, True, False, False, False, False, False, True]"
17,0.9999807827614183,"[True, True, True, True, True, True, True, True, True, True, True, True, True, True, True, True, True, True, False, True, True, True, True, True, True, True, False, False, False, False, True, False, False, False, True, False, True, True, True, True]"
17,0.9998767748307258,"[True, True, True, True, True, True, True, True, True, True, True, True, True, True, True, True, False, False, True, True, False, False, False, True, False, True, False, False, False, False, False, False, False, True, False, False, False, False, False, True]"
17,0.05593371591067432,"[True, False, True, True, True, True, True, True, True, True, False, True, True, True, True, False, True, False, True, True, True, True, True, True, True, True, False, False, False, False, True, False, True, False, True, True, True, True, False, False]"
17,0.9999773589694414,"[True, True, True, True, True, True, True, True, True, True, True, True, True, True, True, True, True, True, False, True, True, False, True, False, False, False, False, False, False, False, True, True, True, False, True, False, False, True, True, False]"
17,0.9999530652621331,"[True, True, True, True, True, True, True, True, True, True, True, True, True, True, True, True, True, False, True, True, False, False, False, True, False, True, False, False, False, False, False, True, False, True, False, False, False, False, False, True]"
17,0.9615917846443375,"[True, True, True, True, True, True, True, False, True, True, True, True, True, True, True, True, True, True, False, True, False, True, False, False, False, False, False, True, True, False, True, True, False, False, True, False, False, True, True, True]"
17,0.9987597313812491,"[True, True, True, True, True, True, True, True, True, True, True, True, False, True, True, True, True, True, False, True, True, True, True, False, False, False, False, False, False, False, True, True, False, False, True, False, False, True, False, False]"
17,0.837473908344233,"[True, True, True, True, True, False, True, True, False, True, True, True, True, True, True, True, True, True, False, True, True, True, True, False, False, False, False, False, False, False, True, True, False, False, True, True, False, True, True, False]"
17,0.05630037020906061,"[True, False, True, True, True, True, True, True, True, True, True, True, True, True, True, False, True, True, False, True, True, False, True, False, False, True, False, False, False, False, True, True, False, True, True, False, False, True, True, False]"
17,0.9998620032720023,"[True, True, True, True, True, True, True, True, True, True, True, True, True, True, True, True, False, False, False, True, True, False, False, False, False, True, True, True, False, True, True, True, False, False, True, False, True, True, False, False]"
17,0.9999789974920105,"[True, True, True, True, True, True, True, True, True, True, True, True, True, True, True, True, True, True, False, True, True, True, False, False, True, True, False, False, False, False, True, True, False, True, True, False, False, True, True, True]"
17,0.9999795906897802,"[True, True, True, True, True, True, True, True, True, True, True, True, True, True, True, True, True, True, False, True, True, True, False, True, True, True, False, False, False, False, True, False, False, False, True, False, True, True, True, True]"
17,0.9999421318870558,"[True, True, True, True, True, True, True, True, True, True, True, True, True, True, True, True, True, False, False, True, True, True, True, False, True, True, True, False, True, False, False, True, False, False, True, False, True, True, True, True]"
17,0.9999709500821624,"[True, True, True, True, True, True, True, True, True, True, True, True, True, True, True, True, True, True, False, False, True, True, True, True, False, True, False, False, False, False, True, False, True, True, True, True, True, True, False, True]"
17,0.9996734597231018,"[True, True, True, True, True, True, True, True, True, True, True, True, True, True, False, True, True, True, False, True, True, True, False, False, False, False, False, True, False, False, True, True, False, True, True, False, False, True, True, True]"
17,0.7279610599885066,"[True, True, True, True, False, True, True, True, True, True, True, True, True, True, True, True, True, True, False, True, True, True, True, False, False, True, False, False, True, False, True, True, False, True, True, False, False, True, True, True]"
17,0.9999685642332726,"[True, True, True, True, True, True, True, True, True, True, True, True, True, True, True, True, True, True, False, False, True, False, True, True, False, True, False, False, False, False, True, False, False, False, True, True, True, True, True, True]"
17,0.9999752165457798,"[True, True, True, True, True, True, True, True, True, True, True, True, True, True, True, True, True, True, False, True, False, True, True, False, False, True, True, False, True, False, True, True, False, True, True, True, False, True, True, True]"
17,0.9999341142919496,"[True, True, True, True, True, True, True, True, True, True, True, True, True, True, True, True, True, False, False, True, False, False, False, True, False, True, True, True, False, True, False, True, False, True, True, True, False, True, True, False]"
17,0.9999801843971744,"[True, True, True, True, True, True, True, True, True, True, True, True, True, True, True, True, True, True, False, True, True, True, True, False, True, True, False, False, False, False, False, True, False, False, True, False, True, True, True, True]"
17,0.9245076861356449,"[True, True, True, True, True, True, False, True, True, True, True, True, True, True, True, True, True, False, False, True, True, False, False, False, True, False, False, False, True, True, True, True, True, True, False, False, False, True, False, False]"
17,0.999364804753723,"[True, True, True, True, True, True, True, True, True, True, True, True, True, False, True, True, True, True, False, True, False, True, True, False, False, False, False, False, False, False, True, True, True, False, True, True, False, True, False, False]"
17,0.7279210720201762,"[True, True, True, True, False, True, True, True, True, True, True, True, True, True, True, True, True, False, False, False, False, True, False, True, False, False, False, False, False, False, True, True, False, True, False, False, False, True, True, True]"
17,0.999981674942458,"[True, True, True, True, True, True, True, True, True, True, True, True, True, True, True, True, True, True, True, False, False, False, False, True, False, True, False, False, False, False, False, True, False, True, True, False, False, False, False, True]"
17,0.9615974848111845,"[True, True, True, True, True, True, True, False, True, True, True, True, True, True, True, True, True, True, False, True, True, True, True, False, False, False, False, False, False, False, True, True, False, False, True, False, True, True, True, True]"
17,0.9999807828341766,"[True, True, True, True, True, True, True, True, True, True, True, True, True, True, True, True, True, True, False, True, True, True, True, True, True, True, False, False, False, False, True, False, False, False, True, True, False, True, True, True]"
17,0.9999801843971744,"[True, True, True, True, True, True, True, True, True, True, True, True, True, True, True, True, True, True, False, True, True, True, True, False, True, True, False, False, False, False, False, True, False, False, True, False, True, True, True, True]"
17,0.9999802263059436,"[True, True, True, True, True, True, True, True, True, True, True, True, True, True, True, True, True, True, False, True, True, True, True, False, True, True, False, True, False, False, True, True, False, False, True, False, True, True, True, True]"
17,0.036649310735374856,"[True, False, True, True, False, True, True, True, True, True, True, False, True, True, False, True, False, True, True, False, True, True, False, True, False, True, False, False, False, True, False, True, False, True, True, False, False, False, False, True]"
17,0.9998929016742656,"[True, True, True, True, True, True, True, True, True, True, True, True, True, True, True, True, False, True, False, False, True, True, False, False, False, True, False, False, True, True, True, True, False, True, True, False, False, True, True, False]"
17,0.9999786064895081,"[True, True, True, True, True, True, True, True, True, True, True, True, True, True, True, True, True, True, False, True, True, True, False, False, False, False, False, True, True, False, True, True, False, True, True, True, False, True, True, True]"
17,0.9999805594115949,"[True, True, True, True, True, True, True, True, True, True, True, True, True, True, True, True, True, True, False, True, True, True, True, True, False, True, True, False, False, False, True, False, False, True, False, False, False, False, False, True]"
17,0.9998577529935478,"[True, True, True, True, True, True, True, True, True, True, True, True, True, True, True, True, False, False, False, True, False, False, False, True, False, True, False, True, False, True, False, True, False, True, True, True, False, True, True, False]"
17,0.056306243208751,"[True, False, True, True, True, True, True, True, True, True, True, True, True, True, True, True, False, True, False, True, True, True, False, True, True, False, False, False, False, False, True, True, False, True, True, False, False, True, True, True]"
17,0.6991070764259365,"[True, True, True, True, False, True, True, False, True, True, True, True, True, True, True, True, True, False, False, True, True, True, True, False, False, True, True, False, True, False, True, False, False, False, True, True, False, True, True, True]"
17,0.9242268766838806,"[True, True, True, True, True, True, False, True, True, True, True, True, True, True, False, True, True, False, False, True, True, True, True, False, True, True, True, False, False, False, True, False, True, True, True, True, False, True, False, True]"
17,0.9245466720663016,"[True, True, True, True, True, True, False, True, True, True, True, True, True, True, True, True, True, True, False, True, True, True, True, False, True, True, False, False, False, False, False, True, False, True, True, False, True, True, True, True]"
17,0.7279680981946672,"[True, True, True, True, False, True, True, True, True, True, True, True, True, True, True, True, True, True, True, False, True, True, True, False, False, False, False, False, False, False, True, False, False, False, True, False, False, True, True, False]"
17,0.9999797419450759,"[True, True, True, True, True, True, True, True, True, True, True, True, True, True, True, True, True, True, False, True, True, True, True, False, False, False, False, False, False, False, True, True, False, False, True, False, False, True, True, False]"
17,0.7279319940964033,"[True, True, True, True, False, True, True, True, True, True, True, True, True, True, True, True, True, False, False, True, True, True, False, True, False, True, True, False, False, True, True, False, False, False, True, False, True, True, False, True]"
17,0.9999808665971931,"[True, True, True, True, True, True, True, True, True, True, True, True, True, True, True, True, True, True, False, True, True, True, True, True, True, True, True, False, False, True, True, False, False, False, True, True, False, False, False, True]"
17,0.7261275575567845,"[True, True, True, True, False, True, True, True, True, True, True, False, True, True, True, True, True, True, False, True, True, True, False, False, False, False, False, False, True, True, True, True, False, True, True, False, False, True, True, True]"
17,0.9999045864793723,"[True, True, True, True, True, True, True, True, True, True, True, True, True, True, True, True, False, True, False, True, True, True, True, True, True, True, True, False, True, False, True, False, False, True, True, True, False, False, False, True]"
17,0.9999018200375159,"[True, True, True, True, True, True, True, True, True, True, True, True, True, True, True, True, False, True, False, True, True, False, True, True, False, True, False, False, False, True, True, False, False, False, True, False, True, False, False, True]"
17,0.9999403381491491,"[True, True, True, True, True, True, True, True, True, True, True, True, True, True, True, True, True, False, False, True, True, False, True, True, True, True, True, False, False, True, True, False, True, False, True, True, True, True, False, True]"
17,0.2515586669779974,"[True, True, False, True, True, True, True, False, True, True, True, True, True, True, True, True, True, True, False, True, True, True, True, True, False, True, True, False, False, False, True, False, False, False, False, True, False, False, True, True]"
17,0.2630691751531167,"[True, True, False, True, True, True, True, True, True, True, True, True, True, True, True, True, True, True, False, True, True, True, False, False, False, True, False, False, False, True, True, True, True, True, True, False, False, True, True, True]"
17,0.9999425614282091,"[True, True, True, True, True, True, True, True, True, True, True, True, True, True, True, True, True, False, False, True, True, True, True, True, True, False, True, False, False, False, False, True, True, False, True, False, True, True, True, False]"
17,0.9999805589750451,"[True, True, True, True, True, True, True, True, True, True, True, True, True, True, True, True, True, True, False, True, True, True, True, True, False, True, True, False, False, False, True, False, False, False, False, True, False, False, False, True]"
17,0.9615596538616119,"[True, True, True, True, True, True, True, False, True, True, True, True, True, True, True, True, True, False, False, True, True, True, False, False, False, True, False, False, False, False, True, True, True, True, False, False, False, False, True, True]"
17,0.2630696198336415,"[True, True, False, True, True, True, True, True, True, True, True, True, True, True, True, True, True, True, False, True, True, True, True, False, True, True, False, False, False, False, True, True, False, False, True, False, False, True, True, True]"
17,0.9999696542869362,"[True, True, True, True, True, True, True, True, True, True, True, True, True, True, True, True, True, True, False, False, True, True, False, True, False, False, False, True, False, True, True, False, False, True, True, False, True, True, True, True]"
17,0.9999992623636619,"[True, True, True, True, True, True, True, True, True, True, True, True, True, True, True, True, True, True, True, True, True, True, True, False, True, True, False, False, False, False, True, True, False, False, True, False, True, True, True, True]"
17,0.7242585556806345,"[True, True, True, True, False, True, True, True, True, True, False, True, True, True, True, True, True, False, False, False, False, False, False, False, True, True, True, False, False, False, False, True, False, True, True, True, True, True, False, False]"
17,0.9999797419541707,"[True, True, True, True, True, True, True, True, True, True, True, True, True, True, True, True, True, True, False, True, True, True, True, False, False, False, False, False, False, False, True, True, False, False, True, False, False, True, True, True]"
17,0.9999399551724666,"[True, True, True, True, True, True, True, True, True, True, True, True, True, True, True, True, True, False, False, True, True, False, True, True, False, True, False, False, False, False, True, False, False, False, True, True, True, True, True, False]"
17,0.9999798863793055,"[True, True, True, True, True, True, True, True, True, True, True, True, True, True, True, True, True, True, False, True, True, True, True, False, False, True, False, False, False, False, False, True, False, False, True, False, True, True, True, True]"
17,0.9245451484021086,"[True, True, True, True, True, True, False, True, True, True, True, True, True, True, True, True, True, True, False, True, True, True, False, False, False, False, False, False, False, False, True, True, False, False, True, False, False, True, True, False]"
17,0.9999399551815611,"[True, True, True, True, True, True, True, True, True, True, True, True, True, True, True, True, True, False, False, True, True, False, True, True, False, True, False, False, False, False, True, False, False, False, True, True, True, True, True, True]"
17,0.9950895599656708,"[True, True, True, True, True, True, True, True, True, True, False, True, True, True, True, True, True, False, True, True, True, True, True, True, False, True, True, False, False, False, True, True, False, False, True, True, True, False, False, True]"
17,0.9999786063439917,"[True, True, True, True, True, True, True, True, True, True, True, True, True, True, True, True, True, True, False, True, True, True, False, False, False, False, False, True, True, False, True, True, False, True, True, False, False, True, True, True]"
17,0.9902119298802913,"[True, True, True, True, True, True, True, True, True, False, True, True, True, True, True, True, True, False, False, True, False, False, False, True, True, False, False, False, True, True, True, True, False, True, True, True, False, True, False, True]"
17,0.9993322613621978,"[True, True, True, True, True, True, True, True, True, True, True, True, True, False, True, True, True, False, False, True, True, True, True, True, False, True, True, False, False, False, True, False, False, False, True, True, True, False, False, True]"
17,0.999942415725605,"[True, True, True, True, True, True, True, True, True, True, True, True, True, True, True, True, True, False, False, True, True, True, True, True, False, True, True, False, False, False, True, True, False, False, False, True, True, False, False, True]"
17,0.7134144189457715,"[True, True, True, True, False, True, True, True, False, True, True, True, True, True, True, True, True, True, False, True, True, False, False, False, True, True, False, False, True, False, True, True, True, True, False, False, False, True, False, False]"
17,0.05612878687467961,"[True, False, True, True, True, True, True, True, True, True, True, False, True, True, True, True, True, True, False, True, True, False, True, False, False, True, False, False, False, False, True, True, False, True, True, False, False, True, True, False]"
17,0.9999808875879695,"[True, True, True, True, True, True, True, True, True, True, True, True, True, True, True, True, True, True, False, True, True, True, True, True, True, True, True, False, True, True, True, True, False, False, True, True, False, True, False, True]"
17,0.999924233352853,"[True, True, True, True, True, True, True, True, True, True, True, True, True, True, True, True, True, False, False, False, False, False, False, False, True, True, True, False, False, False, False, True, False, True, False, True, True, True, False, False]"
17,0.9592375162376648,"[True, True, True, True, True, True, True, False, True, True, True, False, True, True, True, True, True, True, False, True, False, True, False, False, False, False, False, True, False, False, True, True, False, True, True, False, False, True, True, True]"
17,0.9999752346261314,"[True, True, True, True, True, True, True, True, True, True, True, True, True, True, True, True, True, True, False, True, False, True, True, False, False, True, True, True, False, False, True, True, False, False, True, True, True, False, True, True]"
17,0.9975415021083937,"[True, True, True, True, True, True, True, True, True, True, True, False, True, True, True, True, True, True, False, True, True, True, True, False, True, True, False, False, False, False, False, True, False, False, True, False, True, True, True, True]"
17,0.9999530652621331,"[True, True, True, True, True, True, True, True, True, True, True, True, True, True, True, True, True, False, True, True, False, False, False, True, False, True, False, False, False, False, False, True, False, True, False, False, False, False, False, True]"
17,0.9999394630079261,"[True, True, True, True, True, True, True, True, True, True, True, True, True, True, True, True, True, False, False, True, True, False, True, False, False, True, True, False, True, True, True, False, True, True, False, True, True, False, False, True]"
17,0.9902575781973066,"[True, True, True, True, True, True, True, True, True, False, True, True, True, True, True, True, True, True, False, True, True, True, True, False, True, True, False, True, False, False, True, True, False, False, True, False, True, True, True, True]"
17,0.26306981935821533,"[True, True, False, True, True, True, True, True, True, True, True, True, True, True, True, True, True, True, False, True, True, True, True, True, True, True, True, False, False, False, False, False, False, False, True, False, True, True, True, True]"
17,0.9999786057619263,"[True, True, True, True, True, True, True, True, True, True, True, True, True, True, True, True, True, True, False, True, True, True, False, False, False, False, False, True, True, False, True, True, False, False, True, False, False, True, True, True]"
17,0.7279600732176564,"[True, True, True, True, False, True, True, True, True, True, True, True, True, True, True, True, True, True, False, True, True, True, False, False, False, False, False, True, False, True, True, True, False, True, True, False, False, True, True, True]"
17,0.9998821461965894,"[True, True, True, True, True, True, True, True, True, True, True, True, True, True, True, True, False, False, True, True, True, False, True, False, False, True, False, False, False, False, True, True, False, True, True, True, True, True, False, True]"
17,0.050711046577567816,"[True, False, True, True, True, True, False, True, True, True, True, True, True, True, True, True, True, False, False, True, True, True, True, True, False, False, True, False, False, False, True, True, True, True, True, False, True, True, True, False]"
17,0.7279605421086195,"[True, True, True, True, False, True, True, True, True, True, True, True, True, True, True, True, True, True, False, True, True, True, False, True, False, False, True, False, False, False, True, True, False, True, True, False, False, True, True, True]"
17,0.9998927526588386,"[True, True, True, True, True, True, True, True, True, True, True, True, True, True, True, True, False, True, False, False, True, True, False, False, False, False, False, False, True, True, True, True, False, True, True, False, False, True, False, False]"
17,0.9999789974920105,"[True, True, True, True, True, True, True, True, True, True, True, True, True, True, True, True, True, True, False, True, True, True, False, False, True, True, False, False, False, False, True, True, False, True, True, False, False, True, True, True]"
17,0.5243638723868159,"[True, True, True, False, True, True, True, True, True, True, True, True, True, True, True, False, True, True, False, True, True, True, True, False, False, True, False, False, False, False, True, True, False, True, True, False, False, True, True, True]"
17,0.9805825843333332,"[True, True, True, True, True, True, True, True, False, True, True, True, True, True, True, True, True, False, False, True, True, True, True, False, True, True, False, False, False, True, True, True, False, True, True, False, True, True, True, False]"
17,0.9999801937102342,"[True, True, True, True, True, True, True, True, True, True, True, True, True, True, True, True, True, True, False, True, True, True, True, False, True, True, False, False, False, True, False, True, False, False, True, False, True, True, True, True]"
17,0.9999119734858151,"[True, True, True, True, True, True, True, True, True, True, True, True, True, True, True, True, False, True, True, False, True, True, False, False, False, True, False, False, True, True, True, True, False, True, True, False, False, True, True, False]"
17,0.9999754161208635,"[True, True, True, True, True, True, True, True, True, True, True, True, True, True, True, True, True, True, False, True, False, True, True, False, True, True, False, False, False, False, False, True, False, False, True, False, True, True, True, True]"
17,0.9993698629006714,"[True, True, True, True, True, True, True, True, True, True, True, True, True, False, True, True, True, True, False, True, True, True, True, False, True, False, False, False, False, False, False, True, False, True, True, False, False, True, True, False]"
17,0.9615984895237941,"[True, True, True, True, True, True, True, False, True, True, True, True, True, True, True, True, True, True, False, True, True, True, True, True, True, True, False, False, False, False, True, False, False, False, True, False, True, True, True, True]"
17,0.9999404799681465,"[True, True, True, True, True, True, True, True, True, True, True, True, True, True, True, True, True, False, False, True, True, True, False, False, False, False, True, False, False, False, True, True, True, False, True, False, False, True, True, True]"
17,0.502981833284591,"[True, True, True, False, True, True, True, False, True, True, True, True, True, True, True, True, True, False, False, True, True, True, True, False, False, True, True, False, True, False, True, False, True, True, True, True, True, True, False, True]"
17,0.9242248621273558,"[True, True, True, True, True, True, False, True, True, True, True, True, True, True, False, True, True, False, False, True, True, False, True, True, False, True, False, False, False, False, True, False, False, False, False, True, True, True, True, True]"
17,0.9975040325895957,"[True, True, True, True, True, True, True, True, True, True, True, False, True, True, True, True, True, False, False, True, True, True, True, True, True, True, False, False, False, False, False, False, False, False, True, False, True, True, True, True]"
17,0.9999530652621331,"[True, True, True, True, True, True, True, True, True, True, True, True, True, True, True, True, True, False, True, True, False, False, False, True, False, True, False, False, False, False, False, True, False, True, False, False, False, False, False, True]"
17,0.26303854096136164,"[True, True, False, True, True, True, True, True, True, True, True, True, True, True, True, True, False, False, True, True, False, False, False, True, False, True, False, True, False, False, True, False, True, True, True, True, True, True, False, True]"
17,0.9951255452406711,"[True, True, True, True, True, True, True, True, True, True, False, True, True, True, True, True, True, True, True, True, True, True, False, False, False, False, False, False, False, True, True, True, False, False, True, False, False, True, True, True]"
step,fitness,genome
18,0.9993700299437346,"[True, True, True, True, True, True, True, True, True, True, True, True, True, False, True, True, True, True, False, True, True, True, True, False, True, True, False, False, True, False, False, True, False, False, True, False, True, True, True, True]"
18,0.9999804865441567,"[True, True, True, True, True, True, True, True, True, True, True, True, True, True, True, True, True, True, False, True, True, True, True, True, False, True, False, False, False, False, True, False, True, True, True, True, False, True, False, True]"
18,0.05631342715109662,"[True, False, True, True, True, True, True, True, True, True, True, True, True, True, True, True, True, True, True, True, True, True, True, False, False, False, False, False, True, False, True, True, False, False, True, False, False, True, True, False]"
18,0.9993706955165569,"[True, True, True, True, True, True, True, True, True, True, True, True, True, False, True, True, True, True, False, True, True, True, True, True, True, True, True, False, False, True, True, True, False, False, True, True, False, True, False, True]"
18,0.9999808875879695,"[True, True, True, True, True, True, True, True, True, True, True, True, True, True, True, True, True, True, False, True, True, True, True, True, True, True, True, False, True, True, True, True, False, False, True, True, False, True, False, True]"
18,0.9999786057619263,"[True, True, True, True, True, True, True, True, True, True, True, True, True, True, True, True, True, True, False, True, True, True, False, False, False, False, False, True, True, False, True, True, False, False, True, False, False, True, True, True]"
18,0.9999786063439917,"[True, True, True, True, True, True, True, True, True, True, True, True, True, True, True, True, True, True, False, True, True, True, False, False, False, False, False, True, True, False, True, True, False, True, True, False, False, True, True, True]"
18,0.9999976796267801,"[True, True, True, True, True, True, True, True, True, True, True, True, True, True, True, True, True, True, True, True, True, True, False, False, False, False, False, True, True, False, True, True, False, True, True, False, False, True, True, True]"
18,0.9987589970484898,"[True, True, True, True, True, True, True, True, True, True, True, True, False, True, True, True, True, True, False, True, True, True, False, False, True, True, False, False, False, True, True, True, False, True, True, False, False, True, False, True]"
18,0.9948049791683907,"[True, True, True, True, True, True, True, True, True, True, False, True, True, True, False, True, True, True, False, True, True, True, True, True, True, True, False, False, False, False, True, False, False, False, True, True, False, False, True, True]"
18,0.8511004765218182,"[True, True, True, True, True, False, True, True, True, True, True, False, False, True, True, True, True, True, False, True, True, True, True, False, False, False, False, False, False, False, True, False, True, False, True, False, False, True, True, True]"
18,0.9999996343286204,"[True, True, True, True, True, True, True, True, True, True, True, True, True, True, True, True, True, True, True, True, True, True, True, True, False, True, True, False, False, False, True, False, True, True, True, True, False, False, False, True]"
18,0.9999798863793055,"[True, True, True, True, True, True, True, True, True, True, True, True, True, True, True, True, True, True, False, True, True, True, True, False, False, True, False, False, False, False, False, True, False, False, True, False, True, True, True, True]"
18,0.9999808875879695,"[True, True, True, True, True, True, True, True, True, True, True, True, True, True, True, True, True, True, False, True, True, True, True, True, True, True, True, False, True, True, True, True, False, False, True, True, False, True, False, True]"
18,0.9998261337883252,"[True, True, True, True, True, True, True, True, True, True, True, True, True, True, True, False, True, True, False, True, True, True, False, False, False, True, False, False, False, True, True, True, False, False, True, False, True, True, True, True]"
18,0.9200063805264529,"[True, True, True, True, True, True, False, True, True, True, False, True, True, True, True, True, True, True, False, True, True, True, True, False, False, False, False, False, False, False, True, True, False, False, True, False, False, True, True, True]"
18,0.9234100276053875,"[True, True, True, True, True, True, False, True, True, True, True, True, False, True, True, True, True, True, False, True, True, True, True, True, False, False, True, False, False, False, True, True, False, False, True, True, False, False, False, True]"
18,0.999933025218971,"[True, True, True, True, True, True, True, True, True, True, True, True, True, True, True, True, True, False, False, False, True, True, True, True, True, False, True, False, False, False, False, True, True, False, True, False, True, True, True, False]"
18,0.9612644567921611,"[True, True, True, True, True, True, True, False, True, True, True, True, True, True, False, True, True, False, False, True, True, False, True, True, False, False, True, False, False, True, True, False, True, False, True, True, True, True, False, True]"
18,0.9999802263059436,"[True, True, True, True, True, True, True, True, True, True, True, True, True, True, True, True, True, True, False, True, True, True, True, False, True, True, False, True, False, False, True, True, False, False, True, False, True, True, True, True]"
18,0.9999786016874685,"[True, True, True, True, True, True, True, True, True, True, True, True, True, True, True, True, True, True, False, True, True, True, False, False, False, False, False, True, True, False, False, True, False, True, True, False, False, True, True, True]"
18,0.9981673459393207,"[True, True, True, True, True, True, True, True, True, True, True, True, False, False, True, True, True, True, True, True, True, False, True, False, True, True, False, False, False, True, True, True, False, False, True, False, True, True, True, True]"
18,0.9999805219956381,"[True, True, True, True, True, True, True, True, True, True, True, True, True, True, True, True, True, True, False, True, True, True, True, True, False, True, False, True, False, False, True, False, False, False, True, False, True, True, True, True]"
18,0.9999695077531616,"[True, True, True, True, True, True, True, True, True, True, True, True, True, True, True, True, True, True, False, False, True, True, False, False, True, True, False, True, False, True, True, True, False, True, True, True, True, True, True, True]"
18,0.05631213878188747,"[True, False, True, True, True, True, True, True, True, True, True, True, True, True, True, True, True, True, True, False, False, False, False, True, False, True, False, False, False, False, False, True, False, True, True, False, False, False, False, True]"
18,0.9942726551808064,"[True, True, True, True, True, True, True, True, True, True, False, True, True, False, True, False, False, True, False, True, True, True, True, False, False, True, False, False, False, False, False, True, False, False, True, False, True, True, True, True]"
18,0.99996021521217,"[True, True, True, True, True, True, True, True, True, True, True, True, True, True, True, True, True, False, True, True, True, True, False, True, False, True, False, False, False, False, False, False, False, True, False, False, False, False, False, True]"
18,0.9999354849837365,"[True, True, True, True, True, True, True, True, True, True, True, True, True, True, True, True, True, False, False, True, False, False, True, True, True, True, False, False, False, False, True, False, False, False, True, True, False, True, False, False]"
18,0.9615965317258299,"[True, True, True, True, True, True, True, False, True, True, True, True, True, True, True, True, True, True, False, True, True, True, False, False, False, True, False, True, True, False, True, True, False, False, True, False, False, True, True, True]"
18,0.99998003538823,"[True, True, True, True, True, True, True, True, True, True, True, True, True, True, True, True, True, True, False, True, True, True, True, False, True, False, False, False, False, False, False, True, False, False, True, False, True, True, True, True]"
18,0.9616163272633406,"[True, True, True, True, True, True, True, False, True, True, True, True, True, True, True, True, True, True, True, True, True, True, True, False, True, True, False, False, False, False, True, False, False, False, True, False, True, True, True, True]"
18,0.9999804871444127,"[True, True, True, True, True, True, True, True, True, True, True, True, True, True, True, True, True, True, False, True, True, True, True, True, False, True, False, False, False, False, True, True, False, False, True, True, False, True, True, True]"
18,0.5230849012269153,"[True, True, True, False, True, True, True, True, True, True, True, False, True, True, True, True, True, True, False, True, True, True, False, True, True, True, False, False, False, False, True, False, False, False, True, False, True, False, True, True]"
18,0.9999807801421189,"[True, True, True, True, True, True, True, True, True, True, True, True, True, True, True, True, True, True, False, True, True, True, True, True, True, True, False, False, False, False, False, True, False, False, False, False, True, True, True, True]"
18,0.9987792257311819,"[True, True, True, True, True, True, True, True, True, True, True, True, False, True, True, True, True, True, True, True, True, True, True, False, True, True, False, False, False, False, False, True, False, False, True, False, True, True, True, True]"
18,0.034841678664554905,"[True, False, True, True, False, True, True, False, True, True, True, True, True, True, True, True, True, True, False, True, True, True, True, False, False, True, True, False, False, False, True, False, False, True, False, False, False, False, False, True]"
18,0.9999998560815677,"[True, True, True, True, True, True, True, True, True, True, True, True, True, True, True, True, True, True, True, True, True, True, True, True, True, True, False, False, False, False, True, False, False, False, True, False, True, True, True, True]"
18,0.9999801890537042,"[True, True, True, True, True, True, True, True, True, True, True, True, True, True, True, True, True, True, False, True, True, True, True, False, True, True, False, False, False, False, True, True, False, False, True, False, True, True, True, True]"
18,0.72795455616946,"[True, True, True, True, False, True, True, True, True, True, True, True, True, True, True, True, True, True, False, False, True, True, True, True, True, True, False, False, False, True, True, False, False, False, False, False, True, True, True, True]"
18,0.980022276325804,"[True, True, True, True, True, True, True, True, False, True, True, True, True, False, True, True, True, True, True, False, False, False, False, True, True, True, False, False, False, False, False, True, False, True, True, False, False, False, False, True]"
18,0.8542742444441216,"[True, True, True, True, True, False, True, True, True, True, True, True, True, True, True, True, True, True, False, True, True, True, True, True, True, True, True, False, False, True, True, False, False, False, False, False, False, False, False, True]"
18,0.9798710566597001,"[True, True, True, True, True, True, True, True, False, True, True, True, True, False, True, False, True, True, False, True, True, True, True, True, False, True, True, False, False, False, True, False, False, False, False, True, False, False, False, True]"
18,0.05071363835053351,"[True, False, True, True, True, True, False, True, True, True, True, True, True, True, True, True, True, True, False, True, True, True, True, False, True, True, False, False, False, True, True, True, False, False, True, False, True, True, True, True]"
18,0.8208987462214821,"[True, True, True, True, True, False, True, False, True, True, True, True, True, True, True, True, False, True, False, False, True, False, True, False, False, True, False, False, True, True, True, True, False, True, True, False, False, True, True, False]"
18,0.9999584436540984,"[True, True, True, True, True, True, True, True, True, True, True, True, True, True, True, True, True, False, True, True, True, False, True, False, False, True, False, False, False, True, True, True, False, True, False, True, True, False, False, True]"
18,0.0009765610592956237,"[False, True, True, True, True, True, True, True, True, True, True, True, True, True, True, True, True, True, True, True, True, True, True, False, True, True, False, False, False, False, True, True, False, False, True, False, True, True, True, True]"
18,0.9999808616496271,"[True, True, True, True, True, True, True, True, True, True, True, True, True, True, True, True, True, True, False, True, True, True, True, True, True, True, True, False, False, True, False, False, False, False, False, True, False, False, False, True]"
18,0.2630749959758402,"[True, True, False, True, True, True, True, True, True, True, True, True, True, True, True, True, True, True, True, True, True, True, False, False, True, True, False, False, False, False, True, True, False, False, True, False, True, True, True, True]"
18,0.854208036512041,"[True, True, True, True, True, False, True, True, True, True, True, True, True, True, True, True, False, True, False, True, True, True, True, True, True, True, True, False, False, True, True, False, False, False, True, True, False, False, False, True]"
18,0.9987616715770244,"[True, True, True, True, True, True, True, True, True, True, True, True, False, True, True, True, True, True, True, False, False, False, False, True, False, True, False, False, False, True, False, True, False, True, True, False, False, False, False, True]"
18,0.5237779034209992,"[True, True, True, False, True, True, True, True, True, True, True, True, False, True, True, True, True, True, True, True, True, True, True, True, True, True, False, False, False, False, True, False, False, False, True, True, False, True, True, True]"
18,0.9999876372709162,"[True, True, True, True, True, True, True, True, True, True, True, True, True, True, True, True, True, True, True, False, True, False, True, True, False, True, False, False, False, False, True, False, False, False, True, True, False, True, True, True]"
18,0.9999808665971931,"[True, True, True, True, True, True, True, True, True, True, True, True, True, True, True, True, True, True, False, True, True, True, True, True, True, True, True, False, False, True, True, False, False, False, True, True, False, False, False, True]"
18,0.9960199753669494,"[True, True, True, True, True, True, True, True, True, True, True, False, False, True, False, True, True, True, False, True, True, True, True, False, True, False, True, False, False, False, True, True, False, False, True, False, False, False, False, False]"
18,0.05631165385765185,"[True, False, True, True, True, True, True, True, True, True, True, True, True, True, True, True, True, True, False, True, False, True, True, False, False, True, True, False, True, False, True, True, False, True, True, True, False, True, True, False]"
18,0.9999797431183027,"[True, True, True, True, True, True, True, True, True, True, True, True, True, True, True, True, True, True, False, True, True, True, True, False, False, False, False, False, False, False, True, True, True, False, True, False, False, True, True, True]"
18,0.9998662740096974,"[True, True, True, True, True, True, True, True, True, True, True, True, True, True, True, True, False, False, False, True, True, True, True, True, True, False, True, False, False, False, False, True, True, False, True, False, True, False, True, False]"
18,0.9999912124423715,"[True, True, True, True, True, True, True, True, True, True, True, True, True, True, True, True, True, True, True, True, False, False, False, True, False, True, False, False, False, False, False, True, True, True, False, False, False, False, False, True]"
18,0.9999808663061598,"[True, True, True, True, True, True, True, True, True, True, True, True, True, True, True, True, True, True, False, True, True, True, True, True, True, True, True, False, False, True, True, False, False, False, False, True, False, False, False, True]"
18,0.9806297174556164,"[True, True, True, True, True, True, True, True, False, True, True, True, True, True, True, True, True, True, True, False, True, True, True, True, False, True, False, False, False, False, True, False, True, True, True, False, True, True, False, True]"
18,0.997514442612231,"[True, True, True, True, True, True, True, True, True, True, True, False, True, True, True, True, True, False, True, True, False, False, False, True, False, True, False, False, False, False, False, True, False, True, False, False, True, True, False, True]"
18,0.9615979523107839,"[True, True, True, True, True, True, True, False, True, True, True, True, True, True, True, True, True, True, False, True, True, True, True, False, True, True, False, True, False, False, True, True, False, False, True, False, True, True, False, True]"
18,0.9947258835220251,"[True, True, True, True, True, True, True, True, True, True, False, True, True, True, False, True, False, True, False, True, True, False, True, False, False, True, True, False, True, True, True, False, False, False, False, False, True, False, False, True]"
18,0.5244342188056073,"[True, True, True, False, True, True, True, True, True, True, True, True, True, True, True, True, True, False, True, True, False, False, False, True, False, True, False, False, False, False, False, True, False, True, True, False, False, False, False, True]"
18,0.18286376565542348,"[True, True, False, True, False, True, True, True, True, True, True, True, True, True, True, True, True, True, False, True, True, True, True, False, True, True, False, False, False, False, False, True, False, False, True, False, True, True, True, True]"
18,0.999981674942458,"[True, True, True, True, True, True, True, True, True, True, True, True, True, True, True, True, True, True, True, False, False, False, False, True, False, True, False, False, False, False, False, True, False, True, True, False, False, False, False, True]"
18,0.9245420591043607,"[True, True, True, True, True, True, False, True, True, True, True, True, True, True, True, True, True, True, False, True, False, True, True, False, False, True, True, True, False, False, True, True, False, False, True, True, True, False, True, True]"
18,0.03679038082251569,"[True, False, True, True, False, True, True, True, True, True, True, True, True, True, True, True, True, False, False, False, False, True, False, True, False, False, False, False, False, False, True, True, True, True, False, False, False, True, True, True]"
18,0.9245473094659984,"[True, True, True, True, True, True, False, True, True, True, True, True, True, True, True, True, True, True, False, True, True, True, True, True, True, True, True, False, False, True, True, True, False, False, True, True, True, False, False, True]"
18,0.9998827398519142,"[True, True, True, True, True, True, True, True, True, True, True, True, True, True, True, True, False, False, True, True, True, False, True, True, False, True, False, False, False, False, True, False, False, True, True, True, True, True, False, True]"
18,0.9999427222094771,"[True, True, True, True, True, True, True, True, True, True, True, True, True, True, True, True, True, False, False, True, True, True, True, True, True, True, True, False, False, True, True, False, True, False, True, True, True, True, False, True]"
18,0.2196911054646649,"[True, True, False, True, True, False, True, True, True, True, True, True, True, True, True, True, True, True, False, False, True, True, True, True, False, True, False, False, False, False, True, False, True, True, True, True, True, True, False, False]"
18,0.263068107850429,"[True, True, False, True, True, True, True, True, True, True, True, True, True, True, True, True, True, True, False, True, False, True, True, False, False, True, False, True, False, False, True, True, False, False, True, True, False, False, True, True]"
18,0.9999808573386965,"[True, True, True, True, True, True, True, True, True, True, True, True, True, True, True, True, True, True, False, True, True, True, True, True, True, True, True, False, False, False, True, False, False, False, True, True, False, True, True, True]"
18,0.9973891554068902,"[True, True, True, True, True, True, True, True, True, True, True, False, True, True, True, False, True, True, False, True, True, True, True, False, True, False, False, True, False, False, True, True, False, False, True, False, False, True, True, False]"
18,0.9996748346394568,"[True, True, True, True, True, True, True, True, True, True, True, True, True, True, False, True, True, True, False, True, True, True, True, False, False, True, True, False, False, False, True, False, False, False, False, True, True, False, False, True]"
18,0.9853885614883272,"[True, True, True, True, True, True, True, True, True, False, False, True, True, True, True, True, True, False, False, True, True, False, True, True, False, True, True, False, False, False, True, False, False, False, True, True, True, True, True, False]"
18,0.9999992623636619,"[True, True, True, True, True, True, True, True, True, True, True, True, True, True, True, True, True, True, True, True, True, True, True, False, True, True, False, False, False, False, True, True, False, False, True, False, True, True, True, True]"
18,0.056312027695778775,"[True, False, True, True, True, True, True, True, True, True, True, True, True, True, True, True, True, True, False, True, True, True, True, False, True, True, False, False, False, True, False, True, True, True, True, False, True, True, True, True]"
18,0.9610084278987635,"[True, True, True, True, True, True, True, False, True, True, True, True, True, False, True, True, True, True, False, True, True, True, True, False, False, False, False, False, False, False, False, True, False, True, True, False, False, True, True, False]"
18,0.9999807827614183,"[True, True, True, True, True, True, True, True, True, True, True, True, True, True, True, True, True, True, False, True, True, True, True, True, True, True, False, False, False, False, True, False, False, False, True, False, True, True, True, True]"
18,0.9998010902331712,"[True, True, True, True, True, True, True, True, True, True, True, True, True, True, True, False, True, False, True, True, False, False, True, False, False, True, False, False, False, False, False, True, False, True, False, False, False, False, False, True]"
18,0.9999403381491491,"[True, True, True, True, True, True, True, True, True, True, True, True, True, True, True, True, True, False, False, True, True, False, True, True, True, True, True, False, False, True, True, False, True, False, True, True, True, True, False, True]"
18,0.9999808875879695,"[True, True, True, True, True, True, True, True, True, True, True, True, True, True, True, True, True, True, False, True, True, True, True, True, True, True, True, False, True, True, True, True, False, False, True, True, False, True, False, True]"
18,0.9975415022535908,"[True, True, True, True, True, True, True, True, True, True, True, False, True, True, True, True, True, True, False, True, True, True, True, False, True, True, False, False, False, False, False, True, False, False, True, True, True, True, True, True]"
18,0.9987601826684941,"[True, True, True, True, True, True, True, True, True, True, True, True, False, True, True, True, True, True, False, True, True, True, True, False, True, True, False, False, False, True, False, True, False, False, True, False, True, True, True, True]"
18,0.2630696186086254,"[True, True, False, True, True, True, True, True, True, True, True, True, True, True, True, True, True, True, False, True, True, True, True, False, True, True, False, False, False, False, False, True, False, True, True, False, False, True, True, True]"
18,0.999975122760782,"[True, True, True, True, True, True, True, True, True, True, True, True, True, True, True, True, True, True, False, True, False, True, True, False, False, True, False, False, False, False, True, True, False, False, True, False, True, True, True, True]"
18,0.9902577606822289,"[True, True, True, True, True, True, True, True, True, False, True, True, True, True, True, True, True, True, False, True, True, True, True, True, False, False, True, False, False, False, True, False, False, True, False, False, False, False, False, True]"
18,0.0005118103845959819,"[False, True, True, True, False, True, True, True, True, True, True, True, True, True, False, True, True, True, False, True, True, False, True, False, False, False, False, False, True, False, True, True, True, True, False, False, False, True, True, False]"
18,0.9947773907833342,"[True, True, True, True, True, True, True, True, True, True, False, True, True, True, False, True, True, False, True, True, False, False, False, True, False, True, False, False, False, False, False, True, False, True, False, False, False, False, False, True]"
18,0.9975144517957253,"[True, True, True, True, True, True, True, True, True, True, True, False, True, True, True, True, True, False, True, True, False, False, False, True, False, True, False, False, False, True, False, True, False, True, False, False, False, False, False, True]"
18,0.9999912115692635,"[True, True, True, True, True, True, True, True, True, True, True, True, True, True, True, True, True, True, True, True, False, False, False, True, False, True, False, False, False, False, False, True, False, True, True, False, False, False, False, True]"
18,0.9950716791660529,"[True, True, True, True, True, True, True, True, True, True, False, True, True, True, True, True, True, False, True, False, False, False, False, True, False, True, False, False, False, False, False, True, False, True, False, True, False, False, False, True]"
18,0.7279615618626567,"[True, True, True, True, False, True, True, True, True, True, True, True, True, True, True, True, True, True, False, True, True, True, True, True, False, True, True, False, True, False, True, False, False, True, False, False, False, False, False, True]"
18,0.9993700136548305,"[True, True, True, True, True, True, True, True, True, True, True, True, True, False, True, True, True, True, False, True, True, True, True, False, True, True, False, False, False, False, True, False, False, False, True, False, True, True, True, True]"
18,0.9999755698493622,"[True, True, True, True, True, True, True, True, True, True, True, True, True, True, True, True, True, True, False, True, False, True, True, True, False, False, False, False, False, False, True, True, False, False, True, True, False, True, True, False]"
18,0.0009765239659888106,"[False, True, True, True, True, True, True, True, True, True, True, True, True, True, True, True, True, True, False, True, True, True, True, False, True, True, True, False, False, True, True, False, False, False, True, False, False, False, False, True]"
18,0.9805741513797316,"[True, True, True, True, True, True, True, True, False, True, True, True, True, True, True, True, True, False, False, True, False, False, False, False, False, True, True, False, False, False, False, True, False, False, False, False, False, False, False, True]"
18,0.9993655674110687,"[True, True, True, True, True, True, True, True, True, True, True, True, True, False, True, True, True, True, False, True, False, True, True, True, False, True, False, False, True, False, True, True, False, True, True, True, False, False, True, True]"
step,fitness,genome
19,0.999600276401441,"[True, True, True, True, True, True, True, True, True, True, True, True, True, True, False, True, False, True, True, False, False, False, False, True, False, True, False, False, False, False, False, True, False, False, True, False, False, False, False, True]"
19,0.05630348751306399,"[True, False, True, True, True, True, True, True, True, True, True, True, True, True, True, True, False, False, False, True, True, True, True, True, True, True, True, False, True, True, True, False, False, False, True, True, False, False, False, True]"
19,0.9999796611379479,"[True, True, True, True, True, True, True, True, True, True, True, True, True, True, True, True, True, True, False, True, True, True, False, True, True, True, True, False, False, False, False, False, False, True, True, True, False, False, False, True]"
19,0.9969448533515003,"[True, True, True, True, True, True, True, True, True, True, True, False, True, False, True, True, True, True, True, True, False, False, True, True, False, True, False, False, False, False, False, True, False, False, False, False, False, False, False, True]"
19,0.9854287962356258,"[True, True, True, True, True, True, True, True, True, False, False, True, True, True, True, True, True, True, False, True, True, True, True, True, True, True, False, False, True, False, False, True, False, False, False, False, True, True, True, True]"
19,0.9800205176379275,"[True, True, True, True, True, True, True, True, False, True, True, True, True, False, True, True, True, True, False, True, True, True, True, False, True, True, False, False, False, False, False, False, False, False, True, False, True, True, True, True]"
19,0.9568843098716058,"[True, True, True, True, True, True, True, False, True, True, False, True, True, True, True, True, True, True, False, False, True, True, False, False, True, True, False, True, False, True, True, True, False, True, True, True, True, True, True, False]"
19,0.9998291000451981,"[True, True, True, True, True, True, True, True, True, True, True, True, True, True, True, False, True, True, True, False, False, False, False, True, False, True, False, False, False, False, False, True, False, True, True, False, False, False, False, True]"
19,0.9996733495429299,"[True, True, True, True, True, True, True, True, True, True, True, True, True, True, False, True, True, True, False, True, True, False, True, True, True, True, True, False, False, True, False, False, False, False, False, True, False, False, False, True]"
19,0.9614255918770317,"[True, True, True, True, True, True, True, False, True, True, True, True, True, True, True, False, True, False, True, True, False, False, True, True, False, True, False, False, False, False, False, True, False, True, False, False, False, False, False, True]"
19,0.48235809672740726,"[True, True, True, False, True, True, False, True, True, True, True, True, True, True, True, True, True, True, True, True, True, True, True, False, True, True, False, False, False, False, True, True, False, False, True, False, True, True, True, True]"
19,0.9999731857185505,"[True, True, True, True, True, True, True, True, True, True, True, True, True, True, True, True, True, True, False, True, False, False, True, True, False, False, False, False, False, False, True, True, False, False, True, True, False, True, True, False]"
19,0.999942271632742,"[True, True, True, True, True, True, True, True, True, True, True, True, True, True, True, True, True, False, False, True, True, True, True, True, False, False, True, False, False, True, False, True, False, False, True, True, False, True, False, True]"
19,0.2630730297570845,"[True, True, False, True, True, True, True, True, True, True, True, True, True, True, True, True, True, True, True, True, False, False, False, True, True, True, False, False, True, False, True, False, False, True, True, False, False, False, False, True]"
19,0.0009765250258682864,"[False, True, True, True, True, True, True, True, True, True, True, True, True, True, True, True, True, True, False, True, True, True, True, True, True, True, False, False, True, True, True, True, False, False, True, True, False, True, False, True]"
19,0.0009646818940236405,"[False, True, True, True, True, True, True, True, True, True, False, True, False, True, True, True, True, True, True, False, True, False, True, False, False, True, False, True, False, True, False, True, False, False, True, False, True, True, True, True]"
19,0.9245473267887666,"[True, True, True, True, True, True, False, True, True, True, True, True, True, True, True, True, True, True, False, True, True, True, True, True, True, True, True, False, True, True, True, True, False, False, True, True, False, True, False, True]"
19,0.9999786057619263,"[True, True, True, True, True, True, True, True, True, True, True, True, True, True, True, True, True, True, False, True, True, True, False, False, False, False, False, True, True, False, True, True, False, False, True, False, False, True, True, True]"
19,0.999980263230772,"[True, True, True, True, True, True, True, True, True, True, True, True, True, True, True, True, True, True, False, True, True, True, True, False, True, True, True, False, False, False, True, True, False, False, False, False, True, False, True, True]"
19,0.9613039671825879,"[True, True, True, True, True, True, True, False, True, True, True, True, True, True, False, True, True, True, False, True, True, True, True, True, True, True, False, True, False, True, True, False, False, False, True, True, False, True, False, True]"
19,0.999654410626624,"[True, True, True, True, True, True, True, True, True, True, True, True, True, True, False, True, True, False, True, True, True, True, False, False, False, False, False, True, True, False, True, True, False, True, True, False, False, True, True, True]"
19,0.009094771385865492,"[True, False, False, True, True, True, True, True, True, True, True, True, True, True, True, True, True, True, True, False, True, False, True, True, True, True, False, False, False, False, False, False, False, False, True, True, False, True, True, True]"
19,0.9999808616496271,"[True, True, True, True, True, True, True, True, True, True, True, True, True, True, True, True, True, True, False, True, True, True, True, True, True, True, True, False, False, True, False, False, False, False, False, True, False, False, False, True]"
19,0.04485923356064444,"[True, False, True, True, True, False, True, True, True, False, True, False, True, True, True, False, True, True, False, True, True, True, True, True, False, False, True, False, False, False, True, False, False, True, False, False, False, False, False, True]"
19,0.999980866642667,"[True, True, True, True, True, True, True, True, True, True, True, True, True, True, True, True, True, True, False, True, True, True, True, True, True, True, True, False, False, True, True, False, False, False, True, True, False, True, True, False]"
19,0.9999983659484507,"[True, True, True, True, True, True, True, True, True, True, True, True, True, True, True, True, True, True, True, True, True, True, False, True, False, True, False, False, False, False, True, False, False, False, True, False, True, True, False, True]"
19,0.9615243029166961,"[True, True, True, True, True, True, True, False, True, True, True, True, True, True, True, True, False, True, False, True, True, True, True, False, True, True, False, True, False, False, True, True, False, False, True, False, True, True, True, True]"
19,0.9999331742216109,"[True, True, True, True, True, True, True, True, True, True, True, True, True, True, True, True, True, False, False, False, True, True, True, True, True, True, True, False, False, False, False, True, True, False, True, False, True, True, True, False]"
19,0.9999912124423715,"[True, True, True, True, True, True, True, True, True, True, True, True, True, True, True, True, True, True, True, True, False, False, False, True, False, True, False, False, False, False, False, True, True, True, False, False, False, False, False, True]"
19,0.5136252058264682,"[True, True, True, False, True, True, True, True, False, True, True, True, True, True, True, True, True, True, False, True, True, True, True, False, True, True, False, False, False, False, True, True, True, False, True, False, True, True, True, True]"
19,0.9999992635278143,"[True, True, True, True, True, True, True, True, True, True, True, True, True, True, True, True, True, True, True, True, True, True, True, False, True, True, False, False, False, False, True, True, True, False, True, False, True, True, True, True]"
19,0.05631213878188747,"[True, False, True, True, True, True, True, True, True, True, True, True, True, True, True, True, True, True, True, False, False, False, False, True, False, True, False, False, False, False, False, True, False, True, True, False, False, False, False, True]"
19,0.5230843518700363,"[True, True, True, False, True, True, True, True, True, True, True, False, True, True, True, True, True, True, False, True, True, True, False, False, False, False, False, True, True, False, True, True, False, True, True, False, False, True, True, True]"
19,0.9999876558971607,"[True, True, True, True, True, True, True, True, True, True, True, True, True, True, True, True, True, True, True, False, True, False, True, True, False, True, False, False, True, False, True, False, False, False, True, True, False, True, True, True]"
19,0.5244536007172351,"[True, True, True, False, True, True, True, True, True, True, True, True, True, True, True, True, True, True, True, False, True, False, True, True, False, True, True, False, False, False, True, False, False, False, True, True, False, True, True, True]"
19,0.9993659272199389,"[True, True, True, True, True, True, True, True, True, True, True, True, True, False, True, True, True, True, False, True, False, True, True, True, True, True, True, False, False, True, True, False, False, False, False, True, False, False, True, True]"
19,0.9615984266063083,"[True, True, True, True, True, True, True, False, True, True, True, True, True, True, True, True, True, True, False, True, True, True, True, True, True, False, True, False, False, True, True, False, False, False, True, True, False, False, False, True]"
19,0.7279626100899548,"[True, True, True, True, False, True, True, True, True, True, True, True, True, True, True, True, True, True, True, False, False, False, False, True, True, True, False, False, False, False, False, True, False, True, True, False, False, False, False, True]"
19,0.9999900976295221,"[True, True, True, True, True, True, True, True, True, True, True, True, True, True, True, True, True, True, True, False, True, True, True, True, False, True, True, False, False, False, True, False, True, True, True, True, False, False, False, True]"
19,0.999981674942458,"[True, True, True, True, True, True, True, True, True, True, True, True, True, True, True, True, True, True, True, False, False, False, False, True, False, True, False, False, False, False, False, True, False, True, True, False, False, False, False, True]"
19,0.9993700136548305,"[True, True, True, True, True, True, True, True, True, True, True, True, True, False, True, True, True, True, False, True, True, True, True, False, True, True, False, False, False, False, True, False, False, False, True, False, True, True, True, True]"
19,0.2572563541013831,"[True, True, False, True, True, True, True, True, False, True, True, True, True, True, True, True, True, True, False, True, True, True, True, True, True, True, True, False, True, True, False, False, False, False, False, True, False, False, False, True]"
19,0.9999999614465203,"[True, True, True, True, True, True, True, True, True, True, True, True, True, True, True, True, True, True, True, True, True, True, True, True, True, True, True, False, True, True, True, True, False, True, True, True, False, False, False, False]"
19,0.9993706951893242,"[True, True, True, True, True, True, True, True, True, True, True, True, True, False, True, True, True, True, False, True, True, True, True, True, True, True, True, False, False, True, True, True, False, False, False, True, False, False, False, True]"
19,0.9999420526560069,"[True, True, True, True, True, True, True, True, True, True, True, True, True, True, True, True, True, False, False, True, True, True, True, False, True, True, False, False, False, True, True, True, False, False, True, False, False, True, True, True]"
19,0.9999995580493275,"[True, True, True, True, True, True, True, True, True, True, True, True, True, True, True, True, True, True, True, True, True, True, True, True, False, True, False, False, False, False, True, False, False, False, True, False, True, True, True, False]"
19,0.997540503660779,"[True, True, True, True, True, True, True, True, True, True, True, False, True, True, True, True, True, True, False, True, True, True, False, True, False, False, False, True, False, False, True, True, False, True, True, False, False, True, True, True]"
19,0.9245481299248262,"[True, True, True, True, True, True, False, True, True, True, True, True, True, True, True, True, True, True, True, False, False, False, False, True, False, True, True, False, False, False, False, True, False, True, True, False, False, False, True, True]"
19,0.9945013766186532,"[True, True, True, True, True, True, True, True, True, True, False, True, True, False, True, True, True, True, False, True, True, True, True, True, True, True, True, False, True, True, True, True, False, False, True, True, False, True, False, True]"
19,0.9996757471779584,"[True, True, True, True, True, True, True, True, True, True, True, True, True, True, False, True, True, True, False, True, True, True, True, True, True, True, True, False, True, False, True, False, False, False, True, False, False, True, False, True]"
19,0.2628863527914593,"[True, True, False, True, True, True, True, True, True, True, True, True, True, False, True, True, True, True, False, True, True, True, True, True, True, True, False, False, False, False, True, False, False, True, True, False, True, True, True, True]"
19,0.9949565695638238,"[True, True, True, True, True, True, True, True, True, True, False, True, True, True, True, False, True, True, False, True, True, True, True, True, False, True, False, False, False, False, True, True, False, False, True, True, False, True, True, True]"
19,0.9993700112914851,"[True, True, True, True, True, True, True, True, True, True, True, True, True, False, True, True, True, True, False, True, True, True, True, False, True, True, False, False, False, False, False, True, False, False, True, False, True, False, True, True]"
19,0.9245435301771894,"[True, True, True, True, True, True, False, True, True, True, True, True, True, True, True, True, True, True, False, True, True, False, False, True, False, False, False, True, True, False, False, True, False, True, False, False, False, True, True, True]"
19,0.9999808663061598,"[True, True, True, True, True, True, True, True, True, True, True, True, True, True, True, True, True, True, False, True, True, True, True, True, True, True, True, False, False, True, True, False, False, False, False, True, False, False, False, True]"
19,0.26307289045365595,"[True, True, False, True, True, True, True, True, True, True, True, True, True, True, True, True, True, True, True, True, False, False, False, True, False, False, False, False, False, False, True, True, False, True, True, False, False, False, False, True]"
19,0.9999801098926997,"[True, True, True, True, True, True, True, True, True, True, True, True, True, True, True, True, True, True, False, True, True, True, True, False, True, False, True, False, False, False, False, True, False, False, True, False, True, True, True, True]"
19,0.7270447764901572,"[True, True, True, True, False, True, True, True, True, True, True, True, False, True, True, True, True, True, False, True, True, True, True, True, False, True, True, False, False, False, True, False, True, False, True, True, False, False, False, False]"
19,0.9999352173259252,"[True, True, True, True, True, True, True, True, True, True, True, True, True, True, True, True, True, False, False, True, False, False, True, True, False, True, False, False, True, True, True, True, False, False, True, True, True, True, False, True]"
19,0.9806388782459948,"[True, True, True, True, True, True, True, True, False, True, True, True, True, True, True, True, True, True, True, True, True, True, True, False, True, True, True, False, False, True, True, True, False, True, False, True, False, False, False, True]"
19,0.9806207228119176,"[True, True, True, True, True, True, True, True, False, True, True, True, True, True, True, True, True, True, False, True, True, True, True, True, True, True, True, False, False, True, True, True, False, False, True, False, False, False, False, True]"
19,0.9975215966499481,"[True, True, True, True, True, True, True, True, True, True, True, False, True, True, True, True, True, False, True, True, True, True, False, True, False, True, False, False, True, False, False, False, True, True, False, True, False, False, False, True]"
19,0.9999840590914857,"[True, True, True, True, True, True, True, True, True, True, True, True, True, True, True, True, True, True, True, False, False, True, False, True, False, True, False, False, False, False, False, True, False, True, True, False, False, False, False, True]"
19,0.7273682458098474,"[True, True, True, True, False, True, True, True, True, True, True, True, True, False, True, False, True, False, True, True, False, False, True, False, False, True, False, False, False, False, False, True, True, True, False, False, False, False, False, True]"
19,0.0009765248803541695,"[False, True, True, True, True, True, True, True, True, True, True, True, True, True, True, True, True, True, False, True, True, True, True, True, True, False, True, False, True, True, True, True, False, False, True, True, False, True, False, True]"
19,0.7279599833938488,"[True, True, True, True, False, True, True, True, True, True, True, True, True, True, True, True, True, True, False, True, True, False, True, True, True, True, True, False, False, True, False, False, False, False, False, True, False, False, False, False]"
19,0.9999802915519344,"[True, True, True, True, True, True, True, True, True, True, True, True, True, True, True, True, True, True, False, True, True, True, True, False, True, True, True, False, True, True, True, True, False, False, True, True, False, True, False, True]"
19,0.2594144572251083,"[True, True, False, True, True, True, True, True, True, False, True, False, True, True, True, True, True, False, True, True, False, False, False, True, False, True, False, False, False, False, False, True, False, True, False, False, True, True, False, True]"
19,0.9999805814209818,"[True, True, True, True, True, True, True, True, True, True, True, True, True, True, True, True, True, True, False, True, True, True, True, True, False, True, True, False, True, False, True, True, True, False, True, True, False, True, False, True]"
19,0.9999801896357705,"[True, True, True, True, True, True, True, True, True, True, True, True, True, True, True, True, True, True, False, True, True, True, True, False, True, True, False, False, False, False, True, True, False, True, True, False, True, True, True, True]"
19,0.9999786013236777,"[True, True, True, True, True, True, True, True, True, True, True, True, True, True, True, True, True, True, False, True, True, True, False, False, False, False, False, True, True, False, False, True, False, False, True, True, True, True, True, True]"
19,0.2630695750330543,"[True, True, False, True, True, True, True, True, True, True, True, True, True, True, True, True, True, True, False, True, True, True, True, False, True, False, False, False, False, False, True, True, False, False, True, False, False, True, True, True]"
19,0.9998283512099505,"[True, True, True, True, True, True, True, True, True, True, True, True, True, True, True, False, True, True, False, True, True, True, True, True, True, True, True, True, True, True, True, True, True, False, True, True, False, True, False, True]"
19,0.9805644932003239,"[True, True, True, True, True, True, True, True, False, True, True, True, True, True, True, True, False, True, True, True, True, True, True, True, True, True, True, False, False, False, True, False, True, True, True, True, False, False, False, True]"
19,0.9999731857185505,"[True, True, True, True, True, True, True, True, True, True, True, True, True, True, True, True, True, True, False, True, False, False, True, True, False, False, False, False, False, False, True, True, False, False, True, True, False, True, True, False]"
19,0.999365865264159,"[True, True, True, True, True, True, True, True, True, True, True, True, True, False, True, True, True, True, False, True, False, True, True, True, True, True, False, False, True, False, True, True, False, True, True, True, False, False, True, True]"
19,0.9999786057619263,"[True, True, True, True, True, True, True, True, True, True, True, True, True, True, True, True, True, True, False, True, True, True, False, False, False, False, False, True, True, False, True, True, False, False, True, False, False, True, True, True]"
19,0.9993872893353126,"[True, True, True, True, True, True, True, True, True, True, True, True, True, False, True, True, True, True, True, True, True, False, True, True, True, True, False, False, False, False, True, False, False, False, True, False, True, True, True, True]"
19,0.9998467222990456,"[True, True, True, True, True, True, True, True, True, True, True, True, True, True, True, False, True, True, True, True, True, True, True, False, True, True, False, True, False, False, True, True, False, False, True, False, True, True, True, True]"
19,0.9998827398519142,"[True, True, True, True, True, True, True, True, True, True, True, True, True, True, True, True, False, False, True, True, True, False, True, True, False, True, False, False, False, False, True, False, False, True, True, True, True, True, False, True]"
19,0.6710471692167977,"[True, True, True, True, False, True, False, True, True, True, True, True, True, True, False, True, False, False, False, True, True, True, True, True, True, False, True, False, False, False, False, True, True, False, True, False, True, False, True, False]"
19,0.8500626260992142,"[True, True, True, True, True, False, True, True, True, True, False, True, True, True, True, True, True, True, True, True, True, True, True, True, True, True, False, False, False, True, True, False, False, False, True, True, True, True, True, True]"
19,0.9888877024454723,"[True, True, True, True, True, True, True, True, True, False, True, True, False, True, True, False, True, True, False, False, True, True, True, False, True, True, False, False, False, True, False, True, False, False, True, False, True, True, True, True]"
19,0.9987608013615747,"[True, True, True, True, True, True, True, True, True, True, True, True, False, True, True, True, True, True, False, True, True, True, True, True, True, True, False, False, True, True, True, True, False, False, True, True, False, True, False, True]"
19,0.999980866297065,"[True, True, True, True, True, True, True, True, True, True, True, True, True, True, True, True, True, True, False, True, True, True, True, True, True, True, True, False, False, True, True, False, False, False, False, True, False, False, False, False]"
19,0.9999952948664519,"[True, True, True, True, True, True, True, True, True, True, True, True, True, True, True, True, True, True, True, True, True, False, False, False, False, False, False, True, True, False, True, True, False, False, True, False, False, True, True, True]"
19,0.9902359773061208,"[True, True, True, True, True, True, True, True, True, False, True, True, True, True, True, True, True, False, True, True, True, False, True, False, False, True, False, False, False, False, True, True, False, True, True, True, True, False, False, True]"
19,0.5244382324911329,"[True, True, True, False, True, True, True, True, True, True, True, True, True, True, True, True, True, False, True, True, True, True, False, True, False, True, False, False, True, False, True, True, False, False, False, False, False, False, False, True]"
19,0.9999797431183027,"[True, True, True, True, True, True, True, True, True, True, True, True, True, True, True, True, True, True, False, True, True, True, True, False, False, False, False, False, False, False, True, True, True, False, True, False, False, True, True, True]"
19,0.8373601485781567,"[True, True, True, True, True, False, True, True, False, True, True, True, True, True, True, False, True, True, True, True, True, True, True, False, False, False, False, True, True, False, True, True, True, True, True, False, False, True, True, True]"
19,0.8516384653901867,"[True, True, True, True, True, False, True, True, True, True, True, False, True, False, True, True, True, True, True, True, False, False, False, True, False, True, False, False, False, False, False, True, True, True, False, False, False, False, False, True]"
19,0.25725345536578376,"[True, True, False, True, True, True, True, True, False, True, True, True, True, True, True, True, True, True, False, False, True, True, True, True, False, True, True, False, True, False, True, False, True, True, True, False, True, True, False, True]"
19,0.9999876372436317,"[True, True, True, True, True, True, True, True, True, True, True, True, True, True, True, True, True, True, True, False, True, False, True, True, False, True, False, False, False, False, True, False, False, False, True, True, False, True, False, False]"
19,0.4719220008189629,"[True, True, True, False, True, True, False, True, False, True, True, True, True, False, True, False, True, True, False, True, True, True, True, True, False, True, True, False, False, True, True, False, False, False, False, True, False, False, False, True]"
19,0.999928978864577,"[True, True, True, True, True, True, True, True, True, True, True, True, True, True, True, True, True, False, False, False, True, False, False, False, True, True, False, True, False, True, True, True, True, False, True, False, True, True, False, True]"
19,0.9999790070233349,"[True, True, True, True, True, True, True, True, True, True, True, True, True, True, True, True, True, True, False, True, True, True, False, False, True, True, False, False, False, True, True, True, False, True, True, True, True, True, True, True]"
19,0.9999229707245162,"[True, True, True, True, True, True, True, True, True, True, True, True, True, True, True, True, False, True, True, True, True, True, True, False, True, True, False, False, False, False, True, True, False, False, False, False, False, True, True, True]"
19,0.9245472942450145,"[True, True, True, True, True, True, False, True, True, True, True, True, True, True, True, True, True, True, False, True, True, True, True, True, True, True, True, False, False, False, False, False, False, False, True, True, False, True, False, True]"
19,0.9854288540025101,"[True, True, True, True, True, True, True, True, True, False, False, True, True, True, True, True, True, True, False, True, True, True, True, True, True, True, True, False, False, False, True, False, False, False, True, True, False, False, True, True]"
19,0.9998425063257678,"[True, True, True, True, True, True, True, True, True, True, True, True, True, True, True, False, True, True, True, True, False, True, True, True, True, True, False, False, False, False, False, False, False, False, True, False, True, True, True, True]"
step,fitness,genome
20,0.9999793844020003,"[True, True, True, True, True, True, True, True, True, True, True, True, True, True, True, True, True, True, False, True, True, True, False, True, False, True, True, False, True, False, False, True, True, False, False, True, False, True, False, True]"
20,0.9999422712143962,"[True, True, True, True, True, True, True, True, True, True, True, True, True, True, True, True, True, False, False, True, True, True, True, True, False, False, True, False, False, True, False, True, False, False, False, False, False, True, True, True]"
20,0.9902574628032403,"[True, True, True, True, True, True, True, True, True, False, True, True, True, True, True, True, True, True, False, True, True, True, True, False, True, False, True, False, False, False, False, True, False, False, True, False, True, True, True, True]"
20,0.9245651006706586,"[True, True, True, True, True, True, False, True, True, True, True, True, True, True, True, True, True, True, True, True, True, True, True, True, True, True, True, False, True, True, True, True, False, True, True, True, False, False, False, False]"
20,0.9999807921381465,"[True, True, True, True, True, True, True, True, True, True, True, True, True, True, True, True, True, True, False, True, True, True, True, True, True, True, False, False, False, True, True, False, False, False, True, True, False, True, True, False]"
20,0.9999808672247336,"[True, True, True, True, True, True, True, True, True, True, True, True, True, True, True, True, True, True, False, True, True, True, True, True, True, True, True, False, False, True, True, False, False, True, True, True, False, True, True, False]"
20,0.7278462742686083,"[True, True, True, True, False, True, True, True, True, True, True, True, True, True, True, False, True, True, False, True, True, True, False, True, True, True, True, True, True, True, True, True, True, False, True, True, False, True, True, True]"
20,0.9999802915519344,"[True, True, True, True, True, True, True, True, True, True, True, True, True, True, True, True, True, True, False, True, True, True, True, False, True, True, True, False, True, True, True, True, False, False, True, True, False, True, False, True]"
20,0.9996924175855068,"[True, True, True, True, True, True, True, True, True, True, True, True, True, True, False, True, True, True, True, True, True, False, True, True, True, True, True, False, False, True, False, False, False, False, False, True, False, False, False, True]"
20,0.9998466861789002,"[True, True, True, True, True, True, True, True, True, True, True, True, True, True, True, False, True, True, True, True, True, True, True, False, True, True, False, False, False, False, True, True, True, False, True, False, True, False, True, True]"
20,0.7270374164871125,"[True, True, True, True, False, True, True, True, True, True, True, True, False, True, True, True, True, True, False, False, True, True, True, False, True, True, True, False, True, True, True, True, False, False, True, True, False, True, False, True]"
20,0.9999807362597595,"[True, True, True, True, True, True, True, True, True, True, True, True, True, True, True, True, True, True, False, True, True, True, True, True, True, False, True, False, True, True, True, False, False, False, True, True, False, True, True, False]"
20,0.9239964867955966,"[True, True, True, True, True, True, False, True, True, True, True, True, True, False, True, True, True, True, True, True, True, True, True, True, True, True, True, False, False, True, True, True, False, False, False, True, False, False, False, True]"
20,0.9987608545258431,"[True, True, True, True, True, True, True, True, True, True, True, True, False, True, True, True, True, True, False, True, True, True, True, True, True, True, True, False, False, True, True, False, False, False, False, True, False, False, False, True]"
20,0.9999959900996652,"[True, True, True, True, True, True, True, True, True, True, True, True, True, True, True, True, True, True, True, True, True, False, False, True, False, True, False, False, False, True, False, True, True, True, False, False, False, False, False, True]"
20,0.9999761026834351,"[True, True, True, True, True, True, True, True, True, True, True, True, True, True, True, True, True, True, False, True, False, True, True, True, True, True, True, False, True, False, False, False, False, False, False, True, False, False, False, True]"
20,0.9999731857185505,"[True, True, True, True, True, True, True, True, True, True, True, True, True, True, True, True, True, True, False, True, False, False, True, True, False, False, False, False, False, False, True, True, False, False, True, True, False, True, True, False]"
20,0.9979199667540587,"[True, True, True, True, True, True, True, True, True, True, True, True, False, False, True, False, False, True, False, True, True, False, True, True, False, False, False, False, False, False, True, True, False, False, True, True, False, True, True, False]"
20,0.9999992635278143,"[True, True, True, True, True, True, True, True, True, True, True, True, True, True, True, True, True, True, True, True, True, True, True, False, True, True, False, False, False, False, True, True, True, False, True, False, True, True, True, True]"
20,0.9998277168446429,"[True, True, True, True, True, True, True, True, True, True, True, True, True, True, True, False, True, True, False, True, True, True, True, False, True, True, True, False, True, True, True, True, False, False, True, True, False, True, False, True]"
20,0.2630719544174959,"[True, True, False, True, True, True, True, True, True, True, True, True, True, True, True, True, True, True, True, False, True, False, True, True, True, True, False, False, True, False, True, False, False, False, True, True, False, True, True, True]"
20,0.9999912112782275,"[True, True, True, True, True, True, True, True, True, True, True, True, True, True, True, True, True, True, True, True, False, False, False, True, False, True, False, False, False, False, False, True, False, True, False, False, False, False, False, True]"
20,0.9999983659484507,"[True, True, True, True, True, True, True, True, True, True, True, True, True, True, True, True, True, True, True, True, True, True, False, True, False, True, False, False, False, False, True, False, False, False, True, False, True, True, False, True]"
20,0.9902769929254331,"[True, True, True, True, True, True, True, True, True, False, True, True, True, True, True, True, True, True, True, True, True, True, True, True, True, False, True, False, True, True, True, True, False, True, True, True, True, False, False, False]"
20,0.05631203491103659,"[True, False, True, True, True, True, True, True, True, True, True, True, True, True, True, True, True, True, False, True, True, True, True, False, True, True, True, False, True, True, True, True, False, False, True, True, False, True, False, True]"
20,0.7277258223595283,"[True, True, True, True, False, True, True, True, True, True, True, True, True, True, False, True, True, True, False, True, False, False, False, True, False, False, False, False, False, False, True, True, False, False, True, True, False, True, True, False]"
20,0.8542676517074416,"[True, True, True, True, True, False, True, True, True, True, True, True, True, True, True, True, True, True, False, True, False, False, True, True, False, False, True, False, False, True, True, True, False, False, True, True, False, True, True, False]"
20,0.9239780859676561,"[True, True, True, True, True, True, False, True, True, True, True, True, True, False, True, True, True, True, False, True, True, True, True, False, True, True, False, False, False, False, False, True, False, False, True, False, True, False, True, True]"
20,0.9987224418436823,"[True, True, True, True, True, True, True, True, True, True, True, True, False, True, True, True, True, False, False, True, True, True, True, True, False, True, True, False, False, False, False, True, False, False, True, True, True, True, False, True]"
20,0.9999801246262502,"[True, True, True, True, True, True, True, True, True, True, True, True, True, True, True, True, True, True, False, True, True, True, True, False, True, False, True, False, False, True, True, True, True, False, False, False, False, False, True, True]"
20,0.9806393789387888,"[True, True, True, True, True, True, True, True, False, True, True, True, True, True, True, True, True, True, True, True, True, True, True, True, True, True, False, False, False, False, True, False, False, False, True, False, True, True, True, False]"
20,0.9998467176430751,"[True, True, True, True, True, True, True, True, True, True, True, True, True, True, True, False, True, True, True, True, True, True, True, False, True, True, False, True, False, False, False, True, False, False, True, False, True, True, True, True]"
20,0.9986938688320183,"[True, True, True, True, True, True, True, True, True, True, True, True, False, True, True, True, False, True, True, False, True, True, True, True, False, True, True, False, False, False, True, False, True, True, True, True, False, False, False, False]"
20,0.9999895388410979,"[True, True, True, True, True, True, True, True, True, True, True, True, True, True, True, True, True, True, True, False, True, True, True, False, False, True, True, True, False, False, True, False, True, True, True, True, False, False, False, True]"
20,0.7261287302788896,"[True, True, True, True, False, True, True, True, True, True, True, False, True, True, True, True, True, True, False, True, True, True, True, False, True, False, True, False, True, True, True, True, False, False, True, True, False, True, False, True]"
20,0.999980866642667,"[True, True, True, True, True, True, True, True, True, True, True, True, True, True, True, True, True, True, False, True, True, True, True, True, True, True, True, False, False, True, True, False, False, False, True, True, False, True, True, False]"
20,0.9154876091714944,"[True, True, True, True, True, True, False, True, True, False, True, True, True, True, True, True, True, True, False, True, True, True, True, True, True, True, True, False, False, True, False, False, False, False, False, True, False, False, True, True]"
20,0.9999427235554599,"[True, True, True, True, True, True, True, True, True, True, True, True, True, True, True, True, True, False, False, True, True, True, True, True, True, True, True, False, False, True, True, True, False, True, False, True, False, False, False, True]"
20,0.9999995580493275,"[True, True, True, True, True, True, True, True, True, True, True, True, True, True, True, True, True, True, True, True, True, True, True, True, False, True, False, False, False, False, True, False, False, False, True, False, True, True, True, False]"
20,0.8542801369225723,"[True, True, True, True, True, False, True, True, True, True, True, True, True, True, True, True, True, True, True, False, True, False, True, True, False, True, False, False, True, False, True, False, False, False, True, True, False, True, True, True]"
20,0.03679312435512628,"[True, False, True, True, False, True, True, True, True, True, True, True, True, True, True, True, True, True, False, True, True, True, True, False, True, True, True, False, True, True, True, True, False, False, True, True, False, True, False, True]"
20,0.999675163016483,"[True, True, True, True, True, True, True, True, True, True, True, True, True, True, False, True, True, True, False, True, True, True, True, False, True, True, True, False, True, True, True, True, False, False, True, False, True, True, False, True]"
20,0.999838632961708,"[True, True, True, True, True, True, True, True, True, True, True, True, True, True, True, False, True, True, True, True, False, False, False, True, False, True, False, False, False, False, False, False, False, True, False, True, True, False, False, True]"
20,0.0009575447231219506,"[False, True, True, True, True, True, True, True, True, False, True, True, True, True, True, True, True, False, False, True, True, True, True, False, True, True, True, False, False, True, True, True, False, False, True, False, True, False, True, True]"
20,0.9806086511756124,"[True, True, True, True, True, True, True, True, False, True, True, True, True, True, True, True, True, True, False, False, True, False, True, True, False, True, False, False, True, False, True, False, False, False, True, True, True, True, True, True]"
20,0.9999992997620598,"[True, True, True, True, True, True, True, True, True, True, True, True, True, True, True, True, True, True, True, True, True, True, True, False, True, True, False, True, False, False, True, True, False, False, True, True, True, True, True, True]"
20,0.9999805907340449,"[True, True, True, True, True, True, True, True, True, True, True, True, True, True, True, True, True, True, False, True, True, True, True, True, False, True, True, False, True, True, True, True, True, False, True, True, False, True, False, True]"
20,0.7206559823220767,"[True, True, True, True, False, True, True, True, True, False, True, True, True, True, True, True, True, True, False, True, True, True, True, False, False, True, True, False, True, False, True, True, False, False, True, True, False, True, False, True]"
20,0.9999053843654079,"[True, True, True, True, True, True, True, True, True, True, True, True, True, True, True, True, False, True, True, False, False, False, False, True, False, True, False, False, False, False, False, True, False, False, True, False, True, False, False, True]"
20,0.9996181538786966,"[True, True, True, True, True, True, True, True, True, True, True, True, True, True, False, True, False, True, True, True, True, True, True, True, False, True, False, False, False, False, True, False, False, False, True, False, False, True, True, False]"
20,0.9998386356534213,"[True, True, True, True, True, True, True, True, True, True, True, True, True, True, True, False, True, True, True, True, False, False, False, True, False, True, False, False, False, False, False, True, True, False, False, False, False, False, False, True]"
20,0.8542749503872369,"[True, True, True, True, True, False, True, True, True, True, True, True, True, True, True, True, True, True, True, False, False, False, False, True, False, True, False, False, False, False, True, True, False, True, True, False, False, False, False, True]"
20,0.9951088553294885,"[True, True, True, True, True, True, True, True, True, True, False, True, True, True, True, True, True, True, False, True, True, True, True, True, True, True, True, False, False, True, True, True, False, False, True, True, True, True, True, False]"
20,0.9999900973384863,"[True, True, True, True, True, True, True, True, True, True, True, True, True, True, True, True, True, True, True, False, True, True, True, True, False, True, True, False, False, False, True, False, True, True, False, True, False, False, False, True]"
20,0.9902725159892511,"[True, True, True, True, True, True, True, True, True, False, True, True, True, True, True, True, True, True, True, True, True, False, False, False, False, False, False, True, True, False, True, True, True, False, True, False, False, True, True, True]"
20,0.9998419185118799,"[True, True, True, True, True, True, True, True, True, True, True, True, True, True, True, False, True, True, True, True, False, True, True, False, True, True, False, False, False, False, True, True, True, False, True, False, True, True, True, True]"
20,0.999210563779361,"[True, True, True, True, True, True, True, True, True, True, True, True, True, False, True, False, True, True, False, True, False, False, True, True, False, False, False, True, False, False, True, True, False, False, True, True, False, True, True, False]"
20,0.5244497711159094,"[True, True, True, False, True, True, True, True, True, True, True, True, True, True, True, True, True, True, False, True, True, True, True, True, True, True, True, False, False, True, True, False, False, False, False, False, False, False, False, True]"
20,0.9999982169370679,"[True, True, True, True, True, True, True, True, True, True, True, True, True, True, True, True, True, True, True, True, True, True, False, True, False, False, False, False, False, False, True, False, False, False, True, False, True, True, False, True]"
20,0.9993715010545452,"[True, True, True, True, True, True, True, True, True, True, True, True, True, False, True, True, True, True, True, False, False, False, False, True, False, True, False, False, False, False, False, True, False, True, True, False, False, False, False, True]"
20,0.0009759293047322864,"[False, True, True, True, True, True, True, True, True, True, True, True, True, True, False, True, True, True, False, True, True, True, True, True, True, True, True, False, True, True, True, False, False, False, True, True, True, True, True, False]"
20,0.9999912124423715,"[True, True, True, True, True, True, True, True, True, True, True, True, True, True, True, True, True, True, True, True, False, False, False, True, False, True, False, False, False, False, False, True, True, True, False, False, False, False, False, True]"
20,0.5244069230624923,"[True, True, True, False, True, True, True, True, True, True, True, True, True, True, True, True, False, True, False, True, True, True, True, True, False, True, True, False, False, False, True, True, True, False, True, True, False, True, False, True]"
20,0.9993659272199389,"[True, True, True, True, True, True, True, True, True, True, True, True, True, False, True, True, True, True, False, True, False, True, True, True, True, True, True, False, False, True, True, False, False, False, False, True, False, False, True, True]"
20,0.9999936012684505,"[True, True, True, True, True, True, True, True, True, True, True, True, True, True, True, True, True, True, True, True, False, True, False, True, False, True, False, False, False, False, True, True, True, True, False, False, False, False, False, True]"
20,0.9993678717205701,"[True, True, True, True, True, True, True, True, True, True, True, True, True, False, True, True, True, True, False, True, True, False, True, True, False, False, True, False, True, False, False, True, True, False, True, True, False, True, False, True]"
20,0.961616614892236,"[True, True, True, True, True, True, True, False, True, True, True, True, True, True, True, True, True, True, True, True, True, True, True, True, False, True, False, False, False, False, True, False, False, False, True, False, False, True, True, False]"
20,0.9999802268880099,"[True, True, True, True, True, True, True, True, True, True, True, True, True, True, True, True, True, True, False, True, True, True, True, False, True, True, False, True, False, False, True, True, False, True, True, False, True, True, True, True]"
20,0.9993872893353126,"[True, True, True, True, True, True, True, True, True, True, True, True, True, False, True, True, True, True, True, True, True, False, True, True, True, True, False, False, False, False, True, False, False, False, True, False, True, True, True, True]"
20,0.999978602269534,"[True, True, True, True, True, True, True, True, True, True, True, True, True, True, True, True, True, True, False, True, True, True, False, False, False, False, False, True, True, False, False, True, True, False, True, False, False, True, True, True]"
20,0.9987650903780319,"[True, True, True, True, True, True, True, True, True, True, True, True, False, True, True, True, True, True, True, False, False, True, True, True, False, False, False, False, False, False, True, True, False, True, True, False, False, False, False, True]"
20,0.9999801471449364,"[True, True, True, True, True, True, True, True, True, True, True, True, True, True, True, True, True, True, False, True, True, True, True, False, True, False, True, True, False, False, False, True, False, False, True, False, True, True, True, True]"
20,0.9999840561811444,"[True, True, True, True, True, True, True, True, True, True, True, True, True, True, True, True, True, True, True, False, False, True, False, True, False, True, False, False, False, False, False, False, False, False, True, False, False, False, False, True]"
20,0.9999876559699195,"[True, True, True, True, True, True, True, True, True, True, True, True, True, True, True, True, True, True, True, False, True, False, True, True, False, True, False, False, True, False, True, False, False, False, True, True, True, True, True, True]"
20,0.0009764452323689499,"[False, True, True, True, True, True, True, True, True, True, True, True, True, True, True, True, True, False, False, True, True, False, True, True, False, True, False, False, False, False, True, True, False, False, True, False, True, True, True, False]"
20,0.9999755710134898,"[True, True, True, True, True, True, True, True, True, True, True, True, True, True, True, True, True, True, False, True, False, True, True, True, False, False, False, False, False, False, True, True, True, False, True, True, False, True, True, False]"
20,0.9999808672247336,"[True, True, True, True, True, True, True, True, True, True, True, True, True, True, True, True, True, True, False, True, True, True, True, True, True, True, True, False, False, True, True, False, False, True, True, True, False, True, True, False]"
20,0.9999752723511314,"[True, True, True, True, True, True, True, True, True, True, True, True, True, True, True, True, True, True, False, True, False, True, True, False, True, False, False, False, False, False, True, True, False, True, True, False, True, True, True, True]"
20,0.26298379487630785,"[True, True, False, True, True, True, True, True, True, True, True, True, True, True, False, True, True, True, True, True, True, True, True, True, True, True, False, False, False, False, True, True, True, False, True, False, True, True, True, True]"
20,0.9998455687829559,"[True, True, True, True, True, True, True, True, True, True, True, True, True, True, True, False, True, True, True, True, True, True, False, False, True, True, True, False, False, False, True, True, True, False, True, False, True, True, True, True]"
20,0.9999906164644617,"[True, True, True, True, True, True, True, True, True, True, True, True, True, True, True, True, True, True, True, True, False, False, False, False, False, True, False, False, False, False, False, True, True, True, False, False, True, False, False, False]"
20,0.995109657403853,"[True, True, True, True, True, True, True, True, True, True, False, True, True, True, True, True, True, True, True, False, False, False, False, True, False, True, False, False, False, False, False, True, False, True, False, False, False, False, False, True]"
20,0.9999992634550549,"[True, True, True, True, True, True, True, True, True, True, True, True, True, True, True, True, True, True, True, True, True, True, True, False, True, True, False, False, False, False, True, True, True, False, True, False, False, True, True, True]"
20,0.9999191343119147,"[True, True, True, True, True, True, True, True, True, True, True, True, True, True, True, True, False, True, True, True, True, False, False, False, False, True, False, True, False, False, True, True, False, False, True, False, True, True, True, True]"
20,0.524453559022091,"[True, True, True, False, True, True, True, True, True, True, True, True, True, True, True, True, True, True, True, False, True, False, True, True, False, True, False, False, False, False, True, False, False, False, True, True, False, True, False, False]"
20,0.9999796611379479,"[True, True, True, True, True, True, True, True, True, True, True, True, True, True, True, True, True, True, False, True, True, True, False, True, True, True, True, False, False, False, False, False, False, True, True, True, False, False, False, True]"
20,0.9969258324815685,"[True, True, True, True, True, True, True, True, True, True, True, False, True, False, True, True, True, True, False, True, False, False, True, True, False, True, False, False, False, False, False, True, False, False, False, False, False, False, False, True]"
20,0.9999900976295221,"[True, True, True, True, True, True, True, True, True, True, True, True, True, True, True, True, True, True, True, False, True, True, True, True, False, True, True, False, False, False, True, False, True, True, True, True, False, False, False, True]"
20,0.9999901348820937,"[True, True, True, True, True, True, True, True, True, True, True, True, True, True, True, True, True, True, True, False, True, True, True, True, False, True, True, True, False, False, True, False, True, True, True, True, False, False, False, True]"
20,0.9999876477208941,"[True, True, True, True, True, True, True, True, True, True, True, True, True, True, True, True, True, True, True, False, True, False, True, True, False, True, False, False, False, True, True, False, True, False, True, True, False, True, False, False]"
20,0.9998291012091722,"[True, True, True, True, True, True, True, True, True, True, True, True, True, True, True, False, True, True, True, False, False, False, False, True, False, True, False, False, False, False, False, True, True, True, True, False, False, False, False, True]"
20,0.3695078540761716,"[True, True, True, False, False, True, True, True, True, False, True, True, True, True, False, True, True, False, False, True, True, True, True, True, False, False, True, False, False, True, True, True, False, False, True, True, False, False, False, True]"
20,0.9949753351951685,"[True, True, True, True, True, True, True, True, True, True, False, True, True, True, True, False, True, True, True, True, True, True, True, False, True, True, True, False, False, False, True, True, True, False, True, False, True, True, True, True]"
20,0.9999801843517006,"[True, True, True, True, True, True, True, True, True, True, True, True, True, True, True, True, True, True, False, True, True, True, True, False, True, True, False, False, False, False, False, True, False, False, True, False, True, False, True, False]"
20,0.0009651482304804575,"[False, True, True, True, True, True, True, True, True, True, False, True, True, False, False, True, False, True, True, True, True, True, True, True, False, True, False, False, False, False, True, True, False, False, False, False, True, True, True, True]"
20,0.9999992611540348,"[True, True, True, True, True, True, True, True, True, True, True, True, True, True, True, True, True, True, True, True, True, True, True, False, True, True, False, False, False, False, True, False, True, False, True, False, True, False, True, False]"
20,0.920008173809733,"[True, True, True, True, True, True, False, True, True, True, False, True, True, True, True, True, True, True, True, False, False, False, False, True, False, True, False, False, False, False, False, True, False, True, True, False, False, False, False, True]"
20,0.9999754213594371,"[True, True, True, True, True, True, True, True, True, True, True, True, True, True, True, True, True, True, False, True, False, True, True, False, True, True, False, False, False, False, True, True, False, True, True, False, True, True, True, True]"
20,0.9244161555600328,"[True, True, True, True, True, True, False, True, True, True, True, True, True, True, True, False, True, True, True, True, False, False, True, True, True, True, False, False, False, False, False, False, False, False, True, False, True, True, False, False]"
20,0.2630177446752658,"[True, True, False, True, True, True, True, True, True, True, True, True, True, True, True, False, True, False, True, True, True, True, False, True, False, True, False, False, False, False, True, False, False, False, True, False, True, True, True, True]"
step,fitness,genome
21,0.12535505963266855,"[True, True, False, False, True, True, True, True, True, True, True, True, True, True, True, False, True, True, False, True, True, True, True, True, True, True, False, False, False, True, True, False, False, False, True, True, False, True, True, False]"
21,0.9901592114468085,"[True, True, True, True, True, True, True, True, True, False, True, True, True, True, True, True, False, False, True, True, True, False, False, False, False, True, False, True, False, False, True, True, False, False, True, False, True, True, True, False]"
21,0.9999807359687262,"[True, True, True, True, True, True, True, True, True, True, True, True, True, True, True, True, True, True, False, True, True, True, True, True, True, False, True, False, True, True, True, False, False, False, False, True, False, True, True, False]"
21,0.9902659581287222,"[True, True, True, True, True, True, True, True, True, False, True, True, True, True, True, True, True, True, True, False, True, True, False, True, False, False, False, False, False, False, True, False, False, False, True, False, True, True, False, True]"
21,0.9999808695529999,"[True, True, True, True, True, True, True, True, True, True, True, True, True, True, True, True, True, True, False, True, True, True, True, True, True, True, True, False, False, True, True, True, False, True, True, True, False, True, True, False]"
21,0.056312587857929024,"[True, False, True, True, True, True, True, True, True, True, True, True, True, True, True, True, True, True, True, False, True, False, True, True, False, True, False, False, True, False, True, False, False, False, True, True, False, True, True, True]"
21,0.9999721381064749,"[True, True, True, True, True, True, True, True, True, True, True, True, True, True, True, True, True, True, False, True, False, False, False, True, False, True, False, False, False, False, False, True, False, True, False, False, False, False, False, True]"
21,0.9996679104311316,"[True, True, True, True, True, True, True, True, True, True, True, True, True, True, False, True, True, True, False, True, False, False, True, False, True, True, False, False, False, False, True, True, False, True, False, False, True, False, True, True]"
21,0.854158116600883,"[True, True, True, True, True, False, True, True, True, True, True, True, True, True, True, False, True, True, True, True, True, True, True, True, False, True, True, False, False, False, True, False, False, False, True, False, True, True, True, False]"
21,0.99998023620107,"[True, True, True, True, True, True, True, True, True, True, True, True, True, True, True, True, True, True, False, True, True, True, True, False, True, True, False, True, False, True, True, True, False, True, True, False, True, True, True, True]"
21,0.05631350390254894,"[True, False, True, True, True, True, True, True, True, True, True, True, True, True, True, True, True, True, True, True, True, True, True, True, True, True, False, False, False, False, True, False, False, False, True, False, True, True, True, False]"
21,0.9999912287403878,"[True, True, True, True, True, True, True, True, True, True, True, True, True, True, True, True, True, True, True, True, False, False, False, True, False, True, False, False, True, False, False, False, True, True, False, False, False, False, False, True]"
21,0.0009765245927364803,"[False, True, True, True, True, True, True, True, True, True, True, True, True, True, True, True, True, True, False, True, True, True, True, True, False, True, True, False, True, True, True, True, True, True, True, True, False, True, False, True]"
21,0.9951041061527841,"[True, True, True, True, True, True, True, True, True, True, False, True, True, True, True, True, True, True, False, True, False, True, True, True, True, True, True, False, False, True, True, False, False, True, True, True, False, True, True, False]"
21,0.9999983659484507,"[True, True, True, True, True, True, True, True, True, True, True, True, True, True, True, True, True, True, True, True, True, True, False, True, False, True, False, False, False, False, True, False, False, False, True, False, True, True, False, True]"
21,0.9999904674541182,"[True, True, True, True, True, True, True, True, True, True, True, True, True, True, True, True, True, True, True, True, False, False, False, False, False, False, False, False, False, False, False, True, True, True, False, False, True, False, False, False]"
21,0.7279731713892932,"[True, True, True, True, False, True, True, True, True, True, True, True, True, True, True, True, True, True, True, True, True, False, False, True, False, True, False, True, False, True, False, True, True, True, False, False, False, False, False, True]"
21,0.8458428529072073,"[True, True, True, True, True, False, True, True, True, False, True, True, True, True, True, True, True, True, True, False, True, False, True, True, False, True, False, False, False, True, True, False, True, False, True, True, False, True, False, False]"
21,0.9987758128645087,"[True, True, True, True, True, True, True, True, True, True, True, True, False, True, True, True, True, True, True, True, True, False, False, True, False, False, False, False, False, True, False, True, True, True, False, False, False, False, False, True]"
21,0.9806379148046478,"[True, True, True, True, True, True, True, True, False, True, True, True, True, True, True, True, True, True, True, True, True, True, False, True, False, True, False, False, False, False, True, False, False, False, True, False, True, True, False, True]"
21,0.9999807927202131,"[True, True, True, True, True, True, True, True, True, True, True, True, True, True, True, True, True, True, False, True, True, True, True, True, True, True, False, False, False, True, True, False, False, True, True, True, False, True, True, False]"
21,0.9710304976281404,"[True, True, True, True, True, True, True, True, False, False, True, True, True, True, True, True, True, False, False, True, True, True, True, True, True, True, False, False, False, True, False, False, False, False, True, True, False, True, True, False]"
21,0.7279756024229411,"[True, True, True, True, False, True, True, True, True, True, True, True, True, True, True, True, True, True, True, True, True, True, True, False, True, True, False, False, False, False, True, True, False, False, True, True, False, True, True, True]"
21,0.9999983659484507,"[True, True, True, True, True, True, True, True, True, True, True, True, True, True, True, True, True, True, True, True, True, True, False, True, False, True, False, False, False, False, True, False, False, False, True, False, True, True, False, True]"
21,0.9999998560088081,"[True, True, True, True, True, True, True, True, True, True, True, True, True, True, True, True, True, True, True, True, True, True, True, True, True, True, False, False, False, False, True, False, False, False, True, False, False, True, True, True]"
21,0.8521647722142873,"[True, True, True, True, True, False, True, True, True, True, True, False, True, True, True, True, True, True, True, False, True, True, False, True, False, True, False, False, False, True, True, False, True, False, True, True, False, True, False, True]"
21,0.9999915139557113,"[True, True, True, True, True, True, True, True, True, True, True, True, True, True, True, True, True, True, True, True, False, False, False, True, True, True, False, False, False, False, True, True, False, True, False, False, False, False, False, True]"
21,0.9999864551598644,"[True, True, True, True, True, True, True, True, True, True, True, True, True, True, True, True, True, True, True, False, True, False, False, True, False, True, False, False, False, True, True, False, False, True, True, True, True, True, True, True]"
21,0.9999760983634282,"[True, True, True, True, True, True, True, True, True, True, True, True, True, True, True, True, True, True, False, True, False, True, True, True, True, True, True, False, False, True, True, False, False, False, True, True, False, True, True, False]"
21,0.99999929974387,"[True, True, True, True, True, True, True, True, True, True, True, True, True, True, True, True, True, True, True, True, True, True, True, False, True, True, False, True, False, False, True, True, False, False, True, True, True, True, False, True]"
21,0.9902495619625743,"[True, True, True, True, True, True, True, True, True, False, True, True, True, True, True, True, True, True, False, True, False, False, False, True, False, True, False, False, False, False, False, True, True, True, False, False, False, False, False, True]"
21,0.9999372758854391,"[True, True, True, True, True, True, True, True, True, True, True, True, True, True, True, True, True, False, False, True, False, True, True, False, True, True, False, False, False, False, True, True, False, True, True, False, True, True, True, True]"
21,0.9902613745426243,"[True, True, True, True, True, True, True, True, True, False, True, True, True, True, True, True, True, True, True, False, False, True, False, True, False, True, False, False, False, False, False, False, False, False, True, False, False, False, False, True]"
21,0.0008342476611216917,"[False, True, True, True, True, True, False, True, True, True, True, True, True, True, True, True, True, True, True, False, True, False, True, True, False, True, True, True, False, True, True, False, True, True, True, True, False, True, False, False]"
21,0.9999936012684505,"[True, True, True, True, True, True, True, True, True, True, True, True, True, True, True, True, True, True, True, True, False, True, False, True, False, True, False, False, False, False, True, True, True, True, False, False, False, False, False, True]"
21,0.9995359348081073,"[True, True, True, True, True, True, True, True, True, True, True, True, True, True, False, False, True, True, True, True, False, True, False, True, False, True, False, False, False, False, True, True, True, True, True, False, False, False, False, True]"
21,0.44331334111113346,"[True, True, True, False, True, False, True, True, True, True, True, True, True, True, True, True, True, True, False, True, True, True, False, True, True, True, True, False, False, True, True, False, False, False, True, True, False, True, True, False]"
21,0.99999896521379,"[True, True, True, True, True, True, True, True, True, True, True, True, True, True, True, True, True, True, True, True, True, True, True, False, False, True, False, False, False, False, True, True, True, False, False, False, True, True, True, True]"
21,0.9999983658756912,"[True, True, True, True, True, True, True, True, True, True, True, True, True, True, True, True, True, True, True, True, True, True, False, True, False, True, False, False, False, False, True, False, False, False, True, False, False, True, False, True]"
21,0.9999959901724246,"[True, True, True, True, True, True, True, True, True, True, True, True, True, True, True, True, True, True, True, True, True, False, False, True, False, True, False, False, False, True, False, True, True, True, False, False, True, False, False, True]"
21,0.9998386362354135,"[True, True, True, True, True, True, True, True, True, True, True, True, True, True, True, False, True, True, True, True, False, False, False, True, False, True, False, False, False, False, False, True, True, True, False, False, False, False, False, True]"
21,0.9999805764734171,"[True, True, True, True, True, True, True, True, True, True, True, True, True, True, True, True, True, True, False, True, True, True, True, True, False, True, True, False, True, False, False, True, True, False, False, True, False, True, False, True]"
21,0.9987705939775148,"[True, True, True, True, True, True, True, True, True, True, True, True, False, True, True, True, True, True, True, True, False, False, False, False, False, True, False, False, False, False, False, True, True, True, False, False, True, False, False, False]"
21,0.9999993183884998,"[True, True, True, True, True, True, True, True, True, True, True, True, True, True, True, True, True, True, True, True, True, True, True, False, True, True, False, True, True, False, True, True, False, False, True, True, True, True, True, True]"
21,0.9902668298297412,"[True, True, True, True, True, True, True, True, True, False, True, True, True, True, True, True, True, True, True, False, True, True, True, False, False, True, True, True, True, False, True, True, True, True, True, False, False, False, False, True]"
21,0.9999992613086488,"[True, True, True, True, True, True, True, True, True, True, True, True, True, True, True, True, True, True, True, True, True, True, True, False, True, True, False, False, False, False, True, False, True, False, True, True, True, False, True, True]"
21,0.9999801246262502,"[True, True, True, True, True, True, True, True, True, True, True, True, True, True, True, True, True, True, False, True, True, True, True, False, True, False, True, False, False, True, True, True, True, False, False, False, False, False, True, True]"
21,0.9992921821095729,"[True, True, True, True, True, True, True, True, True, True, True, True, True, False, True, True, False, True, False, True, True, True, False, False, False, False, False, True, True, False, False, True, True, False, True, False, False, True, True, True]"
21,0.9999755710134898,"[True, True, True, True, True, True, True, True, True, True, True, True, True, True, True, True, True, True, False, True, False, True, True, True, False, False, False, False, False, False, True, True, True, False, True, True, False, True, True, False]"
21,0.26306128590780065,"[True, True, False, True, True, True, True, True, True, True, True, True, True, True, True, True, True, False, True, True, False, False, False, False, False, True, False, False, False, False, False, True, True, False, False, False, True, False, False, False]"
21,0.9999995976305218,"[True, True, True, True, True, True, True, True, True, True, True, True, True, True, True, True, True, True, True, True, True, True, True, True, False, True, False, True, False, False, True, True, False, False, True, False, True, True, True, False]"
21,0.5242445320131454,"[True, True, True, False, True, True, True, True, True, True, True, True, True, True, False, True, False, True, True, True, True, False, False, False, False, True, False, False, False, False, True, True, True, False, False, False, True, True, True, True]"
21,0.2630754642882689,"[True, True, False, True, True, True, True, True, True, True, True, True, True, True, True, True, True, True, True, True, True, True, True, True, False, True, True, False, False, False, False, False, False, False, True, False, True, True, True, False]"
21,0.9993804370842643,"[True, True, True, True, True, True, True, True, True, True, True, True, True, False, True, True, True, True, True, True, False, False, False, False, False, True, False, False, False, False, False, True, True, False, False, False, True, False, False, False]"
21,0.7261366086492077,"[True, True, True, True, False, True, True, True, True, True, True, False, True, True, True, True, True, True, True, True, False, False, False, False, False, True, False, True, False, False, False, False, False, True, True, False, False, False, False, True]"
21,0.7278327485440617,"[True, True, True, True, False, True, True, True, True, True, True, True, True, True, True, False, True, False, True, True, True, True, True, True, True, True, False, False, True, False, True, True, True, True, False, False, False, True, True, True]"
21,0.9975358550343263,"[True, True, True, True, True, True, True, True, True, True, True, False, True, True, True, True, True, True, False, True, False, True, False, True, False, True, False, False, False, False, True, False, False, True, True, False, False, True, True, False]"
21,0.05631238488550058,"[True, False, True, True, True, True, True, True, True, True, True, True, True, True, True, True, True, True, True, False, False, True, True, False, True, True, False, False, False, False, False, True, False, False, True, False, True, False, False, True]"
21,0.8542817709029457,"[True, True, True, True, True, False, True, True, True, True, True, True, True, True, True, True, True, True, True, False, True, True, True, False, False, True, True, True, False, False, True, False, True, True, True, False, False, False, False, False]"
21,0.998779826864569,"[True, True, True, True, True, True, True, True, True, True, True, True, False, True, True, True, True, True, True, True, True, True, True, True, True, True, False, False, False, False, True, True, True, False, True, False, False, True, True, True]"
21,0.9245600064045946,"[True, True, True, True, True, True, False, True, True, True, True, True, True, True, True, True, True, True, True, True, False, True, True, False, True, True, False, False, False, False, True, True, False, True, True, False, True, True, True, True]"
21,0.9902644459149866,"[True, True, True, True, True, True, True, True, True, False, True, True, True, True, True, True, True, True, True, False, True, False, True, False, False, True, True, True, False, False, True, False, True, True, True, True, False, False, False, True]"
21,0.9902760032780332,"[True, True, True, True, True, True, True, True, True, False, True, True, True, True, True, True, True, True, True, True, True, True, True, False, False, False, False, False, False, False, True, False, True, False, True, False, True, False, True, False]"
21,0.8542895609150458,"[True, True, True, True, True, False, True, True, True, True, True, True, True, True, True, True, True, True, True, True, True, True, False, True, True, False, False, False, False, False, True, False, False, False, True, False, False, True, True, False]"
21,0.9999954253238271,"[True, True, True, True, True, True, True, True, True, True, True, True, True, True, True, True, True, True, True, True, True, False, False, False, False, True, False, True, False, False, True, True, False, False, True, False, True, True, True, True]"
21,0.9999715433029197,"[True, True, True, True, True, True, True, True, True, True, True, True, True, True, True, True, True, True, False, True, False, False, False, False, False, True, False, False, False, False, False, True, True, True, False, False, True, False, False, False]"
21,0.2630736512337361,"[True, True, False, True, True, True, True, True, True, True, True, True, True, True, True, True, True, True, True, True, False, True, False, True, False, True, False, False, False, False, True, False, False, False, True, False, True, True, True, False]"
21,0.7269729196491497,"[True, True, True, True, False, True, True, True, True, True, True, True, False, True, True, True, False, False, True, True, True, True, True, False, True, True, False, False, False, False, True, True, True, False, True, True, False, True, True, True]"
21,0.2630294910812145,"[True, True, False, True, True, True, True, True, True, True, True, True, True, True, True, False, True, True, True, True, True, True, True, False, True, True, False, True, False, False, False, True, False, False, True, False, True, True, True, True]"
21,0.9806297906970242,"[True, True, True, True, True, True, True, True, False, True, True, True, True, True, True, True, True, True, True, False, True, True, True, True, False, True, True, False, False, False, True, False, True, True, True, True, False, False, False, True]"
21,0.9999190970617235,"[True, True, True, True, True, True, True, True, True, True, True, True, True, True, True, True, False, True, True, True, True, False, False, False, False, True, False, False, False, False, True, True, False, False, True, False, True, True, True, True]"
21,0.88875158291412,"[True, True, True, True, True, True, False, False, True, True, True, True, True, True, True, True, True, False, False, True, True, True, True, True, True, True, True, False, False, True, True, False, False, True, True, True, False, True, True, False]"
21,0.9999867524973823,"[True, True, True, True, True, True, True, True, True, True, True, True, True, True, True, True, True, True, True, False, True, False, False, True, True, True, False, False, False, True, True, False, False, False, True, True, False, True, False, False]"
21,0.8542408784727261,"[True, True, True, True, True, False, True, True, True, True, True, True, True, True, True, True, True, False, False, True, True, True, True, True, False, True, True, False, False, True, False, False, True, False, True, True, False, True, True, False]"
21,0.26306980135210684,"[True, True, False, True, True, True, True, True, True, True, True, True, True, True, True, True, True, True, False, True, True, True, True, True, True, True, False, False, False, True, True, False, False, True, True, True, False, True, True, False]"
21,0.9975611433885886,"[True, True, True, True, True, True, True, True, True, True, True, False, True, True, True, True, True, True, True, True, True, True, True, True, True, True, False, False, False, True, True, True, True, False, True, False, True, True, True, True]"
21,0.9429213098749842,"[True, True, True, True, True, True, True, False, False, True, True, True, True, True, True, True, True, True, True, True, False, True, False, True, False, True, True, False, False, False, True, True, True, True, False, False, False, False, False, True]"
21,0.9999897700506881,"[True, True, True, True, True, True, True, True, True, True, True, True, True, True, True, True, True, True, True, False, True, True, True, False, True, True, False, True, False, True, True, False, False, False, True, True, True, True, True, True]"
21,0.9999968793370667,"[True, True, True, True, True, True, True, True, True, True, True, True, True, True, True, True, True, True, True, True, True, False, True, False, True, True, False, False, False, False, True, True, True, False, True, False, True, True, True, False]"
21,0.999835079960344,"[True, True, True, True, True, True, True, True, True, True, True, True, True, True, True, False, True, True, True, False, True, False, True, True, False, True, False, False, True, False, True, False, False, False, False, True, True, True, True, True]"
21,0.8542827063798194,"[True, True, True, True, True, False, True, True, True, True, True, True, True, True, True, True, True, True, True, True, False, False, False, False, False, True, False, False, False, False, False, True, True, True, False, True, True, False, False, False]"
21,0.9999427215455803,"[True, True, True, True, True, True, True, True, True, True, True, True, True, True, True, True, True, False, False, True, True, True, True, True, True, True, True, False, False, True, True, False, False, True, True, True, False, True, False, False]"
21,0.9993321236202098,"[True, True, True, True, True, True, True, True, True, True, True, True, True, False, True, True, True, False, False, True, True, True, True, True, False, False, True, False, False, True, True, True, False, False, False, False, False, True, True, True]"
21,0.7279612380644692,"[True, True, True, True, False, True, True, True, True, True, True, True, True, True, True, True, True, True, False, True, True, True, True, False, True, False, True, True, False, False, False, True, False, False, True, False, True, True, True, True]"
21,0.9996849664738141,"[True, True, True, True, True, True, True, True, True, True, True, True, True, True, False, True, True, True, True, False, True, True, True, True, False, True, True, False, False, False, True, False, True, True, True, True, False, False, False, True]"
21,0.9999992611631298,"[True, True, True, True, True, True, True, True, True, True, True, True, True, True, True, True, True, True, True, True, True, True, True, False, True, True, False, False, False, False, True, False, True, False, True, False, True, False, True, True]"
21,0.999971543739466,"[True, True, True, True, True, True, True, True, True, True, True, True, True, True, True, True, True, True, False, True, False, False, False, False, False, True, False, False, False, False, False, True, True, True, True, True, True, False, False, False]"
21,0.9999996636143406,"[True, True, True, True, True, True, True, True, True, True, True, True, True, True, True, True, True, True, True, True, True, True, True, True, False, True, True, False, True, True, True, True, True, False, False, False, False, True, False, True]"
21,0.999990690969641,"[True, True, True, True, True, True, True, True, True, True, True, True, True, True, True, True, True, True, True, True, False, False, False, False, False, True, True, False, False, False, False, True, True, True, False, False, True, False, False, False]"
21,0.5244603945318234,"[True, True, True, False, True, True, True, True, True, True, True, True, True, True, True, True, True, True, True, True, True, True, True, True, True, True, False, False, False, False, True, False, False, False, True, False, True, True, True, False]"
21,0.9245466147418754,"[True, True, True, True, True, True, False, True, True, True, True, True, True, True, True, True, True, True, False, True, True, True, True, False, True, False, True, False, False, True, True, True, False, False, False, False, False, False, True, True]"
21,0.9975447744300177,"[True, True, True, True, True, True, True, True, True, True, True, False, True, True, True, True, True, True, True, False, False, True, False, False, False, True, False, False, False, False, False, True, True, True, False, False, False, False, False, False]"
21,0.9999712556007716,"[True, True, True, True, True, True, True, True, True, True, True, True, True, True, True, True, True, True, False, False, True, True, True, True, True, True, False, False, False, True, True, False, False, False, True, True, False, True, True, False]"
21,0.9999045632710608,"[True, True, True, True, True, True, True, True, True, True, True, True, True, True, True, True, False, True, False, True, True, True, True, True, True, True, True, False, False, False, False, False, False, True, True, True, True, False, False, True]"
21,0.9227767811753969,"[True, True, True, True, True, True, False, True, True, True, True, True, False, False, True, True, False, True, True, False, True, False, False, True, False, True, True, False, False, False, True, False, True, True, False, True, False, False, False, True]"
21,0.9999959900996652,"[True, True, True, True, True, True, True, True, True, True, True, True, True, True, True, True, True, True, True, True, True, False, False, True, False, True, False, False, False, True, False, True, True, True, False, False, False, False, False, True]"
21,0.9926808670186629,"[True, True, True, True, True, True, True, True, True, True, False, False, True, True, True, True, True, True, False, True, True, True, True, True, True, True, True, False, False, True, True, False, False, True, True, True, False, True, True, False]"
21,0.0009765245915996517,"[False, True, True, True, True, True, True, True, True, True, True, True, True, True, True, True, True, True, False, True, True, True, True, True, False, True, True, False, True, True, True, True, True, False, True, True, False, True, False, True]"
21,0.9999995580493275,"[True, True, True, True, True, True, True, True, True, True, True, True, True, True, True, True, True, True, True, True, True, True, True, True, False, True, False, False, False, False, True, False, False, False, True, False, True, True, True, False]"
21,0.26010325509548987,"[True, True, False, True, True, True, True, True, True, False, True, True, True, True, True, False, True, True, True, False, False, False, False, True, False, False, False, False, False, False, False, True, True, True, True, False, False, False, False, True]"
step,fitness,genome
22,0.9993325713771727,"[True, True, True, True, True, True, True, True, True, True, True, True, True, False, True, True, True, False, False, True, True, True, True, True, True, True, True, False, False, True, True, True, False, True, True, True, False, True, False, False]"
22,0.9999995533199569,"[True, True, True, True, True, True, True, True, True, True, True, True, True, True, True, True, True, True, True, True, True, True, True, True, False, True, False, False, False, False, False, False, False, False, True, False, False, True, True, False]"
22,0.000976559018585988,"[False, True, True, True, True, True, True, True, True, True, True, True, True, True, True, True, True, True, True, True, True, True, False, True, False, False, False, False, False, False, True, False, False, True, True, False, True, True, False, True]"
22,0.9999959808592325,"[True, True, True, True, True, True, True, True, True, True, True, True, True, True, True, True, True, True, True, True, True, False, False, True, False, True, False, False, False, False, False, True, True, True, False, False, True, False, False, True]"
22,0.9799440482125343,"[True, True, True, True, True, True, True, True, False, True, True, True, True, False, True, True, False, True, False, True, True, True, False, False, False, False, False, True, True, False, False, True, True, False, True, False, False, False, True, True]"
22,0.9999983658756912,"[True, True, True, True, True, True, True, True, True, True, True, True, True, True, True, True, True, True, True, True, True, True, False, True, False, True, False, False, False, False, True, False, False, False, True, False, False, True, False, True]"
22,0.9245622286218613,"[True, True, True, True, True, True, False, True, True, True, True, True, True, True, True, True, True, True, True, True, True, False, True, False, True, True, False, False, False, False, True, True, True, False, True, False, True, True, True, False]"
22,0.999999261890725,"[True, True, True, True, True, True, True, True, True, True, True, True, True, True, True, True, True, True, True, True, True, True, True, False, True, True, False, False, False, False, True, False, True, True, True, True, True, False, True, True]"
22,0.9999858886608548,"[True, True, True, True, True, True, True, True, True, True, True, True, True, True, True, True, True, True, True, False, True, False, False, False, False, True, False, True, False, False, True, True, False, False, True, False, True, True, True, True]"
22,0.9987798326789427,"[True, True, True, True, True, True, True, True, True, True, True, True, False, True, True, True, True, True, True, True, True, True, True, True, True, True, False, False, False, True, True, False, False, False, True, False, False, True, True, True]"
22,0.9616169026090106,"[True, True, True, True, True, True, True, False, True, True, True, True, True, True, True, True, True, True, True, True, True, True, True, True, True, True, False, False, False, False, True, False, False, False, True, False, False, True, True, True]"
22,0.7279689933530463,"[True, True, True, True, False, True, True, True, True, True, True, True, True, True, True, True, True, True, True, True, False, False, False, False, False, False, False, False, False, False, False, True, True, True, False, False, True, False, False, False]"
22,0.9999998932617069,"[True, True, True, True, True, True, True, True, True, True, True, True, True, True, True, True, True, True, True, True, True, True, True, True, True, True, False, True, False, False, True, False, False, False, True, False, False, True, True, True]"
22,0.99999929974387,"[True, True, True, True, True, True, True, True, True, True, True, True, True, True, True, True, True, True, True, True, True, True, True, False, True, True, False, True, False, False, True, True, False, False, True, True, True, True, False, True]"
22,0.9999995976305218,"[True, True, True, True, True, True, True, True, True, True, True, True, True, True, True, True, True, True, True, True, True, True, True, True, False, True, False, True, False, False, True, True, False, False, True, False, True, True, True, False]"
22,0.5698411445615903,"[True, True, True, True, False, False, False, True, True, True, True, True, True, True, True, True, True, True, True, True, True, True, True, True, False, True, False, False, False, False, True, False, False, False, True, False, True, True, True, False]"
22,0.9999995580493275,"[True, True, True, True, True, True, True, True, True, True, True, True, True, True, True, True, True, True, True, True, True, True, True, True, False, True, False, False, False, False, True, False, False, False, True, False, True, True, True, False]"
22,0.9999995976305218,"[True, True, True, True, True, True, True, True, True, True, True, True, True, True, True, True, True, True, True, True, True, True, True, True, False, True, False, True, False, False, True, True, False, False, True, False, True, True, True, False]"
22,0.9806379101756418,"[True, True, True, True, True, True, True, True, False, True, True, True, True, True, True, True, True, True, True, True, True, True, False, True, False, True, False, False, False, False, False, False, False, False, True, False, False, True, True, True]"
22,0.9996884644952488,"[True, True, True, True, True, True, True, True, True, True, True, True, True, True, False, True, True, True, True, True, False, True, False, True, False, True, False, False, False, False, False, True, True, True, False, False, False, False, False, True]"
22,0.9996947966585448,"[True, True, True, True, True, True, True, True, True, True, True, True, True, True, False, True, True, True, True, True, True, True, True, True, True, True, True, False, False, False, True, False, False, False, True, False, False, True, True, True]"
22,0.9951268721304657,"[True, True, True, True, True, True, True, True, True, True, False, True, True, True, True, True, True, True, True, True, True, True, True, False, False, True, False, False, False, False, True, True, True, False, False, False, True, True, True, True]"
22,0.5244593949212478,"[True, True, True, False, True, True, True, True, True, True, True, True, True, True, True, True, True, True, True, True, True, True, False, False, True, True, False, False, False, False, True, False, True, False, True, True, True, False, True, True]"
22,0.9999983696228039,"[True, True, True, True, True, True, True, True, True, True, True, True, True, True, True, True, True, True, True, True, True, True, False, True, False, True, False, False, False, False, True, True, True, True, False, False, False, False, False, True]"
22,0.9999996618317315,"[True, True, True, True, True, True, True, True, True, True, True, True, True, True, True, True, True, True, True, True, True, True, True, True, False, True, True, False, True, True, True, False, True, True, False, False, False, False, False, True]"
22,0.0009765453733107619,"[False, True, True, True, True, True, True, True, True, True, True, True, True, True, True, True, True, True, True, True, False, False, False, True, False, True, False, False, True, False, False, True, True, True, False, False, False, True, False, True]"
22,0.7279727172397585,"[True, True, True, True, False, True, True, True, True, True, True, True, True, True, True, True, True, True, True, True, True, False, False, False, False, True, False, True, False, False, True, False, False, False, True, False, True, True, True, True]"
22,0.9986943903319702,"[True, True, True, True, True, True, True, True, True, True, True, True, False, True, True, True, False, True, True, True, False, False, False, False, False, True, False, False, False, False, True, True, False, False, True, False, True, True, True, True]"
22,0.9999930847785987,"[True, True, True, True, True, True, True, True, True, True, True, True, True, True, True, True, True, True, True, True, False, True, False, False, False, True, True, False, False, True, False, True, True, True, True, False, True, True, False, False]"
22,0.9993322784867803,"[True, True, True, True, True, True, True, True, True, True, True, True, True, False, True, True, True, False, False, True, True, True, True, True, False, True, True, False, True, False, False, True, True, False, False, True, False, True, False, True]"
22,0.9996370833666661,"[True, True, True, True, True, True, True, True, True, True, True, True, True, True, False, True, True, False, False, True, True, True, True, True, False, False, False, False, False, True, True, True, False, False, False, False, False, True, True, True]"
22,0.5234361879794988,"[True, True, True, False, True, True, True, True, True, True, True, True, False, False, True, True, True, True, True, True, True, True, False, True, False, True, True, True, False, False, True, False, False, False, True, True, True, True, False, True]"
22,0.05626708878215143,"[True, False, True, True, True, True, True, True, True, True, True, True, True, False, True, True, True, True, True, True, False, False, True, False, False, True, False, False, False, False, False, True, True, False, False, False, False, False, False, False]"
22,0.9806387945484909,"[True, True, True, True, True, True, True, True, False, True, True, True, True, True, True, True, True, True, True, True, True, True, True, False, True, True, False, False, False, False, True, False, True, False, True, True, True, False, True, True]"
22,0.7243002556752048,"[True, True, True, True, False, True, True, True, True, True, False, True, True, True, True, True, True, True, False, True, True, True, True, False, False, True, True, False, True, False, False, False, True, False, False, True, False, True, False, True]"
22,0.0009765617163871086,"[False, True, True, True, True, True, True, True, True, True, True, True, True, True, True, True, True, True, True, True, True, True, True, True, False, True, False, True, False, False, True, True, True, False, True, False, True, True, True, False]"
22,0.9902612268377119,"[True, True, True, True, True, True, True, True, True, False, True, True, True, True, True, True, True, True, True, False, False, True, False, True, False, False, False, False, False, False, False, False, False, False, True, False, False, False, False, True]"
22,0.9245613990071925,"[True, True, True, True, True, True, False, True, True, True, True, True, True, True, True, True, True, True, True, True, True, False, False, True, False, True, False, False, False, True, False, True, False, True, False, False, True, True, False, True]"
22,0.5244600617249664,"[True, True, True, False, True, True, True, True, True, True, True, True, True, True, True, True, True, True, True, True, True, True, True, False, True, True, False, False, False, False, True, False, True, False, True, False, True, False, True, True]"
22,0.9999801878531926,"[True, True, True, True, True, True, True, True, True, True, True, True, True, True, True, True, True, True, False, True, True, True, True, False, True, True, False, False, False, False, True, False, True, False, True, False, True, False, True, True]"
22,0.9999968781729167,"[True, True, True, True, True, True, True, True, True, True, True, True, True, True, True, True, True, True, True, True, True, False, True, False, True, True, False, False, False, False, True, True, False, False, True, False, True, True, True, False]"
22,0.9996941276363671,"[True, True, True, True, True, True, True, True, True, True, True, True, True, True, False, True, True, True, True, True, True, True, True, False, True, True, False, False, False, False, True, False, True, False, True, True, True, False, True, True]"
22,0.7279731434500338,"[True, True, True, True, False, True, True, True, True, True, True, True, True, True, True, True, True, True, True, True, True, False, False, True, False, True, False, False, False, True, False, True, True, True, False, False, True, False, False, True]"
22,0.9999936012684505,"[True, True, True, True, True, True, True, True, True, True, True, True, True, True, True, True, True, True, True, True, False, True, False, True, False, True, False, False, False, False, True, True, True, True, False, False, False, False, False, True]"
22,0.9999983659484507,"[True, True, True, True, True, True, True, True, True, True, True, True, True, True, True, True, True, True, True, True, True, True, False, True, False, True, False, False, False, False, True, False, False, False, True, False, True, True, False, True]"
22,0.26160526038143556,"[True, True, False, True, True, True, True, True, True, True, False, True, True, True, True, True, True, True, False, True, True, True, True, False, True, False, True, False, True, True, True, False, False, False, False, True, False, True, True, False]"
22,0.8542660246576195,"[True, True, True, True, True, False, True, True, True, True, True, True, True, True, True, True, True, True, False, True, False, False, False, False, False, False, False, False, False, False, False, True, True, True, True, True, True, False, False, False]"
22,0.9999986645533522,"[True, True, True, True, True, True, True, True, True, True, True, True, True, True, True, True, True, True, True, True, True, True, False, True, True, True, False, False, False, False, True, False, False, True, True, False, True, True, False, True]"
22,0.9999998525891085,"[True, True, True, True, True, True, True, True, True, True, True, True, True, True, True, True, True, True, True, True, True, True, True, True, True, True, False, False, False, False, False, False, True, False, True, False, True, True, True, True]"
22,0.000974180276261622,"[False, True, True, True, True, True, True, True, True, True, True, True, False, True, True, True, True, True, True, True, True, True, True, True, False, True, True, False, True, True, True, True, True, False, False, False, False, True, False, False]"
22,0.9997707400320827,"[True, True, True, True, True, True, True, True, True, True, True, True, True, True, True, False, False, True, True, True, True, True, True, True, False, True, False, True, False, False, True, True, False, True, True, False, True, True, True, False]"
22,0.9901101350974889,"[True, True, True, True, True, True, True, True, True, False, True, True, True, True, True, False, True, True, True, False, False, True, False, True, False, True, False, False, False, False, False, False, False, False, True, False, False, False, False, True]"
22,0.9951277563563077,"[True, True, True, True, True, True, True, True, True, True, False, True, True, True, True, True, True, True, True, True, True, True, True, True, True, True, False, False, False, False, False, True, False, False, False, False, False, False, False, True]"
22,0.2630669764548817,"[True, True, False, True, True, True, True, True, True, True, True, True, True, True, True, True, True, True, False, True, False, False, False, False, False, False, False, False, False, False, True, False, True, True, True, False, True, True, True, False]"
22,0.0009765204797159461,"[False, True, True, True, True, True, True, True, True, True, True, True, True, True, True, True, True, True, False, True, True, False, True, True, True, True, True, False, False, True, True, True, False, True, True, True, False, True, True, False]"
22,0.9999778890850373,"[True, True, True, True, True, True, True, True, True, True, True, True, True, True, True, True, True, True, False, True, True, False, True, False, True, True, True, False, False, True, True, True, False, True, False, True, False, True, True, False]"
22,0.99999929974387,"[True, True, True, True, True, True, True, True, True, True, True, True, True, True, True, True, True, True, True, True, True, True, True, False, True, True, False, True, False, False, True, True, False, False, True, True, True, True, False, True]"
22,0.5244592296043531,"[True, True, True, False, True, True, True, True, True, True, True, True, True, True, True, True, True, True, True, True, True, True, False, False, False, True, False, False, False, False, True, True, True, True, False, False, True, True, True, True]"
22,0.26307437276541923,"[True, True, False, True, True, True, True, True, True, True, True, True, True, True, True, True, True, True, True, True, True, False, False, True, False, True, False, False, True, False, False, False, True, True, True, False, True, False, False, True]"
22,0.9999733301701172,"[True, True, True, True, True, True, True, True, True, True, True, True, True, True, True, True, True, True, False, True, False, False, True, True, False, True, False, False, False, False, False, True, False, True, False, False, False, False, False, True]"
22,5.4980624278157786e-05,"[False, True, False, True, True, True, True, True, True, True, True, True, True, True, True, True, False, True, True, False, True, False, True, False, True, True, False, False, False, True, True, False, False, False, True, True, True, True, True, False]"
22,0.9993884819531522,"[True, True, True, True, True, True, True, True, True, True, True, True, True, False, True, True, True, True, True, True, True, True, False, True, True, True, False, False, False, False, True, False, True, False, True, True, False, False, False, True]"
22,0.9999950877117402,"[True, True, True, True, True, True, True, True, True, True, True, True, True, True, True, True, True, True, True, True, False, True, True, True, True, True, False, False, False, False, True, False, False, False, True, False, True, True, True, False]"
22,0.8542907576913629,"[True, True, True, True, True, False, True, True, True, True, True, True, True, True, True, True, True, True, True, True, True, True, True, True, True, True, False, True, False, False, True, False, False, True, True, False, True, True, True, False]"
22,0.0006042131148824038,"[False, True, True, True, True, False, False, True, True, True, True, True, True, True, True, True, True, True, True, True, False, False, False, False, False, True, False, True, False, True, True, True, False, False, True, False, True, True, True, True]"
22,0.9521570535324787,"[True, True, True, True, True, True, True, False, True, False, True, True, True, True, True, True, False, True, True, True, True, True, True, False, True, False, False, False, False, False, True, False, False, False, True, True, True, False, True, True]"
22,0.9999994090468797,"[True, True, True, True, True, True, True, True, True, True, True, True, True, True, True, True, True, True, True, True, True, True, True, True, False, False, False, False, False, False, True, False, False, False, True, False, True, True, True, True]"
22,0.9187413469218728,"[True, True, True, True, True, True, False, True, True, True, False, True, False, True, True, False, True, True, True, False, True, True, False, False, True, True, False, True, False, True, True, False, False, False, True, True, True, True, False, True]"
22,0.8458443908583845,"[True, True, True, True, True, False, True, True, True, False, True, True, True, True, True, True, True, True, True, False, True, True, True, False, False, True, False, False, False, True, True, False, True, False, True, False, True, False, True, True]"
22,0.05630203628809171,"[True, False, True, True, True, True, True, True, True, True, True, True, True, True, True, False, True, True, True, True, True, True, True, True, False, True, True, True, True, True, True, True, True, False, False, False, False, True, False, True]"
22,0.7279158139038131,"[True, True, True, True, False, True, True, True, True, True, True, True, True, True, True, True, False, True, True, True, True, False, False, True, False, True, False, False, False, True, False, True, True, True, False, False, True, False, False, True]"
22,0.18179081204214836,"[True, True, False, True, False, True, True, True, True, True, False, True, True, True, True, True, False, True, False, True, False, True, True, False, True, True, False, True, True, False, True, True, False, False, True, True, True, True, True, True]"
22,0.9757761990606577,"[True, True, True, True, True, True, True, True, False, True, False, True, True, True, True, True, False, True, True, True, True, True, False, True, False, True, False, False, False, True, True, False, False, False, True, False, True, True, False, True]"
22,0.9999807359687262,"[True, True, True, True, True, True, True, True, True, True, True, True, True, True, True, True, True, True, False, True, True, True, True, True, True, False, True, False, True, True, True, False, False, False, False, True, False, True, True, False]"
22,0.7279670975277184,"[True, True, True, True, False, True, True, True, True, True, True, True, True, True, True, True, True, True, True, False, True, False, True, True, True, True, False, False, False, True, True, False, False, False, True, True, False, True, True, False]"
22,0.9951081141770369,"[True, True, True, True, True, True, True, True, True, True, False, True, True, True, True, True, True, True, False, True, True, True, True, False, True, False, True, False, False, True, True, True, True, False, False, False, False, False, True, True]"
22,0.8046540477778125,"[True, True, True, True, True, False, True, False, False, True, True, True, True, True, True, False, True, True, True, True, True, True, False, True, False, True, False, False, False, False, True, False, False, True, True, False, True, True, False, True]"
22,0.9999947920181694,"[True, True, True, True, True, True, True, True, True, True, True, True, True, True, True, True, True, True, True, True, False, True, True, True, False, True, False, False, False, False, True, True, False, False, True, False, True, True, True, False]"
22,0.4823574776760938,"[True, True, True, False, True, True, False, True, True, True, True, True, True, True, True, True, True, True, True, True, True, True, False, False, True, True, False, False, False, False, True, False, True, False, True, True, True, False, True, True]"
22,0.9999968793370667,"[True, True, True, True, True, True, True, True, True, True, True, True, True, True, True, True, True, True, True, True, True, False, True, False, True, True, False, False, False, False, True, True, True, False, True, False, True, True, True, False]"
22,0.9902746762608405,"[True, True, True, True, True, True, True, True, True, False, True, True, True, True, True, True, True, True, True, True, True, False, True, True, True, True, False, False, False, False, True, True, True, False, True, False, True, True, True, False]"
22,0.9996944927343944,"[True, True, True, True, True, True, True, True, True, True, True, True, True, True, False, True, True, True, True, True, True, True, True, True, False, True, False, True, True, True, True, True, True, False, False, True, False, True, False, True]"
22,0.9999962788450386,"[True, True, True, True, True, True, True, True, True, True, True, True, True, True, True, True, True, True, True, True, True, False, False, True, True, True, False, False, False, False, False, True, True, True, False, False, False, True, False, True]"
22,0.8542666778782211,"[True, True, True, True, True, False, True, True, True, True, True, True, True, True, True, True, True, True, False, True, False, False, False, True, False, True, False, False, False, True, False, True, False, True, False, False, False, False, False, True]"
22,0.9975520599592641,"[True, True, True, True, True, True, True, True, True, True, True, False, True, True, True, True, True, True, True, True, False, False, False, False, True, False, False, False, False, False, False, True, True, True, False, False, True, False, False, False]"
22,0.999993613055434,"[True, True, True, True, True, True, True, True, True, True, True, True, True, True, True, True, True, True, True, True, False, True, False, True, False, True, False, False, True, False, False, False, True, True, False, True, False, False, False, True]"
22,0.9902754113237343,"[True, True, True, True, True, True, True, True, True, False, True, True, True, True, True, True, True, True, True, True, True, True, False, True, False, False, False, False, False, False, True, False, False, False, True, False, True, True, False, True]"
22,0.9999513198077212,"[True, True, True, True, True, True, True, True, True, True, True, True, True, True, True, True, True, False, True, False, True, True, True, False, False, True, False, True, False, False, True, True, True, False, False, False, True, True, True, False]"
22,0.9999856991336772,"[True, True, True, True, True, True, True, True, True, True, True, True, True, True, True, True, True, True, True, False, True, False, False, False, False, False, False, False, False, False, False, True, True, True, False, False, True, False, False, False]"
22,0.9999915139557113,"[True, True, True, True, True, True, True, True, True, True, True, True, True, True, True, True, True, True, True, True, False, False, False, True, True, True, False, False, False, False, True, True, False, True, False, False, False, False, False, True]"
22,0.00025690913277267506,"[False, True, True, False, True, True, True, True, True, True, True, True, True, True, True, True, True, True, True, True, True, True, True, False, False, True, False, False, False, False, True, False, False, False, True, False, False, True, True, True]"
22,0.9999796003575313,"[True, True, True, True, True, True, True, True, True, True, True, True, True, True, True, True, True, True, False, True, True, True, False, True, True, True, False, False, False, True, True, False, False, True, False, True, False, True, True, False]"
22,0.8542793529062948,"[True, True, True, True, True, False, True, True, True, True, True, True, True, True, True, True, True, True, True, False, True, False, False, True, True, True, False, False, False, True, True, False, False, False, True, True, False, True, False, False]"
22,0.7206706373854306,"[True, True, True, True, False, True, True, True, True, False, True, True, True, True, True, True, True, True, True, True, True, True, True, True, False, True, True, False, True, True, True, True, True, True, False, False, False, True, False, True]"
22,0.9987795257436525,"[True, True, True, True, True, True, True, True, True, True, True, True, False, True, True, True, True, True, True, True, True, True, True, True, False, True, False, False, False, False, True, False, False, False, True, False, True, True, True, False]"
22,0.26307293693916767,"[True, True, False, True, True, True, True, True, True, True, True, True, True, True, True, True, True, True, True, True, False, False, False, True, False, True, False, False, False, True, False, True, True, True, False, False, True, False, False, True]"
22,0.9986187806751864,"[True, True, True, True, True, True, True, True, True, True, True, True, False, True, True, False, True, True, True, True, False, False, False, True, False, True, False, False, False, False, False, True, True, True, False, False, False, True, False, True]"
22,0.9999983656574128,"[True, True, True, True, True, True, True, True, True, True, True, True, True, True, True, True, True, True, True, True, True, True, False, True, False, True, False, False, False, False, True, False, False, False, False, False, True, True, False, True]"
22,0.9902667559769164,"[True, True, True, True, True, True, True, True, True, False, True, True, True, True, True, True, True, True, True, False, True, True, True, False, False, True, False, True, True, False, True, True, True, True, True, False, False, False, False, True]"
22,0.0005095063286240994,"[False, True, True, True, False, True, True, True, True, True, True, False, True, True, True, True, True, True, True, True, True, True, True, False, True, True, False, False, False, False, True, False, True, False, True, False, True, False, True, True]"
step,fitness,genome
23,0.7279695602616836,"[True, True, True, True, False, True, True, True, True, True, True, True, True, True, True, True, True, True, True, True, False, False, False, True, False, True, False, False, False, True, False, True, True, True, False, False, True, True, False, True]"
23,0.9999973193949293,"[True, True, True, True, True, True, True, True, True, True, True, True, True, True, True, True, True, True, True, True, True, False, True, True, True, False, False, False, False, False, False, False, True, False, True, False, True, True, True, True]"
23,0.9951275003246356,"[True, True, True, True, True, True, True, True, True, True, False, True, True, True, True, True, True, True, True, True, True, True, True, True, False, True, False, True, False, False, True, False, True, False, False, False, True, True, True, False]"
23,0.0005120015758382937,"[False, True, True, True, False, True, True, True, True, True, True, True, True, True, True, False, True, True, True, True, True, True, True, True, True, True, False, False, False, False, False, True, False, False, True, False, True, True, True, True]"
23,0.9782417333966248,"[True, True, True, True, True, True, True, True, False, True, True, False, True, True, True, True, True, True, True, True, True, True, False, True, False, True, False, False, False, False, True, False, True, False, False, False, True, True, False, True]"
23,0.8447950202343022,"[True, True, True, True, True, False, True, True, True, False, True, True, False, True, True, True, True, True, True, False, True, True, True, False, False, True, False, False, False, True, True, False, True, False, True, False, True, False, True, True]"
23,0.9245084872407037,"[True, True, True, True, True, True, False, True, True, True, True, True, True, True, True, True, True, False, False, True, True, False, True, False, False, False, False, False, False, False, False, True, False, False, False, False, False, True, True, False]"
23,0.44317402364117187,"[True, True, True, False, True, False, True, True, True, True, True, True, True, True, False, True, True, True, True, True, False, True, True, True, True, True, False, False, False, True, True, False, False, True, True, False, True, True, True, True]"
23,0.9996947966403599,"[True, True, True, True, True, True, True, True, True, True, True, True, True, True, False, True, True, True, True, True, True, True, True, True, True, True, True, False, False, False, True, False, False, False, True, False, False, True, False, True]"
23,0.5243732076787518,"[True, True, True, False, True, True, True, True, True, True, True, True, True, True, True, False, True, True, True, True, True, False, True, False, False, True, False, False, False, False, True, True, True, False, True, False, True, True, True, False]"
23,0.997561127117147,"[True, True, True, True, True, True, True, True, True, True, True, False, True, True, True, True, True, True, True, True, True, True, True, True, True, True, False, False, False, False, False, False, True, False, True, False, True, True, True, False]"
23,0.9999851039772589,"[True, True, True, True, True, True, True, True, True, True, True, True, True, True, True, True, True, True, True, False, False, True, True, True, False, False, False, False, False, False, True, False, False, False, True, False, True, False, False, True]"
23,0.9999996721363034,"[True, True, True, True, True, True, True, True, True, True, True, True, True, True, True, True, True, True, True, True, True, True, True, True, False, True, True, True, False, False, True, True, False, False, True, False, True, True, True, False]"
23,0.9998467222808582,"[True, True, True, True, True, True, True, True, True, True, True, True, True, True, True, False, True, True, True, True, True, True, True, False, True, True, False, True, False, False, True, True, False, False, True, False, True, True, False, True]"
23,0.9996936910809738,"[True, True, True, True, True, True, True, True, True, True, True, True, True, True, False, True, True, True, True, True, True, True, True, False, False, False, False, False, False, True, True, True, False, False, True, False, True, True, True, False]"
23,0.0009759541175127555,"[False, True, True, True, True, True, True, True, True, True, True, True, True, True, False, True, True, True, True, True, False, True, False, True, False, True, False, False, False, False, False, True, True, True, False, False, False, False, False, True]"
23,0.8541567720415141,"[True, True, True, True, True, False, True, True, True, True, True, True, True, True, True, False, True, True, True, True, True, True, False, False, True, True, False, False, True, False, False, False, True, False, True, False, True, False, True, True]"
23,0.0009764861367780635,"[False, True, True, True, True, True, True, True, True, True, True, True, True, True, True, True, True, False, True, True, True, True, True, False, False, True, True, False, False, True, True, False, True, True, True, True, False, True, False, True]"
23,0.9987795257436525,"[True, True, True, True, True, True, True, True, True, True, True, True, False, True, True, True, True, True, True, True, True, True, True, True, False, True, False, False, False, False, True, False, False, False, True, False, True, True, True, False]"
23,0.9999950877117402,"[True, True, True, True, True, True, True, True, True, True, True, True, True, True, True, True, True, True, True, True, False, True, True, True, True, True, False, False, False, False, True, False, False, False, True, False, True, True, True, False]"
23,0.9996947966585448,"[True, True, True, True, True, True, True, True, True, True, True, True, True, True, False, True, True, True, True, True, True, True, True, True, True, True, True, False, False, False, True, False, False, False, True, False, False, True, True, True]"
23,0.9998408850550673,"[True, True, True, True, True, True, True, True, True, True, True, True, True, True, True, False, True, True, True, True, False, True, False, True, False, False, False, False, False, True, True, True, True, True, False, False, False, False, False, True]"
23,0.9993871415330354,"[True, True, True, True, True, True, True, True, True, True, True, True, True, False, True, True, True, True, True, True, True, False, True, True, True, False, False, False, False, False, True, False, True, False, True, False, True, False, True, True]"
23,0.9999988137285039,"[True, True, True, True, True, True, True, True, True, True, True, True, True, True, True, True, True, True, True, True, True, True, True, False, False, False, False, False, False, False, True, False, False, True, True, True, True, True, True, True]"
23,0.0009765109931891268,"[False, True, True, True, True, True, True, True, True, True, True, True, True, True, True, True, True, True, False, True, False, False, True, True, True, True, False, False, False, False, False, True, False, True, False, False, False, False, True, True]"
23,0.9806385393542512,"[True, True, True, True, True, True, True, True, False, True, True, True, True, True, True, True, True, True, True, True, True, True, True, False, False, True, False, True, False, False, True, True, False, False, True, False, True, True, True, False]"
23,0.9522303419568902,"[True, True, True, True, True, True, True, False, True, False, True, True, True, True, True, True, True, True, True, True, True, True, True, True, False, False, False, False, False, False, True, False, False, False, True, False, True, True, True, True]"
23,0.9996944927343944,"[True, True, True, True, True, True, True, True, True, True, True, True, True, True, False, True, True, True, True, True, True, True, True, True, False, True, False, True, True, True, True, True, True, False, False, True, False, True, False, True]"
23,0.8542734785943074,"[True, True, True, True, True, False, True, True, True, True, True, True, True, True, True, True, True, True, False, True, True, True, True, False, False, True, True, False, True, False, True, False, True, True, True, True, True, False, True, True]"
23,0.9999995556118826,"[True, True, True, True, True, True, True, True, True, True, True, True, True, True, True, True, True, True, True, True, True, True, True, True, False, True, False, False, False, False, False, True, False, False, True, False, False, False, True, False]"
23,0.9616154677399122,"[True, True, True, True, True, True, True, False, True, True, True, True, True, True, True, True, True, True, True, True, True, True, False, True, False, True, False, False, False, False, True, True, True, True, False, False, True, False, False, True]"
23,0.05631267623510126,"[True, False, True, True, True, True, True, True, True, True, True, True, True, True, True, True, True, True, True, False, True, True, False, True, False, True, False, False, False, False, True, True, True, True, False, False, False, False, False, True]"
23,0.9999995556573573,"[True, True, True, True, True, True, True, True, True, True, True, True, True, True, True, True, True, True, True, True, True, True, True, True, False, True, False, False, False, False, False, True, False, False, True, False, False, True, True, True]"
23,0.9999996348834119,"[True, True, True, True, True, True, True, True, True, True, True, True, True, True, True, True, True, True, True, True, True, True, True, True, False, True, True, False, False, False, True, True, False, False, True, False, True, True, True, False]"
23,0.9616166506713479,"[True, True, True, True, True, True, True, False, True, True, True, True, True, True, True, True, True, True, True, True, True, True, True, True, False, True, False, True, False, False, True, False, False, False, False, True, False, False, False, True]"
23,0.9999605962223027,"[True, True, True, True, True, True, True, True, True, True, True, True, True, True, True, True, True, False, True, True, True, True, False, True, True, True, True, False, False, False, True, True, True, True, True, False, False, True, True, True]"
23,0.9993884813350362,"[True, True, True, True, True, True, True, True, True, True, True, True, True, False, True, True, True, True, True, True, True, True, False, True, True, True, False, False, False, False, True, False, False, True, True, False, True, True, False, True]"
23,0.9987792677218393,"[True, True, True, True, True, True, True, True, True, True, True, True, False, True, True, True, True, True, True, True, True, True, True, False, True, True, False, True, False, False, True, True, False, False, True, True, True, True, False, True]"
23,0.9999997442501193,"[True, True, True, True, True, True, True, True, True, True, True, True, True, True, True, True, True, True, True, True, True, True, True, True, True, False, False, True, False, False, True, False, False, False, True, False, False, True, True, True]"
23,0.9999999677675082,"[True, True, True, True, True, True, True, True, True, True, True, True, True, True, True, True, True, True, True, True, True, True, True, True, True, True, True, True, False, False, True, False, False, False, True, False, False, True, True, True]"
23,0.9999973193949293,"[True, True, True, True, True, True, True, True, True, True, True, True, True, True, True, True, True, True, True, True, True, False, True, True, True, False, False, False, False, False, False, False, True, False, True, False, True, True, True, True]"
23,0.999999597776041,"[True, True, True, True, True, True, True, True, True, True, True, True, True, True, True, True, True, True, True, True, True, True, True, True, False, True, False, True, False, False, True, True, False, False, True, True, True, True, True, False]"
23,0.9999927060401418,"[True, True, True, True, True, True, True, True, True, True, True, True, True, True, True, True, True, True, True, True, False, False, True, True, True, True, False, False, False, False, True, True, False, True, False, False, False, False, False, True]"
23,0.9990820943457799,"[True, True, True, True, True, True, True, True, True, True, True, True, True, False, False, True, True, True, True, True, True, False, True, True, False, True, False, True, True, True, True, True, True, False, False, True, False, True, False, True]"
23,0.9615772199283011,"[True, True, True, True, True, True, True, False, True, True, True, True, True, True, True, True, True, False, True, True, True, False, True, False, True, True, False, False, True, False, True, True, False, False, True, False, True, True, True, False]"
23,0.9999995580493275,"[True, True, True, True, True, True, True, True, True, True, True, True, True, True, True, True, True, True, True, True, True, True, True, True, False, True, False, False, False, False, True, False, False, False, True, False, True, True, True, False]"
23,0.5244496982834443,"[True, True, True, False, True, True, True, True, True, True, True, True, True, True, True, True, True, True, False, True, True, True, True, True, True, False, True, False, True, True, True, False, False, False, False, True, False, True, True, False]"
23,0.9999983656574128,"[True, True, True, True, True, True, True, True, True, True, True, True, True, True, True, True, True, True, True, True, True, True, False, True, False, True, False, False, False, False, True, False, False, False, False, False, True, True, False, True]"
23,0.000975667717949191,"[False, True, True, True, True, True, True, True, True, True, True, True, True, True, False, False, True, True, True, True, True, True, True, True, False, False, False, True, False, False, True, False, False, False, True, False, True, False, True, True]"
23,0.999985256133693,"[True, True, True, True, True, True, True, True, True, True, True, True, True, True, True, True, True, True, True, False, False, True, True, True, False, True, False, False, False, False, True, True, True, False, False, False, False, False, True, True]"
23,0.9999972134481522,"[True, True, True, True, True, True, True, True, True, True, True, True, True, True, True, True, True, True, True, True, True, False, True, True, False, True, False, True, False, False, True, True, False, False, True, False, True, True, True, False]"
23,0.9987795652087033,"[True, True, True, True, True, True, True, True, True, True, True, True, False, True, True, True, True, True, True, True, True, True, True, True, False, True, False, True, False, False, True, True, False, False, True, False, False, True, True, False]"
23,0.26234197912576485,"[True, True, False, True, True, True, True, True, True, True, True, False, True, True, True, True, True, True, True, True, True, True, False, True, False, True, False, False, False, False, True, False, False, False, False, False, True, True, False, False]"
23,0.9616166149712574,"[True, True, True, True, True, True, True, False, True, True, True, True, True, True, True, True, True, True, True, True, True, True, True, True, False, True, False, False, False, False, True, False, False, False, True, False, True, True, True, True]"
23,0.9610266897342666,"[True, True, True, True, True, True, True, False, True, True, True, True, True, False, True, True, True, True, True, True, True, True, False, True, True, True, False, False, False, False, True, False, True, False, False, True, False, False, False, True]"
23,0.9996935310449542,"[True, True, True, True, True, True, True, True, True, True, True, True, True, True, False, True, True, True, True, True, True, True, False, True, True, True, False, False, False, False, True, False, False, True, True, False, True, True, False, True]"
23,0.9999995580493275,"[True, True, True, True, True, True, True, True, True, True, True, True, True, True, True, True, True, True, True, True, True, True, True, True, False, True, False, False, False, False, True, False, False, False, True, False, True, True, True, False]"
23,0.9999950877117402,"[True, True, True, True, True, True, True, True, True, True, True, True, True, True, True, True, True, True, True, True, False, True, True, True, True, True, False, False, False, False, True, False, False, False, True, False, True, True, True, False]"
23,0.03298453189379018,"[True, False, True, True, False, True, False, True, True, True, True, True, True, True, True, True, True, True, True, True, False, True, False, True, False, True, False, False, True, False, False, False, True, True, False, True, False, False, False, True]"
23,0.05071498476867911,"[True, False, True, True, True, True, False, True, True, True, True, True, True, True, True, True, True, True, True, True, True, True, True, True, True, True, False, True, False, True, True, False, False, False, True, False, False, True, False, True]"
23,0.9999995576855297,"[True, True, True, True, True, True, True, True, True, True, True, True, True, True, True, True, True, True, True, True, True, True, True, True, False, True, False, False, False, False, True, False, False, False, False, False, False, True, True, False]"
23,0.9987735875686554,"[True, True, True, True, True, True, True, True, True, True, True, True, False, True, True, True, True, True, True, True, False, True, False, True, False, True, False, False, True, False, False, False, True, True, True, True, False, False, False, True]"
23,0.9902613745426243,"[True, True, True, True, True, True, True, True, True, False, True, True, True, True, True, True, True, True, True, False, False, True, False, True, False, True, False, False, False, False, False, False, False, False, True, False, False, False, False, True]"
23,0.9999983659484507,"[True, True, True, True, True, True, True, True, True, True, True, True, True, True, True, True, True, True, True, True, True, True, False, True, False, True, False, False, False, False, True, False, False, False, True, False, True, True, False, True]"
23,0.9996947966585448,"[True, True, True, True, True, True, True, True, True, True, True, True, True, True, False, True, True, True, True, True, True, True, True, True, True, True, True, False, False, False, True, False, False, False, True, False, False, True, True, True]"
23,0.9999983696591837,"[True, True, True, True, True, True, True, True, True, True, True, True, True, True, True, True, True, True, True, True, True, True, False, True, False, True, False, False, False, False, True, True, True, True, False, False, False, True, False, True]"
23,0.26307365233571894,"[True, True, False, True, True, True, True, True, True, True, True, True, True, True, True, True, True, True, True, True, False, True, False, True, False, True, False, False, False, False, True, True, True, True, False, False, False, False, False, True]"
23,0.2630738526587705,"[True, True, False, True, True, True, True, True, True, True, True, True, True, True, True, True, True, True, True, True, False, True, True, False, False, True, True, False, False, False, False, True, True, True, True, False, True, True, False, False]"
23,0.9999796003575313,"[True, True, True, True, True, True, True, True, True, True, True, True, True, True, True, True, True, True, False, True, True, True, False, True, True, True, False, False, False, True, True, False, False, True, False, True, False, True, True, False]"
23,0.9999983659484507,"[True, True, True, True, True, True, True, True, True, True, True, True, True, True, True, True, True, True, True, True, True, True, False, True, False, True, False, False, False, False, True, False, False, False, True, False, True, True, False, True]"
23,0.2630009151757385,"[True, True, False, True, True, True, True, True, True, True, True, True, True, True, True, False, False, True, False, True, True, True, True, True, False, True, False, True, False, False, True, True, False, True, True, False, False, True, True, False]"
23,0.9245556991947985,"[True, True, True, True, True, True, False, True, True, True, True, True, True, True, True, True, True, True, True, False, True, True, True, True, False, False, False, False, False, False, True, False, False, False, True, False, True, True, True, True]"
23,0.9616169121618164,"[True, True, True, True, True, True, True, False, True, True, True, True, True, True, True, True, True, True, True, True, True, True, True, True, True, True, False, False, False, True, True, False, False, True, True, False, False, True, True, True]"
23,0.0009694332636335627,"[False, True, True, True, True, True, True, True, True, True, True, False, False, True, True, True, True, True, True, True, True, True, True, True, True, True, False, True, False, False, True, False, False, False, True, False, False, True, True, True]"
23,0.05631341443772942,"[True, False, True, True, True, True, True, True, True, True, True, True, True, True, True, True, True, True, True, True, True, True, False, True, True, True, False, False, False, False, True, False, False, True, True, False, True, True, False, True]"
23,0.9999772055862961,"[True, True, True, True, True, True, True, True, True, True, True, True, True, True, True, True, True, True, False, True, True, False, False, True, True, True, False, False, False, False, False, True, True, True, False, False, False, True, False, True]"
23,0.9999968781001574,"[True, True, True, True, True, True, True, True, True, True, True, True, True, True, True, True, True, True, True, True, True, False, True, False, True, True, False, False, False, False, True, True, False, False, True, False, False, True, True, False]"
23,0.9999995580584224,"[True, True, True, True, True, True, True, True, True, True, True, True, True, True, True, True, True, True, True, True, True, True, True, True, False, True, False, False, False, False, True, False, False, False, True, False, True, True, True, True]"
23,0.9996935676511117,"[True, True, True, True, True, True, True, True, True, True, True, True, True, True, False, True, True, True, True, True, True, True, False, True, True, True, False, True, False, False, True, False, False, False, True, False, False, True, True, True]"
23,0.999384982694858,"[True, True, True, True, True, True, True, True, True, True, True, True, True, False, True, True, True, True, True, True, False, True, True, True, True, True, True, False, False, False, True, False, True, True, True, True, False, False, False, True]"
23,0.9999986604970107,"[True, True, True, True, True, True, True, True, True, True, True, True, True, True, True, True, True, True, True, True, True, True, False, True, True, True, False, False, False, False, False, False, True, False, True, False, True, True, True, True]"
23,0.8542884314520716,"[True, True, True, True, True, False, True, True, True, True, True, True, True, True, True, True, True, True, True, True, True, False, True, True, False, True, False, True, False, False, True, True, False, False, True, False, True, True, True, False]"
23,0.9615176459287662,"[True, True, True, True, True, True, True, False, True, True, True, True, True, True, True, True, False, True, False, True, False, False, True, True, False, True, False, False, False, False, False, True, False, True, False, False, False, False, False, True]"
23,0.990185604526537,"[True, True, True, True, True, True, True, True, True, False, True, True, True, True, True, True, False, True, True, False, False, True, False, True, False, False, False, False, False, False, False, False, False, False, True, False, False, False, False, True]"
23,0.9998457887591675,"[True, True, True, True, True, True, True, True, True, True, True, True, True, True, True, False, True, True, True, True, True, True, False, True, False, True, False, False, False, False, True, False, False, False, True, False, True, True, False, True]"
23,5.481410771203181e-05,"[False, True, False, True, True, True, True, True, True, True, True, True, False, True, True, True, True, True, True, True, False, True, True, False, True, True, False, False, False, False, True, False, True, True, True, True, True, False, True, True]"
23,0.9999993742496315,"[True, True, True, True, True, True, True, True, True, True, True, True, True, True, True, True, True, True, True, True, True, True, True, False, True, True, True, True, False, False, True, True, False, False, True, True, True, True, False, True]"
23,0.6061627632435482,"[True, True, True, True, False, False, True, True, False, True, True, True, True, True, True, True, True, True, True, True, True, True, False, True, False, True, False, False, False, False, False, False, False, False, False, False, False, True, True, True]"
23,0.7270581414480293,"[True, True, True, True, False, True, True, True, True, True, True, True, False, True, True, True, True, True, True, True, True, True, False, True, False, True, False, False, False, False, True, False, False, False, True, False, True, True, False, True]"
23,0.9245638921670206,"[True, True, True, True, True, True, False, True, True, True, True, True, True, True, True, True, True, True, True, True, True, True, False, True, True, True, False, False, False, False, True, False, False, True, True, False, True, True, False, True]"
23,0.9999993009080225,"[True, True, True, True, True, True, True, True, True, True, True, True, True, True, True, True, True, True, True, True, True, True, True, False, True, True, False, True, False, False, True, True, True, False, True, True, True, True, False, True]"
23,0.9993884827894268,"[True, True, True, True, True, True, True, True, True, True, True, True, True, False, True, True, True, True, True, True, True, True, False, True, True, True, False, False, False, False, True, True, False, False, False, False, True, True, False, True]"
23,0.6124119778239454,"[True, True, True, True, False, False, True, True, True, False, True, True, True, True, True, True, True, True, True, True, False, True, False, True, False, True, False, False, False, True, True, True, True, True, False, False, False, False, False, True]"
23,0.5030128520222282,"[True, True, True, False, True, True, True, False, True, True, True, True, True, True, True, True, True, True, True, True, True, True, True, True, False, False, False, False, False, False, True, False, False, False, True, False, True, True, True, True]"
23,0.9987759524816584,"[True, True, True, True, True, True, True, True, True, True, True, True, False, True, True, True, True, True, True, True, True, False, False, True, False, True, False, False, False, False, False, True, True, True, False, False, True, False, False, True]"
23,0.9999973219233185,"[True, True, True, True, True, True, True, True, True, True, True, True, True, True, True, True, True, True, True, True, True, False, True, True, True, False, False, False, False, False, False, True, True, True, False, False, False, True, False, True]"
23,0.9999999270949071,"[True, True, True, True, True, True, True, True, True, True, True, True, True, True, True, True, True, True, True, True, True, True, True, True, True, True, True, False, False, False, False, False, True, False, True, False, True, True, True, True]"
23,0.0009765520326102406,"[False, True, True, True, True, True, True, True, True, True, True, True, True, True, True, True, True, True, True, True, False, True, True, True, False, False, False, False, False, False, True, False, False, False, True, False, True, True, True, True]"
23,0.9234270340929182,"[True, True, True, True, True, True, False, True, True, True, True, True, False, True, True, True, True, True, True, True, True, True, False, True, True, True, False, False, True, False, True, False, False, True, True, False, True, False, False, True]"
23,0.9999982169552577,"[True, True, True, True, True, True, True, True, True, True, True, True, True, True, True, True, True, True, True, True, True, True, False, True, False, False, False, False, False, False, True, False, False, False, True, False, True, True, True, True]"
step,fitness,genome
24,0.9999608153573011,"[True, True, True, True, True, True, True, True, True, True, True, True, True, True, True, True, True, False, True, True, True, True, True, False, False, True, False, False, False, False, True, False, False, False, False, False, False, True, True, False]"
24,0.9427689612736623,"[True, True, True, True, True, True, True, False, False, True, True, True, True, True, True, False, True, True, True, False, False, True, True, True, True, True, True, False, False, False, True, True, False, False, True, True, True, True, False, False]"
24,0.05631330548201809,"[True, False, True, True, True, True, True, True, True, True, True, True, True, True, True, True, True, True, True, True, True, False, True, True, False, True, False, True, False, False, True, True, False, False, True, False, True, True, True, False]"
24,0.9999995556118826,"[True, True, True, True, True, True, True, True, True, True, True, True, True, True, True, True, True, True, True, True, True, True, True, True, False, True, False, False, False, False, False, True, False, False, True, False, False, False, True, False]"
24,0.9999948083162382,"[True, True, True, True, True, True, True, True, True, True, True, True, True, True, True, True, True, True, True, True, False, True, True, True, False, True, False, False, True, False, True, False, False, False, True, False, True, True, True, False]"
24,0.2630741020462451,"[True, True, False, True, True, True, True, True, True, True, True, True, True, True, True, True, True, True, True, True, False, True, True, True, True, True, False, False, False, True, True, False, False, False, True, False, True, True, True, False]"
24,0.9999855533799418,"[True, True, True, True, True, True, True, True, True, True, True, True, True, True, True, True, True, True, True, False, False, True, True, True, True, True, False, False, False, False, True, True, False, False, True, False, True, True, True, False]"
24,0.9522303419568902,"[True, True, True, True, True, True, True, False, True, False, True, True, True, True, True, True, True, True, True, True, True, True, True, True, False, False, False, False, False, False, True, False, False, False, True, False, True, True, True, True]"
24,0.9999972879537737,"[True, True, True, True, True, True, True, True, True, True, True, True, True, True, True, True, True, True, True, True, True, False, True, True, False, True, True, True, False, False, True, True, False, False, True, False, True, True, True, False]"
24,0.9975612072673847,"[True, True, True, True, True, True, True, True, True, True, True, False, True, True, True, True, True, True, True, True, True, True, True, True, True, True, True, False, False, False, True, True, False, False, True, False, True, True, True, False]"
24,0.9999998932617069,"[True, True, True, True, True, True, True, True, True, True, True, True, True, True, True, True, True, True, True, True, True, True, True, True, True, True, False, True, False, False, True, False, False, False, True, False, False, True, True, True]"
24,0.0007104620681836014,"[False, True, True, True, True, False, True, True, True, True, True, True, True, True, False, True, True, True, True, True, True, False, True, True, False, False, False, False, False, False, False, False, True, False, False, False, True, True, True, True]"
24,0.7279758246596751,"[True, True, True, True, False, True, True, True, True, True, True, True, True, True, True, True, True, True, True, True, True, True, True, True, False, True, False, False, False, False, True, False, False, False, True, True, True, True, False, False]"
24,0.9999931511622058,"[True, True, True, True, True, True, True, True, True, True, True, True, True, True, True, True, True, True, True, True, False, True, False, False, True, False, False, False, False, False, True, False, False, True, True, False, True, True, True, True]"
24,0.8542709544593551,"[True, True, True, True, True, False, True, True, True, True, True, True, True, True, True, True, True, True, False, True, True, False, False, True, True, False, False, False, True, False, False, True, True, True, False, False, False, True, False, True]"
24,0.9999618215963023,"[True, True, True, True, True, True, True, True, True, True, True, True, True, True, True, True, True, False, True, True, True, True, True, True, True, True, True, True, False, False, True, False, False, False, True, True, False, True, True, True]"
24,0.0009765624393107703,"[False, True, True, True, True, True, True, True, True, True, True, True, True, True, True, True, True, True, True, True, True, True, True, True, True, True, True, True, False, False, True, False, True, False, True, False, False, True, True, True]"
24,0.2630754656883153,"[True, True, False, True, True, True, True, True, True, True, True, True, True, True, True, True, True, True, True, True, True, True, True, True, False, True, True, False, False, False, True, False, False, False, True, False, True, True, True, False]"
24,0.9999891331194054,"[True, True, True, True, True, True, True, True, True, True, True, True, True, True, True, True, True, True, True, False, True, True, False, True, True, True, False, False, False, True, False, False, True, False, True, False, True, True, True, True]"
24,0.05631348415880383,"[True, False, True, True, True, True, True, True, True, True, True, True, True, True, True, True, True, True, True, True, True, True, True, True, False, True, False, True, False, False, False, True, False, False, True, True, True, True, True, False]"
24,0.056310617354200725,"[True, False, True, True, True, True, True, True, True, True, True, True, True, True, True, True, True, False, True, True, True, True, True, True, False, True, False, False, False, False, True, False, False, True, False, False, False, True, False, False]"
24,0.9999993753683093,"[True, True, True, True, True, True, True, True, True, True, True, True, True, True, True, True, True, True, True, True, True, True, True, False, True, True, True, True, False, False, True, True, True, False, True, True, True, False, False, False]"
24,0.9998469782956088,"[True, True, True, True, True, True, True, True, True, True, True, True, True, True, True, False, True, True, True, True, True, True, True, True, False, True, False, False, False, False, False, True, False, False, True, False, False, True, True, False]"
24,0.9899722848118578,"[True, True, True, True, True, True, True, True, True, False, True, True, True, True, False, True, True, True, True, True, True, False, True, True, True, True, True, False, False, False, True, False, False, False, True, False, False, True, True, True]"
24,0.9999998525163489,"[True, True, True, True, True, True, True, True, True, True, True, True, True, True, True, True, True, True, True, True, True, True, True, True, True, True, False, False, False, False, False, False, True, False, True, False, False, True, True, True]"
24,0.9999995580493275,"[True, True, True, True, True, True, True, True, True, True, True, True, True, True, True, True, True, True, True, True, True, True, True, True, False, True, False, False, False, False, True, False, False, False, True, False, True, True, True, False]"
24,0.9999995556573573,"[True, True, True, True, True, True, True, True, True, True, True, True, True, True, True, True, True, True, True, True, True, True, True, True, False, True, False, False, False, False, False, True, False, False, True, False, False, True, True, True]"
24,0.9902742735293435,"[True, True, True, True, True, True, True, True, True, False, True, True, True, True, True, True, True, True, True, True, True, False, True, True, False, False, False, True, False, True, False, True, False, False, True, False, True, True, True, False]"
24,0.9999995953022163,"[True, True, True, True, True, True, True, True, True, True, True, True, True, True, True, True, True, True, True, True, True, True, True, True, False, True, False, True, False, False, True, False, False, False, True, False, True, True, True, False]"
24,0.26232946934596546,"[True, True, False, True, True, True, True, True, True, True, True, False, True, True, True, True, True, False, True, True, False, True, True, True, False, True, False, False, False, True, True, False, False, False, True, False, True, True, True, False]"
24,0.9999220785178602,"[True, True, True, True, True, True, True, True, True, True, True, True, True, True, True, True, False, True, True, True, True, True, False, True, False, True, False, False, False, False, True, True, True, True, False, False, True, True, False, True]"
24,0.9999975487234888,"[True, True, True, True, True, True, True, True, True, True, True, True, True, True, True, True, True, True, True, True, True, False, True, True, True, True, True, False, False, False, True, True, False, False, True, False, True, True, True, False]"
24,0.5217352853485923,"[True, True, True, False, True, True, True, True, True, True, False, True, True, True, True, True, True, True, True, True, True, True, True, True, True, True, True, True, False, False, True, False, False, False, True, False, False, True, True, True]"
24,0.9951171925704473,"[True, True, True, True, True, True, True, True, True, True, False, True, True, True, True, True, True, True, True, False, True, True, False, True, True, True, True, True, False, False, True, True, True, True, True, False, False, False, True, False]"
24,0.9987592011382758,"[True, True, True, True, True, True, True, True, True, True, True, True, False, True, True, True, True, True, False, True, True, True, False, True, False, False, False, True, True, True, True, True, False, False, True, False, False, True, True, False]"
24,0.9999998564362707,"[True, True, True, True, True, True, True, True, True, True, True, True, True, True, True, True, True, True, True, True, True, True, True, True, True, True, False, False, False, False, True, False, False, True, False, True, False, True, True, False]"
24,0.9987786291769348,"[True, True, True, True, True, True, True, True, True, True, True, True, False, True, True, True, True, True, True, True, True, True, False, True, True, True, False, False, False, False, False, False, True, False, True, False, True, True, True, True]"
24,0.9999995556573573,"[True, True, True, True, True, True, True, True, True, True, True, True, True, True, True, True, True, True, True, True, True, True, True, True, False, True, False, False, False, False, False, True, False, False, True, False, False, True, True, True]"
24,0.999694492807134,"[True, True, True, True, True, True, True, True, True, True, True, True, True, True, False, True, True, True, True, True, True, True, True, True, False, True, False, True, True, True, True, True, True, False, False, True, True, True, False, True]"
24,0.999999853680502,"[True, True, True, True, True, True, True, True, True, True, True, True, True, True, True, True, True, True, True, True, True, True, True, True, True, True, False, False, False, False, False, True, False, False, True, False, False, True, True, True]"
24,0.9999233064776376,"[True, True, True, True, True, True, True, True, True, True, True, True, True, True, True, True, False, True, True, True, True, True, True, True, False, True, False, True, False, False, True, True, False, False, True, True, True, True, True, False]"
24,0.0009299110555753458,"[False, True, True, True, True, True, True, True, False, True, False, True, True, True, True, True, True, True, True, True, True, True, True, False, False, True, False, False, False, False, True, False, False, False, True, False, True, True, True, False]"
24,0.9999995533290519,"[True, True, True, True, True, True, True, True, True, True, True, True, True, True, True, True, True, True, True, True, True, True, True, True, False, True, False, False, False, False, False, False, False, False, True, False, False, True, True, True]"
24,0.999370680118443,"[True, True, True, True, True, True, True, True, True, True, True, True, True, False, True, True, True, True, False, True, True, True, True, True, True, True, True, False, False, False, False, False, True, False, False, True, False, True, True, True]"
24,0.9999983659484507,"[True, True, True, True, True, True, True, True, True, True, True, True, True, True, True, True, True, True, True, True, True, True, False, True, False, True, False, False, False, False, True, False, False, False, True, False, True, True, False, True]"
24,0.9999959109739146,"[True, True, True, True, True, True, True, True, True, True, True, True, True, True, True, True, True, True, True, True, True, False, False, True, False, False, True, False, False, False, True, True, True, True, False, False, False, True, False, True]"
24,0.9998457887591675,"[True, True, True, True, True, True, True, True, True, True, True, True, True, True, True, False, True, True, True, True, True, True, False, True, False, True, False, False, False, False, True, False, False, False, True, False, True, True, False, True]"
24,0.4823582900053135,"[True, True, True, False, True, True, False, True, True, True, True, True, True, True, True, True, True, True, True, True, True, True, True, True, False, True, True, False, False, False, True, True, False, False, True, False, True, True, True, False]"
24,0.9999987350027293,"[True, True, True, True, True, True, True, True, True, True, True, True, True, True, True, True, True, True, True, True, True, True, False, True, True, True, True, False, False, False, False, False, True, False, True, False, True, True, True, True]"
24,0.7888413511712473,"[True, True, True, True, True, False, False, True, True, True, True, True, True, True, True, True, True, True, False, True, False, True, True, True, False, True, True, False, False, False, True, True, False, False, True, False, True, False, True, False]"
24,0.9999995580584224,"[True, True, True, True, True, True, True, True, True, True, True, True, True, True, True, True, True, True, True, True, True, True, True, True, False, True, False, False, False, False, True, False, False, False, True, False, True, True, True, True]"
24,0.9999981088165165,"[True, True, True, True, True, True, True, True, True, True, True, True, True, True, True, True, True, True, True, True, True, True, False, False, True, True, False, True, False, False, True, True, True, False, True, True, True, True, False, True]"
24,0.999979888407442,"[True, True, True, True, True, True, True, True, True, True, True, True, True, True, True, True, True, True, False, True, True, True, True, False, False, True, False, False, False, False, True, False, False, False, False, False, True, True, True, False]"
24,0.9999996082534162,"[True, True, True, True, True, True, True, True, True, True, True, True, True, True, True, True, True, True, True, True, True, True, True, True, False, True, False, True, False, True, True, True, True, False, True, True, True, True, True, False]"
24,0.9902770360366989,"[True, True, True, True, True, True, True, True, True, False, True, True, True, True, True, True, True, True, True, True, True, True, True, True, True, True, False, False, False, False, True, False, False, False, True, False, False, True, True, False]"
24,0.9993133296433303,"[True, True, True, True, True, True, True, True, True, True, True, True, True, False, True, True, False, True, True, True, True, True, True, True, True, False, False, True, True, False, True, False, False, False, True, False, False, True, True, True]"
24,0.9999995766848666,"[True, True, True, True, True, True, True, True, True, True, True, True, True, True, True, True, True, True, True, True, True, True, True, True, False, True, False, False, True, False, True, False, False, False, True, False, True, True, True, True]"
24,0.9234278831345215,"[True, True, True, True, True, True, False, True, True, True, True, True, False, True, True, True, True, True, True, True, True, True, True, True, False, True, False, True, False, False, True, False, False, False, True, False, True, True, False, True]"
24,0.007060657833229302,"[True, False, False, True, True, False, True, True, True, True, True, True, True, True, True, True, True, True, True, True, True, True, False, True, False, True, False, False, False, False, True, False, False, False, False, False, True, True, False, True]"
24,0.7134312262124614,"[True, True, True, True, False, True, True, True, False, True, True, True, True, True, True, True, True, True, True, True, True, True, True, True, False, False, False, False, False, False, True, False, False, False, True, False, False, True, True, False]"
24,0.9999997441955496,"[True, True, True, True, True, True, True, True, True, True, True, True, True, True, True, True, True, True, True, True, True, True, True, True, True, False, False, True, False, False, True, False, False, False, True, False, False, False, False, True]"
24,0.0009765593134603173,"[False, True, True, True, True, True, True, True, True, True, True, True, True, True, True, True, True, True, True, True, True, True, False, True, False, True, False, False, False, False, True, True, False, True, False, False, False, True, False, True]"
24,0.725684141958116,"[True, True, True, True, False, True, True, True, True, True, True, False, True, False, True, True, True, True, True, True, True, False, True, True, True, False, False, False, True, False, True, False, True, False, True, False, True, False, True, True]"
24,0.9800383742473501,"[True, True, True, True, True, True, True, True, False, True, True, True, True, False, True, True, True, True, True, True, True, True, False, True, False, True, False, False, False, False, True, False, False, False, False, False, True, True, False, True]"
24,0.997393727598972,"[True, True, True, True, True, True, True, True, True, True, True, False, True, True, True, False, True, True, True, False, False, True, True, False, False, True, False, False, False, False, True, True, True, False, False, False, False, False, True, True]"
24,0.9999998557086749,"[True, True, True, True, True, True, True, True, True, True, True, True, True, True, True, True, True, True, True, True, True, True, True, True, True, True, False, False, False, False, True, False, False, False, False, False, False, True, True, False]"
24,0.9616154677047917,"[True, True, True, True, True, True, True, False, True, True, True, True, True, True, True, True, True, True, True, True, True, True, False, True, False, True, False, False, False, False, True, True, True, True, False, False, False, True, False, True]"
24,0.5244595607571582,"[True, True, True, False, True, True, True, True, True, True, True, True, True, True, True, True, True, True, True, True, True, True, False, True, False, True, False, False, False, False, True, False, False, False, False, False, True, True, False, True]"
24,0.9999949758898666,"[True, True, True, True, True, True, True, True, True, True, True, True, True, True, True, True, True, True, True, True, False, True, True, True, True, False, False, True, False, False, True, False, False, False, True, False, False, True, True, True]"
24,0.9999995929102461,"[True, True, True, True, True, True, True, True, True, True, True, True, True, True, True, True, True, True, True, True, True, True, True, True, False, True, False, True, False, False, False, True, False, False, True, False, False, True, True, True]"
24,0.26307544291842,"[True, True, False, True, True, True, True, True, True, True, True, True, True, True, True, True, True, True, True, True, True, True, True, True, False, True, False, False, False, False, False, True, True, False, True, False, False, True, True, True]"
24,0.9221496392956985,"[True, True, True, True, True, True, False, True, True, True, True, False, True, True, True, False, True, True, True, True, True, True, False, True, True, True, True, True, False, False, True, False, False, False, True, False, False, True, True, True]"
24,0.9804889160382672,"[True, True, True, True, True, True, True, True, False, True, True, True, True, True, True, False, True, True, True, True, True, True, True, False, True, True, False, True, False, False, True, True, False, False, True, False, True, True, False, True]"
24,0.9998470936036604,"[True, True, True, True, True, True, True, True, True, True, True, True, True, True, True, False, True, True, True, True, True, True, True, True, False, True, True, True, False, False, True, False, True, False, True, False, True, True, True, False]"
24,0.0005121253799330938,"[False, True, True, True, False, True, True, True, True, True, True, True, True, True, True, True, True, False, True, True, True, True, False, True, True, True, True, False, False, False, True, True, True, True, True, False, False, True, True, True]"
24,0.9999983656574128,"[True, True, True, True, True, True, True, True, True, True, True, True, True, True, True, True, True, True, True, True, True, True, False, True, False, True, False, False, False, False, True, False, False, False, False, False, True, True, False, True]"
24,0.9999617899469746,"[True, True, True, True, True, True, True, True, True, True, True, True, True, True, True, True, True, False, True, True, True, True, True, True, True, True, True, False, False, True, False, False, True, False, False, True, True, True, True, True]"
24,0.8537609159339697,"[True, True, True, True, True, False, True, True, True, True, True, True, True, False, True, True, True, True, True, True, True, True, True, True, False, True, False, False, False, False, False, False, False, False, True, False, True, True, True, False]"
24,0.9975609191911948,"[True, True, True, True, True, True, True, True, True, True, True, False, True, True, True, True, True, True, True, True, True, True, True, True, False, True, True, False, False, True, True, True, False, False, True, False, True, True, True, False]"
24,0.9245648982772401,"[True, True, True, True, True, True, False, True, True, True, True, True, True, True, True, True, True, True, True, True, True, True, True, True, True, False, False, True, False, False, True, False, False, False, True, False, False, True, True, True]"
24,0.9245630586948537,"[True, True, True, True, True, True, False, True, True, True, True, True, True, True, True, True, True, True, True, True, True, True, False, False, False, True, False, False, False, False, True, False, False, True, False, False, False, True, False, True]"
24,0.05631339199523158,"[True, False, True, True, True, True, True, True, True, True, True, True, True, True, True, True, True, True, True, True, True, True, False, True, False, True, False, False, False, False, True, False, False, False, False, False, True, True, False, True]"
24,0.9999805989466386,"[True, True, True, True, True, True, True, True, True, True, True, True, True, True, True, True, True, True, False, True, True, True, True, True, False, True, True, True, False, False, True, True, False, False, True, True, True, True, False, False]"
24,0.9999983656574128,"[True, True, True, True, True, True, True, True, True, True, True, True, True, True, True, True, True, True, True, True, True, True, False, True, False, True, False, False, False, False, True, False, False, False, False, False, True, True, False, True]"
24,0.9806391627514278,"[True, True, True, True, True, True, True, True, False, True, True, True, True, True, True, True, True, True, True, True, True, True, True, True, False, True, True, False, False, False, True, True, True, False, True, False, True, True, True, False]"
24,0.9974032386076116,"[True, True, True, True, True, True, True, True, True, True, True, False, True, True, True, False, True, True, True, True, False, True, True, False, False, True, False, False, False, False, True, False, False, False, False, False, True, True, False, False]"
24,0.9245625377920428,"[True, True, True, True, True, True, False, True, True, True, True, True, True, True, True, True, True, True, True, True, True, False, True, True, False, True, False, True, False, False, True, False, False, False, True, False, True, True, True, False]"
24,0.9951274629453747,"[True, True, True, True, True, True, True, True, True, True, False, True, True, True, True, True, True, True, True, True, True, True, True, True, False, True, False, False, False, False, True, False, False, True, True, False, True, True, True, False]"
24,0.5242868858707868,"[True, True, True, False, True, True, True, True, True, True, True, True, True, True, False, True, True, True, True, True, False, True, True, True, False, True, False, True, False, False, True, True, False, True, True, True, True, True, True, True]"
24,0.9999917349703528,"[True, True, True, True, True, True, True, True, True, True, True, True, True, True, True, True, True, True, True, True, False, False, True, False, False, False, True, False, False, False, True, False, False, False, True, False, True, True, True, False]"
24,0.9999901331176896,"[True, True, True, True, True, True, True, True, True, True, True, True, True, True, True, True, True, True, True, False, True, True, True, True, False, True, True, True, False, False, True, False, False, False, True, False, True, True, True, True]"
24,0.9999232667536518,"[True, True, True, True, True, True, True, True, True, True, True, True, True, True, True, True, False, True, True, True, True, True, True, True, False, True, False, False, False, False, True, False, False, False, True, False, True, True, True, False]"
24,0.9999947898353924,"[True, True, True, True, True, True, True, True, True, True, True, True, True, True, True, True, True, True, True, True, False, True, True, True, False, True, False, False, False, False, True, False, False, False, True, True, True, True, True, False]"
24,0.05631342563849465,"[True, False, True, True, True, True, True, True, True, True, True, True, True, True, True, True, True, True, True, True, True, True, True, False, False, False, False, False, False, False, True, False, False, True, True, True, True, True, True, True]"
24,0.99938849006138,"[True, True, True, True, True, True, True, True, True, True, True, True, True, False, True, True, True, True, True, True, True, True, False, True, True, True, False, False, False, True, True, False, False, False, True, False, True, True, False, True]"
24,0.9998463847230491,"[True, True, True, True, True, True, True, True, True, True, True, True, True, True, True, False, True, True, True, True, True, True, True, False, False, True, False, False, False, False, True, False, False, False, True, False, True, True, False, True]"
24,0.9999996348834119,"[True, True, True, True, True, True, True, True, True, True, True, True, True, True, True, True, True, True, True, True, True, True, True, True, False, True, True, False, False, False, True, True, False, False, True, False, True, True, True, False]"
24,0.5241182978592542,"[True, True, True, False, True, True, True, True, True, True, True, True, True, False, True, True, True, True, True, True, True, True, False, True, True, False, False, False, False, False, False, True, False, False, True, False, True, True, False, True]"
24,0.0009762593193798705,"[False, True, True, True, True, True, True, True, True, True, True, True, True, True, True, False, True, True, True, True, True, False, True, True, True, False, False, False, True, False, False, False, True, False, False, False, True, True, True, True]"
24,0.9999999352439791,"[True, True, True, True, True, True, True, True, True, True, True, True, True, True, True, True, True, True, True, True, True, True, True, True, True, True, True, False, False, True, False, False, False, False, True, False, True, True, True, True]"
step,fitness,genome
25,0.9999959112649518,"[True, True, True, True, True, True, True, True, True, True, True, True, True, True, True, True, True, True, True, True, True, False, False, True, False, False, True, False, False, False, True, True, True, True, True, False, False, True, False, True]"
25,0.9999996298720978,"[True, True, True, True, True, True, True, True, True, True, True, True, True, True, True, True, True, True, True, True, True, True, True, True, False, True, True, False, False, False, False, True, False, False, False, False, False, True, True, True]"
25,0.9992943425578978,"[True, True, True, True, True, True, True, True, True, True, True, True, True, False, True, True, False, True, False, True, True, True, True, True, True, False, True, True, True, False, True, False, False, False, True, False, False, True, True, False]"
25,0.9999995567851303,"[True, True, True, True, True, True, True, True, True, True, True, True, True, True, True, True, True, True, True, True, True, True, True, True, False, True, False, False, False, False, False, True, True, False, True, False, False, False, True, True]"
25,0.9926986219862497,"[True, True, True, True, True, True, True, True, True, True, False, False, True, True, True, True, True, True, True, True, True, True, False, True, True, True, True, False, False, False, True, False, True, False, True, False, True, True, True, True]"
25,0.9999900283357405,"[True, True, True, True, True, True, True, True, True, True, True, True, True, True, True, True, True, True, True, False, True, True, True, True, False, True, False, False, False, True, False, True, False, False, True, False, True, True, True, False]"
25,0.524460255895772,"[True, True, True, False, True, True, True, True, True, True, True, True, True, True, True, True, True, True, True, True, True, True, True, True, False, True, False, True, False, True, True, True, True, False, True, True, True, True, True, False]"
25,0.2625248385082548,"[True, True, False, True, True, True, True, True, True, True, True, True, False, False, True, True, True, True, True, True, True, False, True, True, True, True, True, False, False, True, False, False, False, False, True, False, True, True, True, True]"
25,0.9999980675710027,"[True, True, True, True, True, True, True, True, True, True, True, True, True, True, True, True, True, True, True, True, True, True, False, False, True, True, False, False, False, False, True, False, False, False, False, False, False, True, True, False]"
25,0.99999687548082,"[True, True, True, True, True, True, True, True, True, True, True, True, True, True, True, True, True, True, True, True, True, False, True, False, True, True, False, False, False, False, True, False, False, False, False, False, False, True, True, False]"
25,0.9902770383536365,"[True, True, True, True, True, True, True, True, True, False, True, True, True, True, True, True, True, True, True, True, True, True, True, True, True, True, False, False, False, False, True, True, False, False, True, False, False, True, True, True]"
25,0.999957830932414,"[True, True, True, True, True, True, True, True, True, True, True, True, True, True, True, True, True, False, True, True, True, False, False, True, False, True, False, False, False, False, False, False, False, False, True, False, True, True, False, True]"
25,0.9974086680439523,"[True, True, True, True, True, True, True, True, True, True, True, False, True, True, True, False, True, True, True, True, True, True, True, True, False, True, True, False, False, False, True, True, False, True, True, False, True, True, True, False]"
25,0.9200248110078546,"[True, True, True, True, True, True, False, True, True, True, False, True, True, True, True, True, True, True, True, True, True, True, True, True, False, True, False, True, False, True, True, True, True, False, True, True, True, True, True, False]"
25,0.9999138051372913,"[True, True, True, True, True, True, True, True, True, True, True, True, True, True, True, True, False, True, True, False, True, True, True, True, False, True, True, False, False, False, True, False, False, False, True, False, False, True, True, False]"
25,0.9245647226057855,"[True, True, True, True, True, True, False, True, True, True, True, True, True, True, True, True, True, True, True, True, True, True, True, True, False, True, False, False, False, False, False, True, False, False, True, False, True, True, True, True]"
25,0.0009765622119371314,"[False, True, True, True, True, True, True, True, True, True, True, True, True, True, True, True, True, True, True, True, True, True, True, True, True, True, False, False, False, False, False, False, True, False, True, False, False, True, True, True]"
25,0.9999998557086749,"[True, True, True, True, True, True, True, True, True, True, True, True, True, True, True, True, True, True, True, True, True, True, True, True, True, True, False, False, False, False, True, False, False, False, False, False, False, True, True, False]"
25,0.9950894783824398,"[True, True, True, True, True, True, True, True, True, True, False, True, True, True, True, True, True, False, True, True, True, True, True, True, False, True, False, False, False, False, False, False, False, False, False, False, False, True, True, True]"
25,0.9999999272404262,"[True, True, True, True, True, True, True, True, True, True, True, True, True, True, True, True, True, True, True, True, True, True, True, True, True, True, True, False, False, False, False, False, True, False, True, True, True, True, True, True]"
25,0.9999997441955496,"[True, True, True, True, True, True, True, True, True, True, True, True, True, True, True, True, True, True, True, True, True, True, True, True, True, False, False, True, False, False, True, False, False, False, True, False, False, False, False, True]"
25,0.9993691290731663,"[True, True, True, True, True, True, True, True, True, True, True, True, True, False, True, True, True, True, False, True, True, True, False, True, False, True, False, False, False, True, True, False, False, False, False, False, True, False, True, True]"
25,0.9998473578391991,"[True, True, True, True, True, True, True, True, True, True, True, True, True, True, True, False, True, True, True, True, True, True, True, True, True, True, True, False, False, True, False, False, False, False, True, False, True, True, True, True]"
25,0.26307520423249053,"[True, True, False, True, True, True, True, True, True, True, True, True, True, True, True, True, True, True, True, True, True, True, False, True, True, True, True, False, True, True, False, False, True, False, True, False, True, True, True, True]"
25,0.999998363565578,"[True, True, True, True, True, True, True, True, True, True, True, True, True, True, True, True, True, True, True, True, True, True, False, True, False, True, False, False, False, False, False, True, False, False, True, False, False, True, True, True]"
25,0.980489282028265,"[True, True, True, True, True, True, True, True, False, True, True, True, True, True, True, False, True, True, True, True, True, True, True, True, False, True, True, True, False, False, True, True, False, False, True, False, True, True, True, False]"
25,0.9999998932617069,"[True, True, True, True, True, True, True, True, True, True, True, True, True, True, True, True, True, True, True, True, True, True, True, True, True, True, False, True, False, False, True, False, False, False, True, False, False, True, True, True]"
25,0.9998455316625429,"[True, True, True, True, True, True, True, True, True, True, True, True, True, True, True, False, True, True, True, True, True, True, False, False, True, True, False, True, False, False, True, True, True, False, True, True, True, True, False, True]"
25,0.9999949758898666,"[True, True, True, True, True, True, True, True, True, True, True, True, True, True, True, True, True, True, True, True, False, True, True, True, True, False, False, True, False, False, True, False, False, False, True, False, False, True, True, True]"
25,0.0007109140082028926,"[False, True, True, True, True, False, True, True, True, True, True, True, True, True, True, True, True, True, True, True, True, True, True, True, True, True, False, False, False, False, True, True, False, True, False, True, False, True, True, False]"
25,0.7279760467187738,"[True, True, True, True, False, True, True, True, True, True, True, True, True, True, True, True, True, True, True, True, True, True, True, True, True, True, False, False, False, False, False, True, False, False, True, False, False, True, True, True]"
25,0.9998473578028243,"[True, True, True, True, True, True, True, True, True, True, True, True, True, True, True, False, True, True, True, True, True, True, True, True, True, True, True, False, False, True, False, False, False, False, True, False, True, False, True, True]"
25,0.9999185335708867,"[True, True, True, True, True, True, True, True, True, True, True, True, True, True, True, True, False, True, True, True, False, True, True, True, False, True, False, True, False, False, False, True, False, False, True, False, False, True, True, False]"
25,0.9999998557177698,"[True, True, True, True, True, True, True, True, True, True, True, True, True, True, True, True, True, True, True, True, True, True, True, True, True, True, False, False, False, False, True, False, False, False, False, False, False, True, True, True]"
25,0.97943675463487,"[True, True, True, True, True, True, True, True, False, True, True, True, False, True, True, True, True, True, True, True, True, False, False, True, False, False, True, False, False, False, True, True, True, True, False, False, False, False, False, True]"
25,0.9999617887737668,"[True, True, True, True, True, True, True, True, True, True, True, True, True, True, True, True, True, False, True, True, True, True, True, True, True, True, True, False, False, True, False, False, False, False, False, True, True, True, True, False]"
25,0.9998473578028243,"[True, True, True, True, True, True, True, True, True, True, True, True, True, True, True, False, True, True, True, True, True, True, True, True, True, True, True, False, False, True, False, False, False, False, True, False, True, False, True, True]"
25,0.9951262050090218,"[True, True, True, True, True, True, True, True, True, True, False, True, True, True, True, True, True, True, True, True, True, True, False, True, False, False, True, False, False, False, True, True, True, True, False, False, False, True, False, True]"
25,0.9999947908631165,"[True, True, True, True, True, True, True, True, True, True, True, True, True, True, True, True, True, True, True, True, False, True, True, True, False, True, False, False, False, False, True, False, True, False, True, False, True, True, True, True]"
25,0.9975612095996551,"[True, True, True, True, True, True, True, True, True, True, True, False, True, True, True, True, True, True, True, True, True, True, True, True, True, True, True, False, False, True, False, False, False, False, True, False, True, True, True, True]"
25,0.9999900177947915,"[True, True, True, True, True, True, True, True, True, True, True, True, True, True, True, True, True, True, True, False, True, True, True, True, False, True, False, False, False, False, False, False, True, False, True, False, False, True, True, True]"
25,0.9999983659484507,"[True, True, True, True, True, True, True, True, True, True, True, True, True, True, True, True, True, True, True, True, True, True, False, True, False, True, False, False, False, False, True, False, False, False, True, False, True, True, False, True]"
25,0.9997708871488784,"[True, True, True, True, True, True, True, True, True, True, True, True, True, True, True, False, False, True, True, True, True, True, True, True, True, False, False, True, False, False, True, False, True, False, True, False, False, False, False, True]"
25,0.9999949758898666,"[True, True, True, True, True, True, True, True, True, True, True, True, True, True, True, True, True, True, True, True, False, True, True, True, True, False, False, True, False, False, True, False, False, False, True, False, False, True, True, True]"
25,0.9999993753683093,"[True, True, True, True, True, True, True, True, True, True, True, True, True, True, True, True, True, True, True, True, True, True, True, False, True, True, True, True, False, False, True, True, True, False, True, True, True, False, False, False]"
25,0.9999995953022163,"[True, True, True, True, True, True, True, True, True, True, True, True, True, True, True, True, True, True, True, True, True, True, True, True, False, True, False, True, False, False, True, False, False, False, True, False, True, True, True, False]"
25,0.9245635479435439,"[True, True, True, True, True, True, False, True, True, True, True, True, True, True, True, True, True, True, True, True, True, True, False, True, False, False, True, False, False, False, True, True, True, True, False, False, False, True, False, True]"
25,0.999956638830833,"[True, True, True, True, True, True, True, True, True, True, True, True, True, True, True, True, True, False, True, True, False, True, True, True, False, True, False, False, False, False, False, False, False, False, True, False, False, True, True, True]"
25,0.8458531113368997,"[True, True, True, True, True, False, True, True, True, False, True, True, True, True, True, True, True, True, True, True, True, True, True, True, False, True, False, False, True, False, False, True, False, False, True, False, False, True, True, True]"
25,0.9987701854576492,"[True, True, True, True, True, True, True, True, True, True, True, True, False, True, True, True, True, True, True, False, True, True, True, True, True, False, False, True, False, False, True, False, False, False, True, False, False, False, False, True]"
25,0.9890579473091379,"[True, True, True, True, True, True, True, True, True, False, True, True, False, True, True, True, True, True, True, False, True, True, True, True, False, True, False, False, False, False, True, False, False, False, True, False, False, True, True, True]"
25,0.999999665160481,"[True, True, True, True, True, True, True, True, True, True, True, True, True, True, True, True, True, True, True, True, True, True, True, True, False, True, True, True, False, False, False, False, False, False, True, False, True, True, True, True]"
25,0.2512107957798112,"[True, True, False, True, True, True, True, False, True, True, True, True, False, True, True, True, True, True, True, True, True, False, False, True, False, False, True, False, False, False, True, True, True, True, False, False, False, True, False, True]"
25,0.9993858688253481,"[True, True, True, True, True, True, True, True, True, True, True, True, True, False, True, True, True, True, True, True, True, False, False, True, False, True, False, True, True, True, True, True, True, False, True, True, True, True, True, False]"
25,0.9999999267220143,"[True, True, True, True, True, True, True, True, True, True, True, True, True, True, True, True, True, True, True, True, True, True, True, True, True, True, True, False, False, False, False, False, True, False, False, False, False, True, True, False]"
25,0.000976557562423118,"[False, True, True, True, True, True, True, True, True, True, True, True, True, True, True, True, True, True, True, True, True, False, True, True, True, True, False, False, False, False, True, False, False, False, True, True, False, True, True, False]"
25,0.8542836770130338,"[True, True, True, True, True, False, True, True, True, True, True, True, True, True, True, True, True, True, True, True, False, False, True, False, False, False, True, False, False, False, True, False, False, False, True, True, False, True, True, False]"
25,0.9999950503953382,"[True, True, True, True, True, True, True, True, True, True, True, True, True, True, True, True, True, True, True, True, False, True, True, True, True, False, True, True, False, False, True, False, False, False, True, False, False, True, True, True]"
25,0.9993894091366432,"[True, True, True, True, True, True, True, True, True, True, True, True, True, False, True, True, True, True, True, True, True, True, True, True, False, True, False, True, False, False, False, True, False, False, True, False, False, False, True, False]"
25,0.9999989620032766,"[True, True, True, True, True, True, True, True, True, True, True, True, True, True, True, True, True, True, True, True, True, True, True, False, False, True, False, False, False, False, True, False, False, False, True, False, True, True, True, False]"
25,0.9999233809783034,"[True, True, True, True, True, True, True, True, True, True, True, True, True, True, True, True, False, True, True, True, True, True, True, True, False, True, True, True, False, False, True, True, False, False, True, True, True, True, True, False]"
25,0.7279761080104036,"[True, True, True, True, False, True, True, True, True, True, True, True, True, True, True, True, True, True, True, True, True, True, True, True, True, True, True, False, False, True, False, False, False, False, True, False, True, True, True, True]"
25,0.9999608339830959,"[True, True, True, True, True, True, True, True, True, True, True, True, True, True, True, True, True, False, True, True, True, True, True, False, False, True, False, False, True, False, True, False, False, False, False, False, False, True, True, False]"
25,0.7279653146246265,"[True, True, True, True, False, True, True, True, True, True, True, True, True, True, True, True, True, True, True, False, False, True, True, True, True, True, False, False, True, False, True, True, False, False, True, False, True, True, True, False]"
25,0.9987024217183569,"[True, True, True, True, True, True, True, True, True, True, True, True, False, True, True, True, False, True, True, True, True, True, False, True, True, True, False, False, False, False, False, False, True, False, True, False, True, True, True, True]"
25,0.05631025933602243,"[True, False, True, True, True, True, True, True, True, True, True, True, True, True, True, True, True, False, True, True, False, True, True, True, False, True, False, False, False, False, True, False, False, False, True, True, True, True, True, False]"
25,0.9961915168294275,"[True, True, True, True, True, True, True, True, True, True, True, False, False, True, True, False, True, True, True, True, True, True, True, True, False, True, True, True, False, False, True, False, True, True, False, False, True, True, True, False]"
25,0.8542907568783779,"[True, True, True, True, True, False, True, True, True, True, True, True, True, True, True, True, True, True, True, True, True, True, True, True, True, True, False, True, False, False, True, False, False, False, False, False, False, True, True, True]"
25,0.9974050265884641,"[True, True, True, True, True, True, True, True, True, True, True, False, True, True, True, False, True, True, True, True, True, False, False, True, False, True, False, False, False, False, True, True, True, True, False, False, False, True, True, True]"
25,0.8500622925396556,"[True, True, True, True, True, False, True, True, True, True, False, True, True, True, True, True, True, True, True, True, True, True, True, True, False, False, True, False, False, False, False, False, False, True, True, False, True, True, True, False]"
25,0.9999971691467773,"[True, True, True, True, True, True, True, True, True, True, True, True, True, True, True, True, True, True, True, True, True, False, True, True, False, True, False, False, False, False, False, False, False, False, True, False, False, True, True, True]"
25,0.9987795233361391,"[True, True, True, True, True, True, True, True, True, True, True, True, False, True, True, True, True, True, True, True, True, True, True, True, False, True, False, False, False, False, False, True, False, False, True, False, False, True, False, True]"
25,0.999882808975313,"[True, True, True, True, True, True, True, True, True, True, True, True, True, True, True, True, False, False, True, True, True, False, True, True, False, True, True, False, False, False, False, False, False, False, True, False, True, True, True, False]"
25,0.0009765530581271627,"[False, True, True, True, True, True, True, True, True, True, True, True, True, True, True, True, True, True, True, True, False, True, True, True, True, True, True, False, False, False, True, True, True, False, True, True, False, False, True, True]"
25,0.9999993402163594,"[True, True, True, True, True, True, True, True, True, True, True, True, True, True, True, True, True, True, True, True, True, True, True, False, True, True, True, False, False, True, False, False, True, False, False, True, True, True, True, True]"
25,0.9999900411504059,"[True, True, True, True, True, True, True, True, True, True, True, True, True, True, True, True, True, True, True, False, True, True, True, True, False, True, False, False, True, False, True, False, True, False, True, False, True, True, True, True]"
25,0.8542896908662028,"[True, True, True, True, True, False, True, True, True, True, True, True, True, True, True, True, True, True, True, True, True, True, False, True, True, True, False, False, False, False, True, False, False, True, True, True, False, True, True, False]"
25,0.9794180241426446,"[True, True, True, True, True, True, True, True, False, True, True, True, False, True, True, True, True, True, False, True, True, False, False, True, False, False, False, True, True, True, True, True, False, False, True, False, False, True, True, False]"
25,0.0007109138332161875,"[False, True, True, True, True, False, True, True, True, True, True, True, True, True, True, True, True, True, True, True, True, True, True, True, True, False, False, True, False, False, False, False, False, False, True, False, False, False, False, True]"
25,0.9986269334449248,"[True, True, True, True, True, True, True, True, True, True, True, True, False, True, True, False, True, True, True, True, True, True, True, False, True, True, True, True, False, False, True, True, True, False, True, True, False, True, False, False]"
25,0.9999998517796583,"[True, True, True, True, True, True, True, True, True, True, True, True, True, True, True, True, True, True, True, True, True, True, True, True, True, True, False, False, False, False, False, False, False, True, False, True, False, True, True, False]"
25,0.9926998467209459,"[True, True, True, True, True, True, True, True, True, True, False, False, True, True, True, True, True, True, True, True, True, True, True, True, True, True, True, True, False, True, False, False, False, False, True, False, True, True, True, True]"
25,0.9999987350027293,"[True, True, True, True, True, True, True, True, True, True, True, True, True, True, True, True, True, True, True, True, True, True, False, True, True, True, True, False, False, False, False, False, True, False, True, False, True, True, True, True]"
25,0.9951277958091864,"[True, True, True, True, True, True, True, True, True, True, False, True, True, True, True, True, True, True, True, True, True, True, True, True, True, True, False, True, False, False, True, False, False, False, False, False, False, True, True, False]"
25,0.0527474042543402,"[True, False, True, True, True, True, True, False, True, False, True, True, True, True, True, True, False, True, True, True, True, True, True, True, False, True, False, False, False, True, True, False, False, False, True, False, False, True, True, False]"
25,0.9239917403805843,"[True, True, True, True, True, True, False, True, True, True, True, True, True, False, True, True, True, True, True, True, False, True, True, True, False, True, False, True, True, False, True, False, False, False, True, False, True, True, True, False]"
25,0.999980778104886,"[True, True, True, True, True, True, True, True, True, True, True, True, True, True, True, True, True, True, False, True, True, True, True, True, True, True, False, False, False, False, False, False, False, False, True, False, True, True, True, True]"
25,0.9999234540511658,"[True, True, True, True, True, True, True, True, True, True, True, True, True, True, True, True, False, True, True, True, True, True, True, True, True, False, False, True, False, False, True, False, True, False, True, False, False, False, False, True]"
25,0.999999874708017,"[True, True, True, True, True, True, True, True, True, True, True, True, True, True, True, True, True, True, True, True, True, True, True, True, True, True, False, False, True, False, True, False, False, False, True, False, True, True, True, True]"
25,0.9428726354193179,"[True, True, True, True, True, True, True, False, False, True, True, True, True, True, True, True, True, False, False, True, True, True, True, True, False, True, False, False, True, False, True, False, False, False, True, False, False, True, True, True]"
25,0.9995419969932838,"[True, True, True, True, True, True, True, True, True, True, True, True, True, True, False, False, True, True, True, True, True, True, True, True, False, True, True, True, False, False, False, False, True, False, True, False, False, True, True, False]"
25,0.9975611311101388,"[True, True, True, True, True, True, True, True, True, True, True, False, True, True, True, True, True, True, True, True, True, True, True, True, True, True, False, False, False, False, True, False, False, True, True, False, False, True, True, False]"
25,0.2630754432875728,"[True, True, False, True, True, True, True, True, True, True, True, True, True, True, True, True, True, True, True, True, True, True, True, True, False, True, False, False, False, False, True, False, False, False, True, False, True, True, True, False]"
25,0.9999995958842927,"[True, True, True, True, True, True, True, True, True, True, True, True, True, True, True, True, True, True, True, True, True, True, True, True, False, True, False, True, False, False, True, False, False, True, True, False, True, True, True, False]"
25,0.9234278462410029,"[True, True, True, True, True, True, False, True, True, True, True, True, False, True, True, True, True, True, True, True, True, True, True, True, False, True, False, False, False, False, False, True, False, False, True, False, False, True, True, True]"
25,0.9999996337192592,"[True, True, True, True, True, True, True, True, True, True, True, True, True, True, True, True, True, True, True, True, True, True, True, True, False, True, True, False, False, False, True, False, True, False, True, False, True, True, True, False]"
25,0.0009765616321345678,"[False, True, True, True, True, True, True, True, True, True, True, True, True, True, True, True, True, True, True, True, True, True, True, True, False, True, False, False, False, False, False, True, False, False, True, False, False, True, True, True]"
25,0.05630986495258178,"[True, False, True, True, True, True, True, True, True, True, True, True, True, True, True, True, True, False, True, False, True, True, True, False, False, True, True, True, False, False, True, False, False, False, True, False, True, True, True, False]"
25,0.9999995766848666,"[True, True, True, True, True, True, True, True, True, True, True, True, True, True, True, True, True, True, True, True, True, True, True, True, False, True, False, False, True, False, True, False, False, False, True, False, True, True, True, True]"
25,0.854288738586053,"[True, True, True, True, True, False, True, True, True, True, True, True, True, True, True, True, True, True, True, True, True, False, True, True, True, True, True, False, True, False, True, True, False, False, True, False, True, True, True, False]"
step,fitness,genome
26,0.0009765620003731086,"[False, True, True, True, True, True, True, True, True, True, True, True, True, True, True, True, True, True, True, True, True, True, True, True, True, False, False, True, False, False, True, False, False, False, True, False, False, False, False, True]"
26,0.9999233045860192,"[True, True, True, True, True, True, True, True, True, True, True, True, True, True, True, True, False, True, True, True, True, True, True, True, False, True, False, True, False, False, True, False, False, True, True, False, True, True, True, False]"
26,0.9999999025749318,"[True, True, True, True, True, True, True, True, True, True, True, True, True, True, True, True, True, True, True, True, True, True, True, True, True, True, False, True, False, True, True, False, False, False, True, False, False, True, True, True]"
26,0.0009670672780382126,"[False, True, True, True, True, True, True, True, True, True, False, True, True, True, True, True, True, True, True, True, True, True, True, True, True, True, False, False, False, False, True, False, False, False, False, False, False, True, True, False]"
26,0.999999930660126,"[True, True, True, True, True, True, True, True, True, True, True, True, True, True, True, True, True, True, True, True, True, True, True, True, True, True, True, False, False, False, True, False, False, False, True, True, False, True, True, True]"
26,0.999990166577703,"[True, True, True, True, True, True, True, True, True, True, True, True, True, True, True, True, True, True, True, False, True, True, True, True, True, False, False, False, False, False, False, False, True, False, False, False, True, True, True, False]"
26,0.9999951063472045,"[True, True, True, True, True, True, True, True, True, True, True, True, True, True, True, True, True, True, True, True, False, True, True, True, True, True, False, False, True, False, True, False, False, False, True, False, True, True, True, True]"
26,0.9999997441955496,"[True, True, True, True, True, True, True, True, True, True, True, True, True, True, True, True, True, True, True, True, True, True, True, True, True, False, False, True, False, False, True, False, False, False, True, False, False, False, False, True]"
26,0.9999903385889269,"[True, True, True, True, True, True, True, True, True, True, True, True, True, True, True, True, True, True, True, False, True, True, True, True, True, True, False, False, True, False, True, False, False, True, True, False, True, True, True, True]"
26,0.9998465000583202,"[True, True, True, True, True, True, True, True, True, True, True, True, True, True, True, False, True, True, True, True, True, True, True, False, False, True, True, True, False, False, True, True, True, False, True, True, True, False, False, False]"
26,0.9244937395500787,"[True, True, True, True, True, True, False, True, True, True, True, True, True, True, True, True, False, True, True, True, True, True, True, True, False, True, True, True, False, False, True, True, False, False, True, True, True, True, True, False]"
26,0.9806385004634299,"[True, True, True, True, True, True, True, True, False, True, True, True, True, True, True, True, True, True, True, True, True, True, True, False, False, True, False, False, False, False, True, False, False, False, True, False, True, True, True, False]"
26,0.9806393785813362,"[True, True, True, True, True, True, True, True, False, True, True, True, True, True, True, True, True, True, True, True, True, True, True, True, True, True, False, False, False, False, True, False, False, False, False, False, False, True, True, False]"
26,0.9999885308853519,"[True, True, True, True, True, True, True, True, True, True, True, True, True, True, True, True, True, True, True, False, True, True, False, False, True, True, False, False, False, False, True, False, False, False, False, False, False, True, True, False]"
26,0.9999987719190778,"[True, True, True, True, True, True, True, True, True, True, True, True, True, True, True, True, True, True, True, True, True, True, False, True, True, True, True, True, False, False, False, False, True, False, False, False, True, False, True, False]"
26,0.9999998557177698,"[True, True, True, True, True, True, True, True, True, True, True, True, True, True, True, True, True, True, True, True, True, True, True, True, True, True, False, False, False, False, True, False, False, False, False, False, False, True, True, True]"
26,0.263074088026705,"[True, True, False, True, True, True, True, True, True, True, True, True, True, True, True, True, True, True, True, True, False, True, True, True, True, False, True, True, False, False, True, False, False, False, True, False, False, True, True, True]"
26,0.9998853103613056,"[True, True, True, True, True, True, True, True, True, True, True, True, True, True, True, True, False, False, True, True, True, True, True, True, True, False, False, True, False, False, True, False, True, False, True, False, False, False, False, True]"
26,0.9999993753683093,"[True, True, True, True, True, True, True, True, True, True, True, True, True, True, True, True, True, True, True, True, True, True, True, False, True, True, True, True, False, False, True, True, True, False, True, True, True, False, False, False]"
26,0.9999995576946247,"[True, True, True, True, True, True, True, True, True, True, True, True, True, True, True, True, True, True, True, True, True, True, True, True, False, True, False, False, False, False, True, False, False, False, False, False, False, True, True, True]"
26,0.999999856872828,"[True, True, True, True, True, True, True, True, True, True, True, True, True, True, True, True, True, True, True, True, True, True, True, True, True, True, False, False, False, False, True, False, True, False, False, False, False, True, True, False]"
26,0.9999950503589585,"[True, True, True, True, True, True, True, True, True, True, True, True, True, True, True, True, True, True, True, True, False, True, True, True, True, False, True, True, False, False, True, False, False, False, True, False, False, False, True, True]"
26,0.9616169023192656,"[True, True, True, True, True, True, True, False, True, True, True, True, True, True, True, True, True, True, True, True, True, True, True, True, True, True, False, False, False, False, True, False, False, False, False, False, False, True, True, False]"
26,0.9999777979282012,"[True, True, True, True, True, True, True, True, True, True, True, True, True, True, True, True, True, True, False, True, True, False, True, False, True, True, False, False, False, False, False, False, False, False, True, False, True, True, True, True]"
26,0.26147419345468087,"[True, True, False, True, True, True, True, True, True, True, False, True, True, True, False, False, True, True, True, True, True, True, True, True, False, True, True, True, False, False, False, False, True, False, True, False, False, True, True, False]"
26,0.9999900200866976,"[True, True, True, True, True, True, True, True, True, True, True, True, True, True, True, True, True, True, True, False, True, True, True, True, False, True, False, False, False, False, False, True, True, False, True, False, False, False, True, True]"
26,0.999999856372606,"[True, True, True, True, True, True, True, True, True, True, True, True, True, True, True, True, True, True, True, True, True, True, True, True, True, True, False, False, False, False, True, False, False, True, False, False, True, True, True, True]"
26,0.5938312509625565,"[True, True, True, True, False, False, True, False, True, True, True, True, True, True, True, True, True, True, True, True, True, True, True, True, True, True, True, False, False, False, False, False, False, False, True, True, True, True, True, True]"
26,0.9993894289981817,"[True, True, True, True, True, True, True, True, True, True, True, True, True, False, True, True, True, True, True, True, True, True, True, True, False, True, False, True, True, False, False, True, True, False, True, False, True, False, True, True]"
26,0.05631202730312564,"[True, False, True, True, True, True, True, True, True, True, True, True, True, True, True, True, True, True, False, True, True, True, True, False, True, True, False, False, False, False, True, True, True, False, True, True, False, False, False, False]"
26,0.9987747637922736,"[True, True, True, True, True, True, True, True, True, True, True, True, False, True, True, True, True, True, True, True, False, True, True, True, False, True, False, False, False, False, True, False, True, False, True, False, True, True, True, True]"
26,0.9999999267220143,"[True, True, True, True, True, True, True, True, True, True, True, True, True, True, True, True, True, True, True, True, True, True, True, True, True, True, True, False, False, False, False, False, True, False, False, False, False, True, True, False]"
26,0.9902768157022677,"[True, True, True, True, True, True, True, True, True, False, True, True, True, True, True, True, True, True, True, True, True, True, True, True, False, True, True, False, False, False, True, False, True, False, True, False, True, True, True, False]"
26,0.2629837923176506,"[True, True, False, True, True, True, True, True, True, True, True, True, True, True, False, True, True, True, True, True, True, True, True, True, True, True, False, False, False, False, False, False, False, False, False, False, False, True, True, True]"
26,0.99999987587217,"[True, True, True, True, True, True, True, True, True, True, True, True, True, True, True, True, True, True, True, True, True, True, True, True, True, True, False, False, True, False, True, False, True, False, True, False, True, True, True, True]"
26,0.9951277773097069,"[True, True, True, True, True, True, True, True, True, True, False, True, True, True, True, True, True, True, True, True, True, True, True, True, True, True, False, False, True, False, True, False, False, False, False, False, True, False, True, True]"
26,0.9616146006574805,"[True, True, True, True, True, True, True, False, True, True, True, True, True, True, True, True, True, True, True, True, True, False, True, True, True, True, False, False, False, False, True, False, False, False, False, False, False, True, True, False]"
26,0.9610272636128538,"[True, True, True, True, True, True, True, False, True, True, True, True, True, False, True, True, True, True, True, True, True, True, True, False, True, True, False, False, False, False, True, False, False, False, False, False, False, True, True, False]"
26,0.9975550736946236,"[True, True, True, True, True, True, True, True, True, True, True, False, True, True, True, True, True, True, True, True, False, True, False, True, True, False, False, True, False, False, True, True, False, False, False, False, False, True, True, True]"
26,0.21968805631480665,"[True, True, False, True, True, False, True, True, True, True, True, True, True, True, True, True, True, False, True, True, True, False, True, True, False, True, False, False, False, False, False, False, False, False, True, False, False, True, True, True]"
26,0.9999998932617069,"[True, True, True, True, True, True, True, True, True, True, True, True, True, True, True, True, True, True, True, True, True, True, True, True, True, True, False, True, False, False, True, False, False, False, True, False, False, True, True, True]"
26,0.9616074150906594,"[True, True, True, True, True, True, True, False, True, True, True, True, True, True, True, True, True, True, True, False, True, True, True, True, False, True, False, False, False, True, False, True, False, False, True, False, True, True, True, False]"
26,0.9999568250880945,"[True, True, True, True, True, True, True, True, True, True, True, True, True, True, True, True, True, False, True, True, False, True, True, True, True, False, False, True, False, False, False, False, False, False, True, False, False, True, True, True]"
26,0.9999971738033783,"[True, True, True, True, True, True, True, True, True, True, True, True, True, True, True, True, True, True, True, True, True, False, True, True, False, True, False, False, False, False, True, False, False, False, True, False, False, True, True, True]"
26,0.9999995766848666,"[True, True, True, True, True, True, True, True, True, True, True, True, True, True, True, True, True, True, True, True, True, True, True, True, False, True, False, False, True, False, True, False, False, False, True, False, True, True, True, True]"
26,0.9999999272404262,"[True, True, True, True, True, True, True, True, True, True, True, True, True, True, True, True, True, True, True, True, True, True, True, True, True, True, True, False, False, False, False, False, True, False, True, True, True, True, True, True]"
26,0.9975406471154235,"[True, True, True, True, True, True, True, True, True, True, True, False, True, True, True, True, True, True, False, True, True, True, False, True, False, True, False, True, False, False, False, True, False, False, True, False, False, True, True, True]"
26,0.9999996298720978,"[True, True, True, True, True, True, True, True, True, True, True, True, True, True, True, True, True, True, True, True, True, True, True, True, False, True, True, False, False, False, False, True, False, False, False, False, False, True, True, True]"
26,0.26307544290748214,"[True, True, False, True, True, True, True, True, True, True, True, True, True, True, True, True, True, True, True, True, True, True, True, True, False, True, False, False, False, False, False, True, True, False, True, False, False, False, True, True]"
26,0.9999996298720978,"[True, True, True, True, True, True, True, True, True, True, True, True, True, True, True, True, True, True, True, True, True, True, True, True, False, True, True, False, False, False, False, True, False, False, False, False, False, True, True, True]"
26,0.9999882308370925,"[True, True, True, True, True, True, True, True, True, True, True, True, True, True, True, True, True, True, True, False, True, True, False, False, False, True, False, False, False, False, False, True, False, False, True, False, False, True, True, True]"
26,0.9245637524469891,"[True, True, True, True, True, True, False, True, True, True, True, True, True, True, True, True, True, True, True, True, True, True, False, True, True, False, False, False, False, False, True, False, False, False, False, False, False, True, True, True]"
26,0.9975611674100647,"[True, True, True, True, True, True, True, True, True, True, True, False, True, True, True, True, True, True, True, True, True, True, True, True, True, True, False, True, False, False, True, False, False, False, False, False, False, True, True, False]"
26,0.9782432676411659,"[True, True, True, True, True, True, True, True, False, True, True, False, True, True, True, True, True, True, True, True, True, True, True, True, True, True, True, False, False, False, True, False, True, False, True, False, True, True, True, False]"
26,0.0009765622552802277,"[False, True, True, True, True, True, True, True, True, True, True, True, True, True, True, True, True, True, True, True, True, True, True, True, True, True, False, False, True, False, True, False, False, False, True, False, True, True, True, True]"
26,0.9999801820598148,"[True, True, True, True, True, True, True, True, True, True, True, True, True, True, True, True, True, True, False, True, True, True, True, False, True, True, False, False, False, False, False, False, False, False, True, False, True, True, True, False]"
26,0.7279760482428631,"[True, True, True, True, False, True, True, True, True, True, True, True, True, True, True, True, True, True, True, True, True, True, True, True, True, True, False, False, False, False, True, False, False, False, False, False, False, True, True, False]"
26,0.9245624986796367,"[True, True, True, True, True, True, False, True, True, True, True, True, True, True, True, True, True, True, True, True, True, False, True, True, False, True, False, False, False, False, False, False, False, False, True, False, False, True, True, True]"
26,0.9999220735887446,"[True, True, True, True, True, True, True, True, True, True, True, True, True, True, True, True, False, True, True, True, True, True, False, True, False, True, False, False, False, False, False, True, True, False, True, False, True, True, True, True]"
26,0.9999903888562632,"[True, True, True, True, True, True, True, True, True, True, True, True, True, True, True, True, True, True, True, False, True, True, True, True, True, True, True, False, False, False, False, False, False, False, False, False, False, True, True, False]"
26,0.9245636144558907,"[True, True, True, True, True, True, False, True, True, True, True, True, True, True, True, True, True, True, True, True, True, True, False, True, False, True, False, False, False, False, True, False, False, True, True, False, True, True, False, True]"
26,0.9999987198687548,"[True, True, True, True, True, True, True, True, True, True, True, True, True, True, True, True, True, True, True, True, True, True, False, True, True, True, False, True, True, False, True, False, False, False, True, False, True, True, True, True]"
26,0.9616169788207359,"[True, True, True, True, True, True, True, False, True, True, True, True, True, True, True, True, True, True, True, True, True, True, True, True, True, True, True, False, False, True, False, False, False, False, False, False, True, True, True, True]"
26,0.0009741802883143259,"[False, True, True, True, True, True, True, True, True, True, True, True, False, True, True, True, True, True, True, True, True, True, True, True, False, True, True, True, False, False, True, False, False, False, True, False, True, True, False, False]"
26,0.9999999267220143,"[True, True, True, True, True, True, True, True, True, True, True, True, True, True, True, True, True, True, True, True, True, True, True, True, True, True, True, False, False, False, False, False, True, False, False, False, False, True, True, False]"
26,0.9999998557086749,"[True, True, True, True, True, True, True, True, True, True, True, True, True, True, True, True, True, True, True, True, True, True, True, True, True, True, False, False, False, False, True, False, False, False, False, False, False, True, True, False]"
26,0.0009741806506399376,"[False, True, True, True, True, True, True, True, True, True, True, True, False, True, True, True, True, True, True, True, True, True, True, True, True, True, False, False, False, False, True, False, False, False, False, False, False, True, True, False]"
26,0.9999903190076764,"[True, True, True, True, True, True, True, True, True, True, True, True, True, True, True, True, True, True, True, False, True, True, True, True, True, True, False, False, False, False, True, False, False, False, False, False, False, True, True, False]"
26,0.9616146697132324,"[True, True, True, True, True, True, True, False, True, True, True, True, True, True, True, True, True, True, True, True, True, False, True, True, True, True, True, False, False, False, False, False, True, False, True, True, True, True, True, True]"
26,0.9999995952203617,"[True, True, True, True, True, True, True, True, True, True, True, True, True, True, True, True, True, True, True, True, True, True, True, True, False, True, False, True, False, False, True, False, False, False, True, False, False, True, False, True]"
26,0.9998469993293242,"[True, True, True, True, True, True, True, True, True, True, True, True, True, True, True, False, True, True, True, True, True, True, True, True, False, True, False, False, True, False, True, False, False, False, True, False, True, True, True, True]"
26,0.980634438819868,"[True, True, True, True, True, True, True, True, False, True, True, True, True, True, True, True, True, True, True, True, False, True, True, True, False, True, False, True, False, False, True, False, True, False, True, True, True, True, True, True]"
26,0.5189376277824774,"[True, True, True, False, True, True, True, True, True, False, True, True, True, True, True, False, True, True, True, True, True, True, False, True, True, True, True, False, False, True, False, False, False, False, True, False, True, False, True, True]"
26,0.00025688714586183663,"[False, True, True, False, True, True, True, True, True, True, True, True, True, True, True, True, True, False, True, True, True, True, True, True, False, True, True, True, False, False, False, False, False, False, True, False, True, True, True, True]"
26,0.0009765612113515779,"[False, True, True, True, True, True, True, True, True, True, True, True, True, True, True, True, True, True, True, True, True, True, True, False, True, True, True, False, False, True, False, False, True, False, False, True, True, True, True, True]"
26,0.0009765418463978954,"[False, True, True, True, True, True, True, True, True, True, True, True, True, True, True, True, True, True, True, False, True, True, True, False, False, True, False, False, False, False, True, False, False, False, True, False, True, True, True, False]"
26,0.9615801453792032,"[True, True, True, True, True, True, True, False, True, True, True, True, True, True, True, True, True, False, True, True, True, True, True, True, True, True, True, False, False, False, False, False, True, False, True, True, True, True, True, True]"
26,0.9987701947605662,"[True, True, True, True, True, True, True, True, True, True, True, True, False, True, True, True, True, True, True, False, True, True, True, True, True, False, False, True, False, True, True, False, False, False, True, False, False, False, False, True]"
26,0.00093875503863712,"[False, True, True, True, True, True, True, True, False, True, True, True, True, True, True, False, True, True, False, True, True, True, True, True, True, False, False, True, False, False, True, False, False, False, True, False, False, False, False, True]"
26,0.9999608339830959,"[True, True, True, True, True, True, True, True, True, True, True, True, True, True, True, True, True, False, True, True, True, True, True, False, False, True, False, False, True, False, True, False, False, False, False, False, False, True, True, False]"
26,0.05631339183816691,"[True, False, True, True, True, True, True, True, True, True, True, True, True, True, True, True, True, True, True, True, True, True, False, True, False, True, False, False, False, False, False, True, False, False, True, False, False, True, True, True]"
26,0.056267674509659124,"[True, False, True, True, True, True, True, True, True, True, True, True, True, False, True, True, True, True, True, True, True, True, True, True, False, True, False, True, True, False, True, False, False, True, True, False, True, True, True, False]"
26,0.9806254044961991,"[True, True, True, True, True, True, True, True, False, True, True, True, True, True, True, True, True, True, True, False, False, True, True, True, True, True, True, False, False, True, False, True, True, False, False, True, True, True, True, True]"
26,0.999998882486232,"[True, True, True, True, True, True, True, True, True, True, True, True, True, True, True, True, True, True, True, True, True, True, True, False, False, False, True, False, False, False, False, False, False, False, False, False, False, True, True, True]"
26,0.9993580808515276,"[True, True, True, True, True, True, True, True, True, True, True, True, True, False, True, True, True, True, False, False, True, False, True, False, True, False, True, True, True, False, True, False, False, False, True, False, False, True, True, False]"
26,0.7277466141752449,"[True, True, True, True, False, True, True, True, True, True, True, True, True, True, False, True, True, True, True, True, True, True, True, True, False, True, True, True, False, False, True, False, False, True, False, False, True, True, True, False]"
26,0.9902249336263933,"[True, True, True, True, True, True, True, True, True, False, True, True, True, True, True, True, True, False, True, False, False, True, True, True, True, False, False, True, False, False, True, False, False, False, True, False, False, True, True, True]"
26,0.9999999271676667,"[True, True, True, True, True, True, True, True, True, True, True, True, True, True, True, True, True, True, True, True, True, True, True, True, True, True, True, False, False, False, False, False, True, False, True, True, False, True, True, True]"
26,0.9999998743351242,"[True, True, True, True, True, True, True, True, True, True, True, True, True, True, True, True, True, True, True, True, True, True, True, True, True, True, False, False, True, False, True, False, False, False, False, False, False, True, True, False]"
26,0.9963432970932887,"[True, True, True, True, True, True, True, True, True, True, True, False, False, True, True, True, True, True, True, True, True, True, True, False, True, True, True, True, False, False, True, True, True, False, True, True, False, True, False, False]"
26,0.9990844837707746,"[True, True, True, True, True, True, True, True, True, True, True, True, True, False, False, True, True, True, True, True, True, True, True, True, False, True, True, False, False, False, True, False, True, False, True, False, True, True, True, False]"
26,0.9999796709421214,"[True, True, True, True, True, True, True, True, True, True, True, True, True, True, True, True, True, True, False, True, True, True, False, True, True, True, True, False, False, True, False, False, True, False, True, False, False, True, True, True]"
26,0.9999999272404262,"[True, True, True, True, True, True, True, True, True, True, True, True, True, True, True, True, True, True, True, True, True, True, True, True, True, True, True, False, False, False, False, False, True, False, True, True, True, True, True, True]"
26,0.036297175871254424,"[True, False, True, True, False, True, True, True, True, False, True, True, True, True, True, True, True, True, True, True, True, True, False, True, False, True, False, False, False, False, True, False, False, False, True, False, True, True, False, True]"
26,0.999844978639466,"[True, True, True, True, True, True, True, True, True, True, True, True, True, True, True, False, True, True, True, True, True, False, True, True, True, True, True, False, False, True, True, False, False, False, True, False, True, True, True, True]"
26,0.9999995533290519,"[True, True, True, True, True, True, True, True, True, True, True, True, True, True, True, True, True, True, True, True, True, True, True, True, False, True, False, False, False, False, False, False, False, False, True, False, False, True, True, True]"
26,0.999999963183655,"[True, True, True, True, True, True, True, True, True, True, True, True, True, True, True, True, True, True, True, True, True, True, True, True, True, True, True, True, False, False, False, False, False, False, True, False, True, True, True, True]"
26,0.9999900331378294,"[True, True, True, True, True, True, True, True, True, True, True, True, True, True, True, True, True, True, True, False, True, True, True, True, False, True, False, False, False, True, True, True, False, False, True, True, True, True, True, False]"
26,0.9996849636915495,"[True, True, True, True, True, True, True, True, True, True, True, True, True, True, False, True, True, True, True, False, True, True, True, True, False, True, True, False, False, False, False, True, True, False, True, True, True, True, True, True]"
26,0.5244556854375457,"[True, True, True, False, True, True, True, True, True, True, True, True, True, True, True, True, True, True, True, True, False, False, False, True, True, False, True, False, False, False, True, False, True, True, False, False, False, True, False, True]"
step,fitness,genome
27,0.9999999654392019,"[True, True, True, True, True, True, True, True, True, True, True, True, True, True, True, True, True, True, True, True, True, True, True, True, True, True, True, True, False, False, False, True, False, False, True, False, False, True, True, True]"
27,0.9999996287716096,"[True, True, True, True, True, True, True, True, True, True, True, True, True, True, True, True, True, True, True, True, True, True, True, True, False, True, True, False, False, False, False, False, True, False, False, False, True, True, True, False]"
27,0.9999712470153638,"[True, True, True, True, True, True, True, True, True, True, True, True, True, True, True, True, True, True, False, False, True, True, True, True, True, True, False, False, False, False, True, False, True, False, False, False, False, True, True, False]"
27,0.9996948298187059,"[True, True, True, True, True, True, True, True, True, True, True, True, True, True, False, True, True, True, True, True, True, True, True, True, True, True, True, True, False, False, False, False, False, True, True, False, False, True, True, False]"
27,0.9999999294959729,"[True, True, True, True, True, True, True, True, True, True, True, True, True, True, True, True, True, True, True, True, True, True, True, True, True, True, True, False, False, False, False, True, True, False, True, True, False, True, True, True]"
27,0.056264464052649836,"[True, False, True, True, True, True, True, True, True, True, True, True, True, False, True, True, True, False, True, True, False, True, True, True, True, False, False, True, False, False, False, False, False, False, True, False, False, True, True, True]"
27,0.26307546488164796,"[True, True, False, True, True, True, True, True, True, True, True, True, True, True, True, True, True, True, True, True, True, True, True, True, False, True, True, False, False, False, False, True, False, False, False, False, False, True, True, True]"
27,0.9986274318317092,"[True, True, True, True, True, True, True, True, True, True, True, True, False, True, True, False, True, True, True, True, True, True, True, True, True, True, False, False, True, False, True, False, False, False, False, False, False, True, True, False]"
27,0.9616169023280458,"[True, True, True, True, True, True, True, False, True, True, True, True, True, True, True, True, True, True, True, True, True, True, True, True, True, True, False, False, False, False, True, False, False, False, False, False, False, True, True, True]"
27,0.25156426035167795,"[True, True, False, True, True, True, True, False, True, True, True, True, True, True, True, True, True, True, True, True, True, True, True, True, True, True, True, False, False, False, False, False, True, False, True, True, True, True, True, True]"
27,0.9999999272404262,"[True, True, True, True, True, True, True, True, True, True, True, True, True, True, True, True, True, True, True, True, True, True, True, True, True, True, True, False, False, False, False, False, True, False, True, True, True, True, True, True]"
27,0.9951277580767683,"[True, True, True, True, True, True, True, True, True, True, False, True, True, True, True, True, True, True, True, True, True, True, True, True, True, True, False, False, False, False, False, True, True, False, True, True, True, True, True, True]"
27,0.8542908178759343,"[True, True, True, True, True, False, True, True, True, True, True, True, True, True, True, True, True, True, True, True, True, True, True, True, True, True, True, True, False, False, False, False, False, False, True, True, False, True, True, True]"
27,0.9999993753683093,"[True, True, True, True, True, True, True, True, True, True, True, True, True, True, True, True, True, True, True, True, True, True, True, False, True, True, True, True, False, False, True, True, True, False, True, True, True, False, False, False]"
27,0.9963409204678382,"[True, True, True, True, True, True, True, True, True, True, True, False, False, True, True, True, True, True, True, True, True, False, True, False, True, True, True, True, False, False, True, True, True, False, False, True, False, True, False, False]"
27,0.924547229327012,"[True, True, True, True, True, True, False, True, True, True, True, True, True, True, True, True, True, True, False, True, True, True, True, True, True, True, False, False, False, False, True, False, False, True, False, False, True, False, False, True]"
27,0.9999998565090301,"[True, True, True, True, True, True, True, True, True, True, True, True, True, True, True, True, True, True, True, True, True, True, True, True, True, True, False, False, False, False, True, False, False, True, False, True, True, True, True, False]"
27,0.9615986018902537,"[True, True, True, True, True, True, True, False, True, True, True, True, True, True, True, True, True, True, False, True, True, True, True, True, True, True, True, True, False, True, False, False, False, False, True, False, True, True, False, True]"
27,0.999979311298175,"[True, True, True, True, True, True, True, True, True, True, True, True, True, True, True, True, True, True, False, True, True, True, False, True, False, True, False, False, True, False, True, False, False, False, True, False, True, True, True, True]"
27,0.9999998931161878,"[True, True, True, True, True, True, True, True, True, True, True, True, True, True, True, True, True, True, True, True, True, True, True, True, True, True, False, True, False, False, True, False, False, False, False, True, False, True, True, True]"
27,0.9999900947009752,"[True, True, True, True, True, True, True, True, True, True, True, True, True, True, True, True, True, True, True, False, True, True, True, True, False, True, True, False, False, False, False, True, True, False, True, False, True, True, True, True]"
27,0.7279758843315164,"[True, True, True, True, False, True, True, True, True, True, True, True, True, True, True, True, True, True, True, True, True, True, True, True, False, True, True, False, False, True, False, False, False, True, False, True, False, True, True, True]"
27,0.9999950874297981,"[True, True, True, True, True, True, True, True, True, True, True, True, True, True, True, True, True, True, True, True, False, True, True, True, True, True, False, False, False, False, True, False, False, False, False, False, True, True, True, True]"
27,0.5243217385789328,"[True, True, True, False, True, True, True, True, True, True, True, True, True, True, True, False, False, True, False, True, True, True, True, True, True, True, True, False, False, False, False, False, True, False, True, True, True, True, True, True]"
27,0.9975135673221228,"[True, True, True, True, True, True, True, True, True, True, True, False, True, True, True, True, True, False, True, False, True, True, True, True, True, True, False, False, True, False, False, False, True, False, False, False, False, True, True, False]"
27,0.644447553197813,"[True, True, True, True, False, True, False, False, True, True, True, True, True, True, True, False, True, True, True, False, True, True, True, True, True, True, False, True, True, False, True, False, False, True, True, False, True, True, True, True]"
27,0.0009763940493539429,"[False, True, True, True, True, True, True, True, True, True, True, True, True, True, True, True, False, True, True, False, True, True, True, True, False, True, False, False, True, False, True, False, False, True, True, False, True, True, True, True]"
27,0.727889845485764,"[True, True, True, True, False, True, True, True, True, True, True, True, True, True, True, True, False, False, True, True, True, True, True, True, False, True, False, False, True, False, True, False, False, False, True, False, True, True, True, True]"
27,0.8532319557871969,"[True, True, True, True, True, False, True, True, True, True, True, True, False, True, True, True, True, True, True, True, True, True, True, True, True, True, False, True, False, False, False, False, False, False, True, False, True, True, True, True]"
27,0.9999971738033783,"[True, True, True, True, True, True, True, True, True, True, True, True, True, True, True, True, True, True, True, True, True, False, True, True, False, True, False, False, False, False, True, False, False, False, True, False, False, True, True, True]"
27,0.9616166508645113,"[True, True, True, True, True, True, True, False, True, True, True, True, True, True, True, True, True, True, True, True, True, True, True, True, False, True, False, True, False, False, True, False, False, False, True, False, False, True, True, True]"
27,0.05567472529154129,"[True, False, True, True, True, True, True, True, True, True, False, False, False, True, True, True, True, True, True, True, False, True, False, True, False, True, False, False, False, False, False, False, True, False, True, False, False, False, True, True]"
27,0.9878596787857812,"[True, True, True, True, True, True, True, True, True, False, True, False, True, True, True, True, True, True, True, True, True, True, True, True, True, True, False, False, True, False, False, False, True, False, True, False, True, True, True, True]"
27,0.9245646528050364,"[True, True, True, True, True, True, False, True, True, True, True, True, True, True, True, True, True, True, True, True, True, True, True, True, False, False, True, False, False, False, False, True, False, False, False, False, False, False, True, True]"
27,0.9951277793742597,"[True, True, True, True, True, True, True, True, True, True, False, True, True, True, True, True, True, True, True, True, True, True, True, True, True, True, False, False, True, False, True, False, True, True, True, False, True, True, True, True]"
27,0.9998473587031004,"[True, True, True, True, True, True, True, True, True, True, True, True, True, True, True, False, True, True, True, True, True, True, True, True, True, True, True, False, False, True, False, False, True, False, False, False, True, True, True, False]"
27,0.9245650371329692,"[True, True, True, True, True, True, False, True, True, True, True, True, True, True, True, True, True, True, True, True, True, True, True, True, True, True, False, True, False, False, True, False, False, False, True, False, False, True, True, True]"
27,0.9999999115880236,"[True, True, True, True, True, True, True, True, True, True, True, True, True, True, True, True, True, True, True, True, True, True, True, True, True, True, False, True, True, False, True, False, False, False, False, False, False, True, True, False]"
27,0.9999996298720978,"[True, True, True, True, True, True, True, True, True, True, True, True, True, True, True, True, True, True, True, True, True, True, True, True, False, True, True, False, False, False, False, True, False, False, False, False, False, True, True, True]"
27,0.9951087875988311,"[True, True, True, True, True, True, True, True, True, True, False, True, True, True, True, True, True, True, False, True, True, True, True, True, True, True, False, False, True, False, True, False, False, False, False, False, False, True, True, False]"
27,0.05631348292481997,"[True, False, True, True, True, True, True, True, True, True, True, True, True, True, True, True, True, True, True, True, True, True, True, True, False, True, False, False, True, False, True, False, False, False, True, False, True, True, True, True]"
27,0.03679311875006249,"[True, False, True, True, False, True, True, True, True, True, True, True, True, True, True, True, True, True, False, True, True, True, True, False, True, True, False, False, False, False, False, False, False, False, True, False, True, True, True, False]"
27,0.9999997253235391,"[True, True, True, True, True, True, True, True, True, True, True, True, True, True, True, True, True, True, True, True, True, True, True, True, True, False, False, False, True, False, True, False, False, False, False, False, False, True, True, False]"
27,0.9999388432576075,"[True, True, True, True, True, True, True, True, True, True, True, True, True, True, True, True, True, False, False, True, True, False, False, True, False, True, True, False, False, True, False, False, True, False, True, False, False, True, True, True]"
27,0.0009739577929411207,"[False, True, True, True, True, True, True, True, True, True, True, True, False, True, True, True, False, False, True, True, True, True, True, True, True, True, True, False, False, False, True, False, False, False, True, True, False, True, True, True]"
27,0.9999793729243902,"[True, True, True, True, True, True, True, True, True, True, True, True, True, True, True, True, True, True, False, True, True, True, False, True, False, True, True, False, False, True, False, False, True, False, True, False, False, True, True, True]"
27,0.9999992550058547,"[True, True, True, True, True, True, True, True, True, True, True, True, True, True, True, True, True, True, True, True, True, True, True, False, True, True, False, False, False, False, False, False, False, False, False, False, False, True, True, False]"
27,0.03679412016819805,"[True, False, True, True, False, True, True, True, True, True, True, True, True, True, True, True, True, True, True, True, True, True, True, True, True, False, False, True, False, False, True, False, False, False, True, False, False, False, False, True]"
27,0.9993849250102738,"[True, True, True, True, True, True, True, True, True, True, True, True, True, False, True, True, True, True, True, True, False, True, True, True, True, True, False, False, True, False, True, False, False, False, True, False, False, True, True, True]"
27,0.9999998744078837,"[True, True, True, True, True, True, True, True, True, True, True, True, True, True, True, True, True, True, True, True, True, True, True, True, True, True, False, False, True, False, True, False, False, False, False, False, True, True, True, False]"
27,0.5243751000343563,"[True, True, True, False, True, True, True, True, True, True, True, True, True, True, True, False, True, True, True, True, True, True, True, True, True, True, True, True, False, False, False, False, True, False, True, True, True, True, True, True]"
27,0.9999975370183178,"[True, True, True, True, True, True, True, True, True, True, True, True, True, True, True, True, True, True, True, True, True, False, True, True, True, True, False, True, True, True, True, False, False, False, True, False, False, True, True, True]"
27,0.9999987722828753,"[True, True, True, True, True, True, True, True, True, True, True, True, True, True, True, True, True, True, True, True, True, True, False, True, True, True, True, True, False, False, False, False, True, False, True, True, False, False, True, False]"
27,0.9999999291321751,"[True, True, True, True, True, True, True, True, True, True, True, True, True, True, True, True, True, True, True, True, True, True, True, True, True, True, True, False, False, False, False, True, True, False, False, False, True, True, True, True]"
27,0.9758520568957596,"[True, True, True, True, True, True, True, True, False, True, False, True, True, True, True, True, True, True, True, True, True, True, True, True, False, True, True, False, False, False, False, False, True, False, True, True, True, True, True, True]"
27,0.0009765622204103513,"[False, True, True, True, True, True, True, True, True, True, True, True, True, True, True, True, True, True, True, True, True, True, True, True, True, True, False, False, False, False, True, False, True, False, False, False, False, True, False, False]"
27,0.0008342505037044844,"[False, True, True, True, True, True, False, True, True, True, True, True, True, True, True, True, True, True, True, False, True, True, True, False, False, True, False, False, False, True, True, True, False, False, True, True, True, True, True, False]"
27,0.9806394843247811,"[True, True, True, True, True, True, True, True, False, True, True, True, True, True, True, True, True, True, True, True, True, True, True, True, True, True, True, True, False, False, False, False, False, False, True, True, True, True, True, True]"
27,0.9999995533290519,"[True, True, True, True, True, True, True, True, True, True, True, True, True, True, True, True, True, True, True, True, True, True, True, True, False, True, False, False, False, False, False, False, False, False, True, False, False, True, True, True]"
27,0.9993580808151687,"[True, True, True, True, True, True, True, True, True, True, True, True, True, False, True, True, True, True, False, False, True, False, True, False, True, False, True, True, True, False, True, False, False, False, True, False, False, False, True, False]"
27,0.9999992603263952,"[True, True, True, True, True, True, True, True, True, True, True, True, True, True, True, True, True, True, True, True, True, True, True, False, True, True, False, False, False, False, True, False, False, True, False, False, True, True, True, True]"
27,0.9896722404934394,"[True, True, True, True, True, True, True, True, True, False, True, True, True, False, True, True, True, True, True, True, True, True, True, True, True, True, False, True, False, True, True, False, False, False, True, False, False, True, False, True]"
27,0.7279761326145382,"[True, True, True, True, False, True, True, True, True, True, True, True, True, True, True, True, True, True, True, True, True, True, True, True, True, True, True, True, False, False, True, False, False, False, True, True, True, True, True, True]"
27,0.9996900249516889,"[True, True, True, True, True, True, True, True, True, True, True, True, True, True, False, True, True, True, True, True, False, True, True, True, True, True, True, False, False, False, False, False, False, False, True, False, False, True, True, True]"
27,0.5698413361146676,"[True, True, True, True, False, False, False, True, True, True, True, True, True, True, True, True, True, True, True, True, True, True, True, True, True, True, False, False, True, False, True, False, True, False, True, False, True, False, False, True]"
27,0.9616169746765038,"[True, True, True, True, True, True, True, False, True, True, True, True, True, True, True, True, True, True, True, True, True, True, True, True, True, True, True, False, False, False, True, False, False, False, True, True, False, True, True, True]"
27,0.9245646506693167,"[True, True, True, True, True, True, False, True, True, True, True, True, True, True, True, True, True, True, True, True, True, True, True, True, False, False, True, False, False, False, False, False, False, False, False, False, False, True, True, True]"
27,0.056313505389202934,"[True, False, True, True, True, True, True, True, True, True, True, True, True, True, True, True, True, True, True, True, True, True, True, True, True, True, False, False, True, False, True, False, True, False, True, False, True, True, True, True]"
27,0.9999974837584275,"[True, True, True, True, True, True, True, True, True, True, True, True, True, True, True, True, True, True, True, True, True, False, True, True, True, True, False, False, False, True, True, True, False, True, False, False, False, True, True, True]"
27,0.9999998886050945,"[True, True, True, True, True, True, True, True, True, True, True, True, True, True, True, True, True, True, True, True, True, True, True, True, True, True, False, True, False, False, False, False, False, False, True, False, False, True, True, True]"
27,0.9999796465681097,"[True, True, True, True, True, True, True, True, True, True, True, True, True, True, True, True, True, True, False, True, True, True, False, True, True, True, False, True, True, False, True, False, False, False, True, False, True, True, True, True]"
27,0.056313465883962854,"[True, False, True, True, True, True, True, True, True, True, True, True, True, True, True, True, True, True, True, True, True, True, True, False, True, True, True, False, True, False, False, False, True, False, True, True, False, True, False, True]"
27,0.05631309831365436,"[True, False, True, True, True, True, True, True, True, True, True, True, True, True, True, True, True, True, True, True, False, True, True, False, True, False, True, True, False, False, True, False, False, False, True, False, False, False, True, True]"
27,0.999970947844864,"[True, True, True, True, True, True, True, True, True, True, True, True, True, True, True, True, True, True, False, False, True, True, True, True, False, True, False, False, False, False, True, False, False, False, False, False, False, True, True, True]"
27,0.9902768303431466,"[True, True, True, True, True, True, True, True, True, False, True, True, True, True, True, True, True, True, True, True, True, True, True, True, False, True, True, False, True, False, False, True, False, False, False, False, False, True, True, False]"
27,0.9211489170327937,"[True, True, True, True, True, True, False, True, True, True, True, False, False, True, True, True, True, True, True, False, True, True, True, True, False, False, False, True, False, True, True, False, False, False, True, False, False, False, False, True]"
27,0.9999994462088141,"[True, True, True, True, True, True, True, True, True, True, True, True, True, True, True, True, True, True, True, True, True, True, True, True, False, False, False, True, False, False, True, False, False, False, True, False, False, True, False, True]"
27,0.999999856372606,"[True, True, True, True, True, True, True, True, True, True, True, True, True, True, True, True, True, True, True, True, True, True, True, True, True, True, False, False, False, False, True, False, False, True, False, False, True, True, True, True]"
27,0.9999999271585718,"[True, True, True, True, True, True, True, True, True, True, True, True, True, True, True, True, True, True, True, True, True, True, True, True, True, True, True, False, False, False, False, False, True, False, True, True, False, True, True, False]"
27,0.7270592605469879,"[True, True, True, True, False, True, True, True, True, True, True, True, False, True, True, True, True, True, True, True, True, True, True, True, True, True, False, False, False, False, True, False, True, False, False, False, False, True, True, False]"
27,0.9987795358461239,"[True, True, True, True, True, True, True, True, True, True, True, True, False, True, True, True, True, True, True, True, True, True, True, True, False, True, False, False, False, True, True, False, True, False, False, False, False, True, True, False]"
27,0.9999900293907448,"[True, True, True, True, True, True, True, True, True, True, True, True, True, True, True, True, True, True, True, False, True, True, True, True, False, True, False, False, False, True, False, True, True, False, True, False, False, False, True, False]"
27,0.8209873689401644,"[True, True, True, True, True, False, True, False, True, True, True, True, True, True, True, True, True, True, True, True, True, False, True, True, True, True, True, False, False, False, True, False, True, False, True, True, True, True, True, True]"
27,0.9998472003272748,"[True, True, True, True, True, True, True, True, True, True, True, True, True, True, True, False, True, True, True, True, True, True, True, True, True, False, True, False, False, False, False, False, True, False, False, False, False, True, True, False]"
27,0.9999701106226281,"[True, True, True, True, True, True, True, True, True, True, True, True, True, True, True, True, True, True, False, False, True, True, False, True, True, True, False, True, True, False, True, False, False, True, True, False, True, True, True, True]"
27,0.9999885308853519,"[True, True, True, True, True, True, True, True, True, True, True, True, True, True, True, True, True, True, True, False, True, True, False, False, True, True, False, False, False, False, True, False, False, False, False, False, False, True, True, False]"
27,0.999997192493447,"[True, True, True, True, True, True, True, True, True, True, True, True, True, True, True, True, True, True, True, True, True, False, True, True, False, True, False, False, True, False, True, False, False, False, True, False, True, True, True, False]"
27,0.7279617691214489,"[True, True, True, True, False, True, True, True, True, True, True, True, True, True, True, True, True, True, False, True, True, True, True, True, True, True, True, False, False, False, False, False, True, False, True, True, False, True, True, True]"
27,0.9999998947896579,"[True, True, True, True, True, True, True, True, True, True, True, True, True, True, True, True, True, True, True, True, True, True, True, True, True, True, False, True, False, False, True, False, True, True, False, False, True, True, True, True]"
27,0.9999940210252021,"[True, True, True, True, True, True, True, True, True, True, True, True, True, True, True, True, True, True, True, True, False, True, False, True, True, True, True, True, True, False, False, False, False, False, False, False, True, False, True, False]"
27,0.05631346453047348,"[True, False, True, True, True, True, True, True, True, True, True, True, True, True, True, True, True, True, True, True, True, True, True, False, True, True, True, False, False, False, False, False, True, True, True, True, False, True, True, True]"
27,0.9999999267220143,"[True, True, True, True, True, True, True, True, True, True, True, True, True, True, True, True, True, True, True, True, True, True, True, True, True, True, True, False, False, False, False, False, True, False, False, False, False, True, True, False]"
27,0.9999987339113369,"[True, True, True, True, True, True, True, True, True, True, True, True, True, True, True, True, True, True, True, True, True, True, False, True, True, True, True, False, False, False, False, False, False, False, True, True, False, True, True, True]"
27,0.9993873091150038,"[True, True, True, True, True, True, True, True, True, True, True, True, True, False, True, True, True, True, True, True, True, False, True, True, True, True, False, False, True, False, True, False, True, False, True, False, True, True, True, True]"
27,0.999961709395802,"[True, True, True, True, True, True, True, True, True, True, True, True, True, True, True, True, True, False, True, True, True, True, True, True, True, True, False, False, False, False, True, False, False, False, False, False, False, True, True, False]"
27,0.9999808898616671,"[True, True, True, True, True, True, True, True, True, True, True, True, True, True, True, True, True, True, False, True, True, True, True, True, True, True, True, True, False, False, False, False, False, False, True, False, True, True, True, True]"
27,0.999999778228834,"[True, True, True, True, True, True, True, True, True, True, True, True, True, True, True, True, True, True, True, True, True, True, True, True, True, False, True, False, False, False, False, False, True, False, True, True, True, True, True, True]"
27,0.7279761019823907,"[True, True, True, True, False, True, True, True, True, True, True, True, True, True, True, True, True, True, True, True, True, True, True, True, True, True, True, False, False, False, False, False, True, False, True, True, True, True, False, True]"
27,0.9999994473911566,"[True, True, True, True, True, True, True, True, True, True, True, True, True, True, True, True, True, True, True, True, True, True, True, True, False, False, False, True, False, False, True, False, True, False, True, False, False, True, True, True]"
27,0.9245637523961386,"[True, True, True, True, True, True, False, True, True, True, True, True, True, True, True, True, True, True, True, True, True, True, False, True, True, False, False, False, False, False, True, False, False, False, False, False, False, False, False, True]"
step,fitness,genome
28,0.05275215847315021,"[True, False, True, True, True, True, True, False, True, False, True, True, True, True, True, True, True, True, True, False, True, True, True, True, True, True, True, True, False, False, False, True, False, False, True, False, False, True, True, False]"
28,0.9854095552397455,"[True, True, True, True, True, True, True, True, True, False, False, True, True, True, True, True, True, False, True, True, True, True, True, True, False, False, False, True, False, False, True, True, False, False, True, False, False, True, False, True]"
28,0.9951277793742597,"[True, True, True, True, True, True, True, True, True, True, False, True, True, True, True, True, True, True, True, True, True, True, True, True, True, True, False, False, True, False, True, False, True, True, True, False, True, True, True, True]"
28,0.5244604021840785,"[True, True, True, False, True, True, True, True, True, True, True, True, True, True, True, True, True, True, True, True, True, True, True, True, True, True, False, False, True, False, False, False, False, False, False, False, True, True, True, False]"
28,0.9993870100835606,"[True, True, True, True, True, True, True, True, True, True, True, True, True, False, True, True, True, True, True, True, True, False, True, True, False, True, False, False, True, False, True, False, False, False, True, False, True, True, True, False]"
28,0.9999781192190208,"[True, True, True, True, True, True, True, True, True, True, True, True, True, True, True, True, True, True, False, True, True, False, True, True, False, True, False, False, True, False, True, False, False, False, True, False, True, True, True, False]"
28,0.9996923525655469,"[True, True, True, True, True, True, True, True, True, True, True, True, True, True, False, True, True, True, True, True, True, False, True, True, True, True, False, False, True, False, False, False, False, False, True, False, False, False, True, False]"
28,0.26304112728110673,"[True, True, False, True, True, True, True, True, True, True, True, True, True, True, True, True, False, False, True, True, True, True, True, True, True, True, False, False, False, False, True, False, False, False, False, False, True, True, True, True]"
28,0.999999856372606,"[True, True, True, True, True, True, True, True, True, True, True, True, True, True, True, True, True, True, True, True, True, True, True, True, True, True, False, False, False, False, True, False, False, True, False, False, True, True, True, True]"
28,0.999999856372606,"[True, True, True, True, True, True, True, True, True, True, True, True, True, True, True, True, True, True, True, True, True, True, True, True, True, True, False, False, False, False, True, False, False, True, False, False, True, True, True, True]"
28,0.0009390790115901581,"[False, True, True, True, True, True, True, True, False, True, True, True, True, True, True, True, True, True, True, True, True, True, True, True, True, True, True, False, False, False, True, False, False, False, True, True, True, True, True, True]"
28,0.999999873170971,"[True, True, True, True, True, True, True, True, True, True, True, True, True, True, True, True, True, True, True, True, True, True, True, True, True, True, False, False, True, False, False, True, True, False, False, False, False, True, True, False]"
28,0.5244576512455446,"[True, True, True, False, True, True, True, True, True, True, True, True, True, True, True, True, True, True, True, True, False, True, True, True, True, False, False, False, True, False, False, False, False, False, False, False, False, True, True, False]"
28,0.5029694286715422,"[True, True, True, False, True, True, True, False, True, True, True, True, True, True, True, True, False, True, True, True, False, True, True, True, True, True, False, False, True, False, True, False, False, False, False, False, False, True, True, False]"
28,0.999922969051162,"[True, True, True, True, True, True, True, True, True, True, True, True, True, True, True, True, False, True, True, True, True, True, True, False, True, True, False, False, False, False, True, False, False, True, False, False, True, True, True, True]"
28,0.9999999271585718,"[True, True, True, True, True, True, True, True, True, True, True, True, True, True, True, True, True, True, True, True, True, True, True, True, True, True, True, False, False, False, False, False, True, False, True, True, False, True, True, False]"
28,0.2196985051424456,"[True, True, False, True, True, False, True, True, True, True, True, True, True, True, True, True, True, True, True, True, True, True, True, True, True, True, False, True, False, False, True, False, True, True, False, False, True, True, True, True]"
28,0.7279761034176319,"[True, True, True, True, False, True, True, True, True, True, True, True, True, True, True, True, True, True, True, True, True, True, True, True, True, True, True, False, False, False, False, True, True, False, False, False, True, True, True, True]"
28,0.9993871790199088,"[True, True, True, True, True, True, True, True, True, True, True, True, True, False, True, True, True, True, True, True, True, False, True, True, True, False, False, True, False, False, True, False, True, True, False, False, False, True, True, True]"
28,0.7279759900199196,"[True, True, True, True, False, True, True, True, True, True, True, True, True, True, True, True, True, True, True, True, True, True, True, True, True, False, True, False, False, False, False, False, True, False, True, True, True, True, True, True]"
28,0.8128465963051115,"[True, True, True, True, True, False, True, False, True, False, True, True, True, True, True, True, True, True, True, True, True, False, True, True, True, False, False, True, False, False, False, False, False, True, True, False, True, True, True, True]"
28,0.9999947162849031,"[True, True, True, True, True, True, True, True, True, True, True, True, True, True, True, True, True, True, True, True, False, True, True, True, False, False, True, False, False, False, True, False, True, False, True, False, False, True, True, True]"
28,0.9951261474370595,"[True, True, True, True, True, True, True, True, True, True, False, True, True, True, True, True, True, True, True, True, True, True, False, True, False, False, False, False, True, False, True, False, True, True, True, False, True, True, True, True]"
28,0.7279759900199196,"[True, True, True, True, False, True, True, True, True, True, True, True, True, True, True, True, True, True, True, True, True, True, True, True, True, False, True, False, False, False, False, False, True, False, True, True, True, True, True, True]"
28,0.9999293070802827,"[True, True, True, True, True, True, True, True, True, True, True, True, True, True, True, True, True, False, False, False, True, False, False, True, False, True, True, False, False, True, False, False, True, False, True, False, False, True, True, True]"
28,0.9999975812378531,"[True, True, True, True, True, True, True, True, True, True, True, True, True, True, True, True, True, True, True, True, True, False, True, True, True, True, True, True, False, False, False, True, False, False, True, False, False, True, False, True]"
28,0.05612742638182572,"[True, False, True, True, True, True, True, True, True, True, True, False, True, True, True, True, True, False, True, True, True, False, True, True, True, True, False, False, False, True, True, False, False, False, False, False, False, True, True, False]"
28,0.0009762631363501051,"[False, True, True, True, True, True, True, True, True, True, True, True, True, True, True, False, True, True, True, True, True, True, True, False, True, True, False, True, False, False, False, False, False, False, True, False, False, True, True, True]"
28,0.999999862920967,"[True, True, True, True, True, True, True, True, True, True, True, True, True, True, True, True, True, True, True, True, True, True, True, True, True, True, False, False, False, True, False, True, False, False, False, True, True, True, True, True]"
28,0.9987394161049247,"[True, True, True, True, True, True, True, True, True, True, True, True, False, True, True, True, True, False, True, True, True, False, True, True, True, True, True, False, False, False, True, True, True, True, True, True, False, True, True, True]"
28,0.9999617828167814,"[True, True, True, True, True, True, True, True, True, True, True, True, True, True, True, True, True, False, True, True, True, True, True, True, True, True, True, False, False, False, False, True, True, False, False, False, True, True, True, True]"
28,0.9996757275567907,"[True, True, True, True, True, True, True, True, True, True, True, True, True, True, False, True, True, True, False, True, True, True, True, True, True, True, True, False, False, False, False, True, True, False, True, True, False, True, True, True]"
28,0.9999998885687147,"[True, True, True, True, True, True, True, True, True, True, True, True, True, True, True, True, True, True, True, True, True, True, True, True, True, True, False, True, False, False, False, False, False, False, True, False, False, False, True, True]"
28,0.9999999292776942,"[True, True, True, True, True, True, True, True, True, True, True, True, True, True, True, True, True, True, True, True, True, True, True, True, True, True, True, False, False, False, False, True, True, False, False, True, True, True, True, True]"
28,0.9245605761901796,"[True, True, True, True, True, True, False, True, True, True, True, True, True, True, True, True, True, True, True, True, False, True, True, True, True, True, False, False, True, False, True, False, False, False, False, False, True, True, True, False]"
28,0.9998449648170753,"[True, True, True, True, True, True, True, True, True, True, True, True, True, True, True, False, True, True, True, True, True, False, True, True, True, True, True, False, False, False, False, False, False, False, True, True, True, True, True, True]"
28,0.9975135673221228,"[True, True, True, True, True, True, True, True, True, True, True, False, True, True, True, True, True, False, True, False, True, True, True, True, True, True, False, False, True, False, False, False, True, False, False, False, False, True, True, False]"
28,0.920024800013641,"[True, True, True, True, True, True, False, True, True, True, False, True, True, True, True, True, True, True, True, True, True, True, True, True, False, True, False, True, False, False, True, False, True, False, True, False, False, True, True, True]"
28,0.05631350392508434,"[True, False, True, True, True, True, True, True, True, True, True, True, True, True, True, True, True, True, True, True, True, True, True, True, True, True, False, False, False, False, True, False, False, True, False, False, True, True, True, True]"
28,0.9999805565558315,"[True, True, True, True, True, True, True, True, True, True, True, True, True, True, True, True, True, True, False, True, True, True, True, True, False, True, True, False, False, False, False, True, False, False, False, False, False, True, True, True]"
28,0.7279724942725919,"[True, True, True, True, False, True, True, True, True, True, True, True, True, True, True, True, True, True, True, True, False, True, True, True, True, True, False, True, False, False, True, False, True, False, True, True, True, True, True, True]"
28,0.9902771251801998,"[True, True, True, True, True, True, True, True, True, False, True, True, True, True, True, True, True, True, True, True, True, True, True, True, True, True, True, False, True, False, False, False, True, True, False, False, False, True, True, False]"
28,0.056312026749996885,"[True, False, True, True, True, True, True, True, True, True, True, True, True, True, True, True, True, True, False, True, True, True, True, False, True, True, False, False, False, False, False, False, True, False, False, False, False, True, True, False]"
28,0.9999903201718195,"[True, True, True, True, True, True, True, True, True, True, True, True, True, True, True, True, True, True, True, False, True, True, True, True, True, True, False, False, False, False, True, False, True, False, False, False, False, True, True, False]"
28,0.8458533854499991,"[True, True, True, True, True, False, True, True, True, False, True, True, True, True, True, True, True, True, True, True, True, True, True, True, True, True, False, True, False, False, True, False, False, False, False, False, False, True, True, True]"
28,0.9996923758876268,"[True, True, True, True, True, True, True, True, True, True, True, True, True, True, False, True, True, True, True, True, True, False, True, True, True, True, False, True, False, False, True, False, False, False, True, False, False, True, True, True]"
28,0.999694201530656,"[True, True, True, True, True, True, True, True, True, True, True, True, True, True, False, True, True, True, True, True, True, True, True, False, True, True, True, False, False, False, True, False, False, True, True, True, True, False, True, False]"
28,0.9998472800699003,"[True, True, True, True, True, True, True, True, True, True, True, True, True, True, True, False, True, True, True, True, True, True, True, True, True, True, False, False, False, False, True, False, True, True, False, False, False, True, True, True]"
28,0.9999999700958146,"[True, True, True, True, True, True, True, True, True, True, True, True, True, True, True, True, True, True, True, True, True, True, True, True, True, True, True, True, False, False, True, True, False, False, True, False, False, True, True, True]"
28,0.6186750366671669,"[True, True, True, True, False, False, True, True, True, True, True, True, True, True, True, True, False, True, True, True, True, False, True, True, False, True, True, False, False, False, True, False, False, False, True, False, True, False, True, True]"
28,0.9951275327779484,"[True, True, True, True, True, True, True, True, True, True, False, True, True, True, True, True, True, True, True, True, True, True, True, True, False, True, True, False, False, False, False, False, True, False, False, False, True, True, True, False]"
28,0.9996852974906233,"[True, True, True, True, True, True, True, True, True, True, True, True, True, True, False, True, True, True, True, False, True, True, True, True, True, True, True, True, False, False, False, True, False, False, True, False, False, True, True, True]"
28,0.9999998933981311,"[True, True, True, True, True, True, True, True, True, True, True, True, True, True, True, True, True, True, True, True, True, True, True, True, True, True, False, True, False, False, True, False, False, False, True, True, False, True, True, False]"
28,0.9992754139850245,"[True, True, True, True, True, True, True, True, True, True, True, True, True, False, True, True, False, False, True, True, True, True, True, True, True, True, True, True, False, False, True, True, False, False, True, False, False, True, True, True]"
28,0.9999938917412334,"[True, True, True, True, True, True, True, True, True, True, True, True, True, True, True, True, True, True, True, True, False, True, False, True, True, True, False, False, False, False, False, False, True, False, False, False, False, False, True, True]"
28,0.26307521358162067,"[True, True, False, True, True, True, True, True, True, True, True, True, True, True, True, True, True, True, True, True, True, True, False, True, True, True, True, True, True, False, True, False, False, False, False, False, True, False, True, False]"
28,0.9615801125074441,"[True, True, True, True, True, True, True, False, True, True, True, True, True, True, True, True, True, False, True, True, True, True, True, True, True, True, False, True, False, False, True, False, False, False, False, True, True, True, True, True]"
28,0.7270593269574623,"[True, True, True, True, False, True, True, True, True, True, True, True, False, True, True, True, True, True, True, True, True, True, True, True, True, True, True, False, True, False, False, False, True, False, False, False, False, True, True, False]"
28,0.999999915744414,"[True, True, True, True, True, True, True, True, True, True, True, True, True, True, True, True, True, True, True, True, True, True, True, True, True, True, False, True, True, False, True, True, True, True, False, False, True, True, True, True]"
28,0.9999999666033551,"[True, True, True, True, True, True, True, True, True, True, True, True, True, True, True, True, True, True, True, True, True, True, True, True, True, True, True, True, False, False, False, True, True, False, True, False, False, True, True, True]"
28,0.9999783989104536,"[True, True, True, True, True, True, True, True, True, True, True, True, True, True, True, True, True, True, False, True, True, False, True, True, True, True, False, False, False, False, True, False, False, True, False, False, True, True, True, True]"
28,0.9951277982812167,"[True, True, True, True, True, True, True, True, True, True, False, True, True, True, True, True, True, True, True, True, True, True, True, True, True, True, False, True, False, False, True, True, False, False, False, True, False, True, True, True]"
28,0.9999985332315777,"[True, True, True, True, True, True, True, True, True, True, True, True, True, True, True, True, True, True, True, True, True, True, False, True, True, False, False, False, True, False, True, False, False, False, False, False, False, True, True, False]"
28,0.9999901133272608,"[True, True, True, True, True, True, True, True, True, True, True, True, True, True, True, True, True, True, True, False, True, True, True, True, False, True, True, False, True, False, False, True, True, False, True, False, True, True, True, True]"
28,0.9999998955900131,"[True, True, True, True, True, True, True, True, True, True, True, True, True, True, True, True, True, True, True, True, True, True, True, True, True, True, False, True, False, False, True, True, False, False, True, False, False, True, True, True]"
28,0.999995197078,"[True, True, True, True, True, True, True, True, True, True, True, True, True, True, True, True, True, True, True, True, False, True, True, True, True, True, True, True, False, False, False, True, False, False, True, False, False, True, True, True]"
28,0.9999999654392019,"[True, True, True, True, True, True, True, True, True, True, True, True, True, True, True, True, True, True, True, True, True, True, True, True, True, True, True, True, False, False, False, True, False, False, True, False, False, True, True, True]"
28,0.26307440061584997,"[True, True, False, True, True, True, True, True, True, True, True, True, True, True, True, True, True, True, True, True, True, False, False, True, False, True, True, True, False, False, False, False, True, False, True, True, False, False, True, False]"
28,0.9999326910089599,"[True, True, True, True, True, True, True, True, True, True, True, True, True, True, True, True, True, False, False, False, True, True, True, True, False, False, False, True, False, False, True, False, False, False, True, False, False, False, False, True]"
28,0.2630755431311298,"[True, True, False, True, True, True, True, True, True, True, True, True, True, True, True, True, True, True, True, True, True, True, True, True, True, True, False, True, False, False, False, False, True, True, False, False, True, True, True, True]"
28,0.854290740768646,"[True, True, True, True, True, False, True, True, True, True, True, True, True, True, True, True, True, True, True, True, True, True, True, True, True, True, False, False, True, False, True, False, False, False, False, False, True, True, True, False]"
28,0.9896720559611629,"[True, True, True, True, True, True, True, True, True, False, True, True, True, False, True, True, True, True, True, True, True, True, True, True, True, False, False, False, False, True, True, False, False, False, True, False, False, True, False, True]"
28,0.9951278810806529,"[True, True, True, True, True, True, True, True, True, True, False, True, True, True, True, True, True, True, True, True, True, True, True, True, True, True, True, True, False, True, True, False, True, True, False, False, True, True, True, True]"
28,0.9999885308489725,"[True, True, True, True, True, True, True, True, True, True, True, True, True, True, True, True, True, True, True, False, True, True, False, False, True, True, False, False, False, False, True, False, False, False, False, False, False, False, True, False]"
28,0.0008342677568956118,"[False, True, True, True, True, True, False, True, True, True, True, True, True, True, True, True, True, True, True, True, True, True, True, True, False, True, False, True, True, False, True, True, False, False, False, False, False, True, True, False]"
28,0.9999617828167814,"[True, True, True, True, True, True, True, True, True, True, True, True, True, True, True, True, True, False, True, True, True, True, True, True, True, True, True, False, False, False, False, True, True, False, False, False, True, True, True, True]"
28,0.9999952131214173,"[True, True, True, True, True, True, True, True, True, True, True, True, True, True, True, True, True, True, True, True, False, True, True, True, True, True, True, True, True, False, False, False, False, False, False, False, True, False, True, True]"
28,0.9999999667488741,"[True, True, True, True, True, True, True, True, True, True, True, True, True, True, True, True, True, True, True, True, True, True, True, True, True, True, True, True, False, False, False, True, True, False, True, True, False, True, True, True]"
28,0.9999999268038688,"[True, True, True, True, True, True, True, True, True, True, True, True, True, True, True, True, True, True, True, True, True, True, True, True, True, True, True, False, False, False, False, False, True, False, False, False, True, True, True, True]"
28,0.9984750219870309,"[True, True, True, True, True, True, True, True, True, True, True, True, False, True, False, True, True, True, True, True, True, True, True, True, True, True, False, False, False, False, False, True, False, False, False, False, False, True, True, False]"
28,0.9999996709084858,"[True, True, True, True, True, True, True, True, True, True, True, True, True, True, True, True, True, True, True, True, True, True, True, True, False, True, True, True, False, False, True, False, True, False, True, False, False, True, True, True]"
28,0.9245645834110958,"[True, True, True, True, True, True, False, True, True, True, True, True, True, True, True, True, True, True, True, True, True, True, True, True, False, False, False, False, False, False, False, True, False, False, False, False, False, True, True, True]"
28,0.9999998564908402,"[True, True, True, True, True, True, True, True, True, True, True, True, True, True, True, True, True, True, True, True, True, True, True, True, True, True, False, False, False, False, True, False, False, True, False, True, True, True, False, False]"
28,0.9999999654937716,"[True, True, True, True, True, True, True, True, True, True, True, True, True, True, True, True, True, True, True, True, True, True, True, True, True, True, True, True, False, False, False, True, False, False, True, False, True, True, False, True]"
28,0.7279725201614935,"[True, True, True, True, False, True, True, True, True, True, True, True, True, True, True, True, True, True, True, True, False, True, True, True, True, True, True, False, False, False, False, True, True, False, False, False, True, False, True, True]"
28,0.9987798964190153,"[True, True, True, True, True, True, True, True, True, True, True, True, False, True, True, True, True, True, True, True, True, True, True, True, True, True, True, False, False, False, False, True, True, False, False, False, True, True, True, True]"
28,0.2630755096612622,"[True, True, False, True, True, True, True, True, True, True, True, True, True, True, True, True, True, True, True, True, True, True, True, True, True, False, True, False, False, False, False, False, True, True, True, True, True, True, True, True]"
28,0.9999897183100122,"[True, True, True, True, True, True, True, True, True, True, True, True, True, True, True, True, True, True, True, False, True, True, True, False, True, True, False, False, False, False, False, False, False, False, False, False, False, True, True, False]"
28,0.9999995603139684,"[True, True, True, True, True, True, True, True, True, True, True, True, True, True, True, True, True, True, True, True, True, True, True, True, False, True, False, False, False, False, True, True, False, False, True, False, False, True, True, True]"
28,0.8457878251307782,"[True, True, True, True, True, False, True, True, True, False, True, True, True, True, True, True, False, True, True, True, True, True, True, True, True, True, True, True, False, False, False, False, False, False, True, False, False, True, True, True]"
28,0.9999999272404262,"[True, True, True, True, True, True, True, True, True, True, True, True, True, True, True, True, True, True, True, True, True, True, True, True, True, True, True, False, False, False, False, False, True, False, True, True, True, True, True, True]"
28,0.9998472005546172,"[True, True, True, True, True, True, True, True, True, True, True, True, True, True, True, False, True, True, True, True, True, True, True, True, True, False, True, False, False, False, False, False, True, False, False, True, True, True, True, True]"
28,0.9851465013555206,"[True, True, True, True, True, True, True, True, True, False, False, True, True, True, False, True, True, True, True, True, True, True, True, True, True, True, False, True, False, False, False, False, False, False, True, False, False, True, True, True]"
28,0.9999999115880236,"[True, True, True, True, True, True, True, True, True, True, True, True, True, True, True, True, True, True, True, True, True, True, True, True, True, True, False, True, True, False, True, False, False, False, False, False, False, True, True, False]"
28,0.7277431971527564,"[True, True, True, True, False, True, True, True, True, True, True, True, True, True, False, True, True, True, True, True, False, True, True, True, True, True, False, True, False, False, False, False, True, False, True, True, True, True, True, True]"
28,0.9613131970329776,"[True, True, True, True, True, True, True, False, True, True, True, True, True, True, False, True, True, True, True, False, True, True, True, True, True, True, True, False, False, False, False, True, True, False, True, True, False, True, True, False]"
28,0.26307519585136063,"[True, True, False, True, True, True, True, True, True, True, True, True, True, True, True, True, True, True, True, True, True, True, False, True, True, True, True, False, False, False, False, False, True, False, True, True, False, True, True, False]"
28,0.9616169562645231,"[True, True, True, True, True, True, True, False, True, True, True, True, True, True, True, True, True, True, True, True, True, True, True, True, True, True, False, True, True, False, True, False, False, False, False, False, False, True, True, False]"
28,0.0009765059082657053,"[False, True, True, True, True, True, True, True, True, True, True, True, True, True, True, True, True, True, False, False, True, True, True, True, False, True, True, False, False, False, True, True, False, False, False, False, False, True, False, True]"
28,0.9999999272404262,"[True, True, True, True, True, True, True, True, True, True, True, True, True, True, True, True, True, True, True, True, True, True, True, True, True, True, True, False, False, False, False, False, True, False, True, True, True, True, True, True]"
step,fitness,genome
29,0.9999998920975538,"[True, True, True, True, True, True, True, True, True, True, True, True, True, True, True, True, True, True, True, True, True, True, True, True, True, True, False, True, False, False, False, True, True, False, True, False, False, True, True, True]"
29,0.5244591011342515,"[True, True, True, False, True, True, True, True, True, True, True, True, True, True, True, True, True, True, True, True, True, False, True, True, True, True, True, False, False, False, False, True, False, False, True, False, True, True, False, True]"
29,0.9999999654392019,"[True, True, True, True, True, True, True, True, True, True, True, True, True, True, True, True, True, True, True, True, True, True, True, True, True, True, True, True, False, False, False, True, False, False, True, False, False, True, True, True]"
29,0.999912240310452,"[True, True, True, True, True, True, True, True, True, True, True, True, True, True, True, True, False, True, True, False, True, True, False, False, True, True, False, False, False, False, True, False, False, False, False, False, False, False, True, False]"
29,0.9999236787718468,"[True, True, True, True, True, True, True, True, True, True, True, True, True, True, True, True, False, True, True, True, True, True, True, True, True, True, True, True, False, False, True, True, False, False, True, False, False, True, True, True]"
29,0.999904509842838,"[True, True, True, True, True, True, True, True, True, True, True, True, True, True, True, True, False, True, False, True, True, True, True, True, True, True, False, False, True, False, False, True, True, False, False, False, False, True, True, False]"
29,0.9614638492110101,"[True, True, True, True, True, True, True, False, True, True, True, True, True, True, True, False, True, True, True, True, False, True, False, True, True, True, False, False, False, False, False, False, True, False, False, False, False, False, True, True]"
29,0.9806300784975571,"[True, True, True, True, True, True, True, True, False, True, True, True, True, True, True, True, True, True, True, False, True, True, True, True, True, True, True, False, False, False, False, False, True, False, True, True, True, True, True, True]"
29,0.9902770625778052,"[True, True, True, True, True, True, True, True, True, False, True, True, True, True, True, True, True, True, True, True, True, True, True, True, True, True, False, False, True, True, False, True, True, False, True, False, False, True, True, False]"
29,0.0005002902228100677,"[False, True, True, True, False, True, True, True, True, False, True, True, False, True, True, True, True, True, True, True, True, True, True, True, True, True, True, False, False, False, False, False, True, False, False, False, True, True, True, True]"
29,0.9999421609166151,"[True, True, True, True, True, True, True, True, True, True, True, True, True, True, True, True, True, False, False, True, True, True, True, False, True, True, True, True, False, True, False, True, True, False, True, False, False, True, True, True]"
29,0.9197066947639021,"[True, True, True, True, True, True, False, True, True, True, False, True, True, True, False, True, True, False, True, True, True, True, True, True, True, True, True, True, False, True, True, False, True, True, False, False, True, True, True, True]"
29,0.9999998164276046,"[True, True, True, True, True, True, True, True, True, True, True, True, True, True, True, True, True, True, True, True, True, True, True, True, True, False, True, True, False, False, False, True, False, False, True, False, False, True, True, True]"
29,0.5244388980750151,"[True, True, True, False, True, True, True, True, True, True, True, True, True, True, True, True, True, False, True, True, True, True, True, True, False, True, False, False, True, False, True, False, False, False, False, False, False, True, True, False]"
29,0.9999999273859453,"[True, True, True, True, True, True, True, True, True, True, True, True, True, True, True, True, True, True, True, True, True, True, True, True, True, True, True, False, False, False, False, False, True, True, False, False, True, True, True, True]"
29,0.9990824353245008,"[True, True, True, True, True, True, True, True, True, True, True, True, True, False, False, True, True, True, True, True, True, False, True, True, True, True, True, True, False, False, True, False, False, False, True, False, False, True, True, True]"
29,0.9999593987155536,"[True, True, True, True, True, True, True, True, True, True, True, True, True, True, True, True, True, False, True, True, True, False, True, True, True, True, True, False, False, False, False, True, True, False, False, False, True, True, True, True]"
29,0.9999952131214173,"[True, True, True, True, True, True, True, True, True, True, True, True, True, True, True, True, True, True, True, True, False, True, True, True, True, True, True, True, True, False, False, False, False, False, False, False, True, False, True, True]"
29,0.9999807831706838,"[True, True, True, True, True, True, True, True, True, True, True, True, True, True, True, True, True, True, False, True, True, True, True, True, True, True, False, False, False, False, True, False, False, True, False, True, True, True, False, False]"
29,0.9999235800438885,"[True, True, True, True, True, True, True, True, True, True, True, True, True, True, True, True, False, True, True, True, True, True, True, True, True, True, False, False, True, False, False, False, True, False, True, True, True, True, True, True]"
29,0.056313509158762154,"[True, False, True, True, True, True, True, True, True, True, True, True, True, True, True, True, True, True, True, True, True, True, True, True, True, True, True, False, False, False, False, False, False, False, True, True, True, True, True, True]"
29,0.9999760105899862,"[True, True, True, True, True, True, True, True, True, True, True, True, True, True, True, True, True, True, False, True, False, True, True, True, True, True, False, False, False, False, False, False, True, False, False, False, False, False, True, True]"
29,0.9999999338979271,"[True, True, True, True, True, True, True, True, True, True, True, True, True, True, True, True, True, True, True, True, True, True, True, True, True, True, True, False, False, False, True, True, True, False, False, True, True, False, True, True]"
29,0.9999617805522175,"[True, True, True, True, True, True, True, True, True, True, True, True, True, True, True, True, True, False, True, True, True, True, True, True, True, True, True, False, False, False, False, False, True, False, False, True, False, True, True, False]"
29,0.9806394853256487,"[True, True, True, True, True, True, True, True, False, True, True, True, True, True, True, True, True, True, True, True, True, True, True, True, True, True, True, True, False, False, False, False, True, False, True, False, True, True, True, True]"
29,0.9999998784733246,"[True, True, True, True, True, True, True, True, True, True, True, True, True, True, True, True, True, True, True, True, True, True, True, True, True, True, False, False, True, False, True, True, True, True, False, False, True, True, False, True]"
29,0.9987798743879892,"[True, True, True, True, True, True, True, True, True, True, True, True, False, True, True, True, True, True, True, True, True, True, True, True, True, True, False, True, True, False, False, False, False, False, False, True, False, True, True, False]"
29,0.9999999337887877,"[True, True, True, True, True, True, True, True, True, True, True, True, True, True, True, True, True, True, True, True, True, True, True, True, True, True, True, False, False, False, True, True, True, False, False, False, True, True, True, True]"
29,0.9999951655550503,"[True, True, True, True, True, True, True, True, True, True, True, True, True, True, True, True, True, True, True, True, False, True, True, True, True, True, True, False, False, False, True, True, True, False, False, True, True, True, False, True]"
29,0.9999617831714721,"[True, True, True, True, True, True, True, True, True, True, True, True, True, True, True, True, True, False, True, True, True, True, True, True, True, True, True, False, False, False, False, True, True, False, True, True, False, True, True, False]"
29,0.9902746915598081,"[True, True, True, True, True, True, True, True, True, False, True, True, True, True, True, True, True, True, True, True, True, False, True, True, True, True, False, False, True, False, True, False, False, True, False, False, True, True, True, True]"
29,0.9999999700867197,"[True, True, True, True, True, True, True, True, True, True, True, True, True, True, True, True, True, True, True, True, True, True, True, True, True, True, True, True, False, False, True, True, False, False, True, False, False, True, True, False]"
29,0.9902771431477368,"[True, True, True, True, True, True, True, True, True, False, True, True, True, True, True, True, True, True, True, True, True, True, True, True, True, True, True, True, False, False, False, False, True, False, False, False, True, True, True, True]"
29,0.9987798945293438,"[True, True, True, True, True, True, True, True, True, True, True, True, False, True, True, True, True, True, True, True, True, True, True, True, True, True, True, False, False, False, False, False, True, False, True, True, True, True, True, True]"
29,0.9951061175654575,"[True, True, True, True, True, True, True, True, True, True, False, True, True, True, True, True, True, True, False, True, True, False, True, True, False, True, False, False, True, False, True, False, False, False, True, False, True, True, True, False]"
29,0.9999993311941774,"[True, True, True, True, True, True, True, True, True, True, True, True, True, True, True, True, True, True, True, True, True, True, True, False, True, True, True, False, False, False, False, False, True, False, True, True, True, True, True, True]"
29,0.9939131262052434,"[True, True, True, True, True, True, True, True, True, True, False, True, False, True, True, True, True, True, True, True, True, True, True, True, True, True, False, True, False, True, True, True, False, False, False, True, False, True, True, True]"
29,0.9999999663123168,"[True, True, True, True, True, True, True, True, True, True, True, True, True, True, True, True, True, True, True, True, True, True, True, True, True, True, True, True, False, False, False, True, True, False, False, False, False, True, True, True]"
29,0.9991228289672079,"[True, True, True, True, True, True, True, True, True, True, True, True, True, False, True, False, False, False, True, True, True, True, True, True, True, True, False, False, False, True, False, True, False, False, False, True, True, True, False, True]"
29,0.9902771491248955,"[True, True, True, True, True, True, True, True, True, False, True, True, True, True, True, True, True, True, True, True, True, True, True, True, True, True, True, True, False, False, True, True, False, False, True, False, False, True, True, False]"
29,0.8521401798238936,"[True, True, True, True, True, False, True, True, True, True, True, False, True, True, True, True, True, False, True, True, True, True, False, True, True, False, True, False, False, False, False, False, True, False, False, False, False, True, True, True]"
29,0.9999999666761147,"[True, True, True, True, True, True, True, True, True, True, True, True, True, True, True, True, True, True, True, True, True, True, True, True, True, True, True, True, False, False, False, True, True, False, True, False, True, True, True, True]"
29,0.9996936450459526,"[True, True, True, True, True, True, True, True, True, True, True, True, True, True, False, True, True, True, True, True, True, True, False, True, True, True, True, True, False, False, True, True, False, True, True, False, False, True, True, True]"
29,0.9999950945602051,"[True, True, True, True, True, True, True, True, True, True, True, True, True, True, True, True, True, True, True, True, False, True, True, True, True, True, False, False, False, True, False, True, False, False, False, True, True, True, True, True]"
29,0.999999857536759,"[True, True, True, True, True, True, True, True, True, True, True, True, True, True, True, True, True, True, True, True, True, True, True, True, True, True, False, False, False, False, True, False, True, True, False, False, True, True, True, True]"
29,0.995089851655199,"[True, True, True, True, True, True, True, True, True, True, False, True, True, True, True, True, True, False, True, True, True, True, True, True, True, True, True, False, False, False, False, True, False, False, False, False, True, True, True, True]"
29,0.9998460870502537,"[True, True, True, True, True, True, True, True, True, True, True, True, True, True, True, False, True, True, True, True, True, True, False, True, True, True, False, False, False, False, True, False, False, True, False, False, True, True, True, True]"
29,0.0009765612664896301,"[False, True, True, True, True, True, True, True, True, True, True, True, True, True, True, True, True, True, True, True, True, True, True, False, True, True, True, True, False, False, False, False, True, False, True, True, True, True, True, True]"
29,0.05631346736446993,"[True, False, True, True, True, True, True, True, True, True, True, True, True, True, True, True, True, True, True, True, True, True, True, False, True, True, True, True, False, False, False, True, False, False, True, False, True, True, False, True]"
29,0.9999999698047763,"[True, True, True, True, True, True, True, True, True, True, True, True, True, True, True, True, True, True, True, True, True, True, True, True, True, True, True, True, False, False, True, True, False, False, False, False, False, True, True, True]"
29,0.9999998564908402,"[True, True, True, True, True, True, True, True, True, True, True, True, True, True, True, True, True, True, True, True, True, True, True, True, True, True, False, False, False, False, True, False, False, True, False, True, True, True, False, False]"
29,0.9975516151346338,"[True, True, True, True, True, True, True, True, True, True, True, False, True, True, True, True, True, True, True, False, True, True, True, True, True, True, False, False, False, False, True, False, False, True, False, False, True, True, True, True]"
29,0.9999999366991705,"[True, True, True, True, True, True, True, True, True, True, True, True, True, True, True, True, True, True, True, True, True, True, True, True, True, True, True, False, False, True, False, False, True, True, False, False, True, True, True, True]"
29,0.7279761018251977,"[True, True, True, True, False, True, True, True, True, True, True, True, True, True, True, True, True, True, True, True, True, True, True, True, True, True, True, False, False, False, False, False, True, False, True, False, False, True, True, False]"
29,0.9999999654392019,"[True, True, True, True, True, True, True, True, True, True, True, True, True, True, True, True, True, True, True, True, True, True, True, True, True, True, True, True, False, False, False, True, False, False, True, False, False, True, True, True]"
29,0.9999999654392019,"[True, True, True, True, True, True, True, True, True, True, True, True, True, True, True, True, True, True, True, True, True, True, True, True, True, True, True, True, False, False, False, True, False, False, True, False, False, True, True, True]"
29,0.9999510543833535,"[True, True, True, True, True, True, True, True, True, True, True, True, True, True, True, True, True, False, True, False, True, True, False, True, True, True, True, False, False, False, False, True, True, False, False, False, True, True, False, True]"
29,0.9999999478313851,"[True, True, True, True, True, True, True, True, True, True, True, True, True, True, True, True, True, True, True, True, True, True, True, True, True, True, True, False, True, False, False, True, True, False, False, True, False, True, True, True]"
29,0.7279686563272834,"[True, True, True, True, False, True, True, True, True, True, True, True, True, True, True, True, True, True, True, False, True, True, True, True, False, True, False, False, False, False, False, True, False, False, True, False, False, True, True, True]"
29,0.9999992596624645,"[True, True, True, True, True, True, True, True, True, True, True, True, True, True, True, True, True, True, True, True, True, True, True, False, True, True, False, False, False, False, True, False, False, False, False, False, False, True, True, False]"
29,0.9999996674705969,"[True, True, True, True, True, True, True, True, True, True, True, True, True, True, True, True, True, True, True, True, True, True, True, True, False, True, True, True, False, False, False, True, False, False, True, False, True, True, False, True]"
29,0.990275614069015,"[True, True, True, True, True, True, True, True, True, False, True, True, True, True, True, True, True, True, True, True, True, True, False, True, False, True, False, True, True, False, True, False, False, False, False, False, False, True, True, False]"
29,0.9999999753890736,"[True, True, True, True, True, True, True, True, True, True, True, True, True, True, True, True, True, True, True, True, True, True, True, True, True, True, True, True, False, True, False, True, False, True, True, False, True, True, False, True]"
29,0.9999794055200757,"[True, True, True, True, True, True, True, True, True, True, True, True, True, True, True, True, True, True, False, True, True, True, False, True, False, True, True, True, False, False, True, False, True, False, True, False, False, True, True, True]"
29,0.9999885308489725,"[True, True, True, True, True, True, True, True, True, True, True, True, True, True, True, True, True, True, True, False, True, True, False, False, True, True, False, False, False, False, True, False, False, False, False, False, False, False, True, False]"
29,0.056313509213393446,"[True, False, True, True, True, True, True, True, True, True, True, True, True, True, True, True, True, True, True, True, True, True, True, True, True, True, True, False, False, False, False, False, True, False, False, False, True, True, True, True]"
29,0.5217324519055812,"[True, True, True, False, True, True, True, True, True, True, False, True, True, True, True, True, True, True, True, True, False, True, True, True, False, True, True, False, True, False, False, False, True, False, False, False, True, True, True, False]"
29,0.9616169710942013,"[True, True, True, True, True, True, True, False, True, True, True, True, True, True, True, True, True, True, True, True, True, True, True, True, True, True, True, False, False, False, False, False, True, False, False, True, True, True, True, True]"
29,0.9993110955528436,"[True, True, True, True, True, True, True, True, True, True, True, True, True, False, True, True, False, True, True, True, True, False, True, True, True, True, False, True, True, False, True, False, False, False, False, False, False, True, True, False]"
29,0.9999999667488741,"[True, True, True, True, True, True, True, True, True, True, True, True, True, True, True, True, True, True, True, True, True, True, True, True, True, True, True, True, False, False, False, True, True, False, True, True, False, True, True, True]"
29,0.9999999292776942,"[True, True, True, True, True, True, True, True, True, True, True, True, True, True, True, True, True, True, True, True, True, True, True, True, True, True, True, False, False, False, False, True, True, False, False, True, True, True, True, True]"
29,0.9999999272404262,"[True, True, True, True, True, True, True, True, True, True, True, True, True, True, True, True, True, True, True, True, True, True, True, True, True, True, True, False, False, False, False, False, True, False, True, True, True, True, True, True]"
29,0.9999999644205678,"[True, True, True, True, True, True, True, True, True, True, True, True, True, True, True, True, True, True, True, True, True, True, True, True, True, True, True, True, False, False, False, False, True, False, True, True, False, True, True, True]"
29,0.9999999314513864,"[True, True, True, True, True, True, True, True, True, True, True, True, True, True, True, True, True, True, True, True, True, True, True, True, True, True, True, False, False, False, True, False, True, False, False, False, True, True, True, False]"
29,0.9996947393306569,"[True, True, True, True, True, True, True, True, True, True, True, True, True, True, False, True, True, True, True, True, True, True, True, True, True, True, False, False, True, False, False, True, True, False, False, False, False, True, True, False]"
29,0.9999999654392019,"[True, True, True, True, True, True, True, True, True, True, True, True, True, True, True, True, True, True, True, True, True, True, True, True, True, True, True, True, False, False, False, True, False, False, True, False, False, True, True, True]"
29,0.0009762643795996096,"[False, True, True, True, True, True, True, True, True, True, True, True, True, True, True, False, True, True, True, True, True, True, True, True, True, True, True, False, False, False, False, True, True, False, False, True, True, True, True, True]"
29,0.9245651056116315,"[True, True, True, True, True, True, False, True, True, True, True, True, True, True, True, True, True, True, True, True, True, True, True, True, True, True, True, True, False, False, False, True, True, False, True, True, False, True, True, True]"
29,0.9998848998760381,"[True, True, True, True, True, True, True, True, True, True, True, True, True, True, True, True, False, False, True, True, True, True, True, False, True, True, True, False, False, False, True, False, False, True, False, False, True, True, True, True]"
29,0.999961819340833,"[True, True, True, True, True, True, True, True, True, True, True, True, True, True, True, True, True, False, True, True, True, True, True, True, True, True, True, True, False, False, False, True, False, False, True, True, True, True, True, True]"
29,0.9999236749886088,"[True, True, True, True, True, True, True, True, True, True, True, True, True, True, True, True, False, True, True, True, True, True, True, True, True, True, True, True, False, False, False, True, True, False, False, False, False, True, True, True]"
29,0.0009765624597744001,"[False, True, True, True, True, True, True, True, True, True, True, True, True, True, True, True, True, True, True, True, True, True, True, True, True, True, True, True, False, True, True, True, False, False, True, False, False, True, True, True]"
29,0.9806394156134347,"[True, True, True, True, True, True, True, True, False, True, True, True, True, True, True, True, True, True, True, True, True, True, True, True, True, True, False, True, False, False, True, False, False, False, True, True, False, True, True, False]"
29,0.8526369679189955,"[True, True, True, True, True, False, True, True, True, True, True, True, False, False, True, True, False, True, True, True, True, True, True, True, True, True, True, True, False, False, False, True, False, False, True, False, False, True, True, True]"
29,0.9990848165260823,"[True, True, True, True, True, True, True, True, True, True, True, True, True, False, False, True, True, True, True, True, True, True, True, True, True, True, True, True, False, False, False, True, True, False, True, True, False, True, True, True]"
29,0.51330104469842,"[True, True, True, False, True, True, True, True, False, True, True, True, True, False, True, True, True, True, True, True, True, True, True, True, True, True, True, False, False, False, False, True, True, False, False, False, True, True, True, True]"
29,0.9804895747506582,"[True, True, True, True, True, True, True, True, False, True, True, True, True, True, True, False, True, True, True, True, True, True, True, True, True, True, True, True, False, False, True, True, False, False, True, False, False, True, True, True]"
29,0.999995197078,"[True, True, True, True, True, True, True, True, True, True, True, True, True, True, True, True, True, True, True, True, False, True, True, True, True, True, True, True, False, False, False, True, False, False, True, False, False, True, True, True]"
29,0.9999998885687147,"[True, True, True, True, True, True, True, True, True, True, True, True, True, True, True, True, True, True, True, True, True, True, True, True, True, True, False, True, False, False, False, False, False, False, True, False, False, False, True, True]"
29,0.7279743119105989,"[True, True, True, True, False, True, True, True, True, True, True, True, True, True, True, True, True, True, True, True, True, False, True, True, True, True, True, False, False, False, False, True, True, False, False, True, True, True, True, True]"
29,0.9998472790968747,"[True, True, True, True, True, True, True, True, True, True, True, True, True, True, True, False, True, True, True, True, True, True, True, True, True, True, False, False, False, False, True, False, False, True, False, True, True, True, False, False]"
29,0.9999781192281155,"[True, True, True, True, True, True, True, True, True, True, True, True, True, True, True, True, True, True, False, True, True, False, True, True, False, True, False, False, True, False, True, False, False, False, True, False, True, True, True, True]"
29,0.9999999328247233,"[True, True, True, True, True, True, True, True, True, True, True, True, True, True, True, True, True, True, True, True, True, True, True, True, True, True, True, False, False, False, True, True, False, False, True, False, False, True, False, True]"
29,0.854282513775064,"[True, True, True, True, True, False, True, True, True, True, True, True, True, True, True, True, True, True, True, False, True, True, True, True, True, True, True, False, False, False, True, False, True, False, False, False, False, True, True, False]"
29,0.9999999270949071,"[True, True, True, True, True, True, True, True, True, True, True, True, True, True, True, True, True, True, True, True, True, True, True, True, True, True, True, False, False, False, False, False, True, False, True, False, True, True, True, True]"
29,0.9999236787718468,"[True, True, True, True, True, True, True, True, True, True, True, True, True, True, True, True, False, True, True, True, True, True, True, True, True, True, True, True, False, False, True, True, False, False, True, False, False, True, True, True]"
29,0.2630740597606672,"[True, True, False, True, True, True, True, True, True, True, True, True, True, True, True, True, True, True, True, True, False, True, True, True, True, False, False, False, True, False, False, True, True, True, False, False, False, True, True, False]"
29,0.9999999700958146,"[True, True, True, True, True, True, True, True, True, True, True, True, True, True, True, True, True, True, True, True, True, True, True, True, True, True, True, True, False, False, True, True, False, False, True, False, False, True, True, True]"
29,0.9975612408901934,"[True, True, True, True, True, True, True, True, True, True, True, False, True, True, True, True, True, True, True, True, True, True, True, True, True, True, True, True, False, False, False, True, True, False, True, False, False, True, True, True]"
29,0.9999999794090402,"[True, True, True, True, True, True, True, True, True, True, True, True, True, True, True, True, True, True, True, True, True, True, True, True, True, True, True, True, False, True, True, True, False, False, True, False, False, True, True, True]"
