step,fitness,genome
0,0.2568266023353227,"[True, True, False, True, True, True, True, True, False, True, True, True, False, True, True, False, False, True, False, False, True, True, True, True, False, False, True, True, True, False, True, False, False, False, False, False, True, True, False, False]"
0,0.00033518500279646797,"[False, True, True, True, False, False, True, True, False, False, False, False, False, True, False, False, True, True, False, False, True, False, False, False, True, True, True, True, True, False, True, False, False, False, False, False, True, False, False, False]"
0,1.2534452048324832e-10,"[False, False, False, True, True, False, True, False, False, False, True, False, True, True, True, True, False, True, False, True, False, False, True, True, True, True, True, True, False, False, True, True, False, True, False, True, True, True, False, True]"
0,0.00025417326508769307,"[False, True, True, False, True, True, True, True, True, True, True, False, False, False, False, True, False, True, False, True, False, False, False, False, False, False, False, False, False, True, True, False, True, True, True, False, False, True, False, False]"
0,0.181006420439157,"[True, True, False, True, False, True, True, True, True, True, False, False, False, True, True, True, False, True, True, True, False, False, True, False, True, False, True, False, False, False, True, True, True, True, False, True, True, True, True, False]"
0,0.6901836035068235,"[True, True, True, True, False, True, True, False, True, False, True, False, True, True, True, False, False, True, True, True, False, False, False, True, False, False, True, False, False, True, False, False, True, True, True, False, True, True, True, False]"
0,0.0041747611355639706,"[True, False, False, True, False, True, False, False, False, False, False, False, False, False, True, True, True, False, False, True, True, True, False, False, True, True, True, True, False, False, False, True, True, True, False, True, False, True, False, True]"
0,0.01087552681336611,"[True, False, True, False, False, False, True, False, True, True, True, False, False, False, True, False, True, True, True, False, True, True, True, True, False, True, False, False, True, True, True, False, True, False, False, False, False, True, False, True]"
0,0.7353731684410881,"[True, True, True, True, True, False, False, False, False, True, False, False, False, False, False, False, False, False, True, True, False, True, True, True, True, False, True, False, True, True, False, False, False, False, False, True, False, True, False, True]"
0,0.31079316234681187,"[True, True, True, False, False, False, True, True, True, True, False, False, False, False, True, True, True, True, False, True, True, False, True, True, False, True, False, False, False, False, True, False, True, False, False, True, True, True, False, True]"
0,0.05694417000823559,"[True, True, False, False, False, False, False, False, False, False, True, True, False, True, True, False, True, True, False, False, False, True, False, True, False, False, False, True, False, True, True, True, True, True, False, False, True, False, False, True]"
0,5.571101894272591e-10,"[False, False, False, True, True, True, True, False, False, True, True, False, False, True, False, True, True, False, True, True, False, False, False, True, False, False, True, False, True, False, True, False, True, True, True, False, False, True, True, False]"
0,0.14671913325023092,"[True, True, False, True, False, False, True, True, False, True, False, False, True, False, True, True, False, True, True, True, False, False, True, False, True, False, True, False, False, False, True, True, True, False, False, False, True, True, True, False]"
0,0.00014850998794803508,"[False, True, True, False, True, False, True, False, False, False, False, False, False, True, True, False, True, True, False, True, True, False, True, False, False, True, True, False, False, True, True, True, False, True, True, True, False, False, True, True]"
0,0.040380103083079884,"[True, False, True, True, True, False, False, True, True, False, True, True, True, False, False, False, False, False, False, True, True, False, True, False, True, True, False, False, True, False, False, False, True, False, True, False, True, True, True, True]"
0,0.02858345963684481,"[True, False, True, True, False, False, True, True, False, True, True, False, True, False, False, True, False, True, True, True, False, True, True, True, True, False, True, False, True, False, True, True, True, False, False, False, False, True, True, True]"
0,0.056938389709920226,"[True, True, False, False, False, False, False, False, False, False, True, True, False, True, True, False, False, True, False, False, False, True, False, True, False, False, True, True, False, True, True, True, True, True, False, False, True, False, False, True]"
0,0.003182852169966332,"[True, False, False, True, False, False, False, False, False, False, False, False, True, True, False, True, True, False, False, False, False, False, True, False, False, True, False, False, True, True, False, False, False, True, True, False, True, False, False, True]"
0,0.14661067224567356,"[True, True, False, True, False, False, True, True, False, True, False, False, False, True, True, True, False, True, True, True, False, False, True, False, True, False, True, False, False, False, True, True, True, False, False, False, True, True, True, False]"
0,0.7877553906985356,"[True, True, True, True, True, False, False, True, True, True, True, True, False, True, True, True, False, False, False, False, False, True, True, False, False, True, True, True, True, True, False, False, True, False, True, False, False, True, False, True]"
0,0.13064428523531443,"[True, True, False, True, False, False, False, False, True, True, False, True, True, False, True, True, False, True, True, False, False, False, True, True, False, True, True, True, False, False, True, True, True, True, True, True, False, True, True, True]"
0,0.1791503498924681,"[True, True, False, True, False, True, True, True, True, False, False, False, True, True, True, False, True, False, False, False, True, False, True, False, True, False, False, True, False, False, False, False, False, False, False, True, True, True, False, False]"
0,0.040405589883894956,"[True, False, True, True, True, False, False, True, True, False, True, True, True, False, True, True, False, False, False, True, True, False, True, False, True, True, False, False, True, False, False, False, True, False, True, False, True, True, True, True]"
0,0.1850029096839476,"[True, True, False, True, True, False, False, False, False, True, False, False, False, False, False, False, False, False, True, True, False, True, True, True, True, False, True, False, False, True, False, False, False, False, False, True, False, True, False, True]"
0,0.12730715256312033,"[True, True, False, True, False, False, False, False, False, True, False, True, False, False, False, True, False, False, True, True, False, True, True, True, True, False, True, False, True, True, False, False, False, False, False, True, False, True, True, True]"
0,0.02853390611397601,"[True, False, True, True, False, False, True, True, False, True, True, False, False, False, False, True, False, True, True, True, True, True, True, True, True, False, True, False, True, False, True, True, True, False, False, False, False, True, True, True]"
0,0.6969632353243208,"[True, True, True, True, False, True, True, False, True, True, True, False, True, True, False, False, False, False, True, True, False, False, True, True, True, False, True, False, False, True, True, False, False, True, True, False, True, True, False, True]"
0,0.1855382981065742,"[True, True, False, True, True, False, False, False, False, True, False, True, False, False, False, False, False, False, True, True, False, True, True, True, True, False, True, False, True, True, False, False, False, False, False, True, False, True, True, True]"
0,0.12218981617247887,"[True, True, False, False, True, True, True, True, False, True, True, True, False, True, True, False, True, True, False, True, True, True, True, True, False, False, True, True, True, False, True, False, False, False, False, False, True, True, False, False]"
0,0.18567236187745945,"[True, True, False, True, True, False, False, False, False, True, False, True, False, True, False, False, False, False, True, True, False, True, True, True, True, False, True, False, True, True, False, False, False, False, False, True, False, True, False, True]"
0,0.12446460475413855,"[True, True, False, False, True, True, True, True, True, True, False, True, True, False, False, False, True, True, True, False, True, True, False, True, True, True, False, False, True, True, True, True, True, True, False, False, True, True, True, False]"
0,0.141185257773282,"[True, True, False, True, False, False, True, False, False, True, True, True, True, False, True, True, True, True, True, False, False, False, False, True, False, True, True, True, False, False, True, True, True, True, True, True, False, True, True, True]"
0,0.029762860817230733,"[True, False, True, True, False, True, False, False, False, False, True, False, False, False, True, True, True, False, False, False, True, True, False, False, True, True, True, True, False, False, False, True, True, True, False, True, False, True, False, False]"
0,0.5326594176027669,"[True, True, True, True, False, False, False, False, False, True, False, True, True, True, True, True, False, True, True, False, False, False, False, True, False, True, True, True, False, False, True, True, True, True, True, True, False, True, True, True]"
0,0.0014273090495504192,"[True, False, False, False, False, True, False, False, True, True, True, True, False, False, True, True, False, True, True, True, False, True, True, True, True, True, True, False, True, True, False, True, False, False, False, False, False, False, False, False]"
0,0.0007930630688373421,"[False, True, True, True, True, True, False, True, False, True, False, True, True, True, False, True, False, False, False, False, False, True, True, True, False, True, False, True, False, False, True, False, True, True, False, True, False, True, True, True]"
0,0.04141408945616123,"[True, False, True, True, True, False, True, False, False, False, True, True, False, False, False, False, False, True, True, True, False, True, True, True, True, False, False, True, False, True, True, True, False, True, False, False, True, True, True, True]"
0,0.056949962161736686,"[True, True, False, False, False, False, False, False, False, False, True, True, False, True, True, True, False, True, False, False, False, True, False, True, False, False, True, True, False, True, True, True, True, True, True, False, True, True, False, True]"
0,0.03186833805374546,"[True, False, True, True, False, True, False, True, False, True, False, True, True, True, True, True, True, True, False, True, False, True, True, False, False, True, True, False, True, True, True, True, True, False, True, True, True, False, False, True]"
0,0.0005136749318996707,"[False, True, True, True, True, False, False, False, False, False, False, False, True, False, False, True, False, False, False, False, False, True, True, False, False, False, True, False, True, False, True, False, False, True, True, False, True, False, False, True]"
0,0.00013194110199931977,"[False, True, True, False, True, False, False, False, True, True, False, False, False, True, True, True, True, False, True, False, False, True, True, True, False, True, True, True, True, False, False, False, False, False, True, False, False, True, False, True]"
0,0.670290971451839,"[True, True, True, True, False, True, False, True, True, True, True, True, False, True, True, False, False, False, False, False, False, True, True, False, False, False, False, False, True, False, False, False, True, False, False, False, True, False, False, True]"
0,0.006306449536472476,"[True, False, False, True, True, False, True, False, False, False, True, True, True, True, True, True, False, True, True, False, False, False, True, True, True, False, True, True, False, False, True, True, False, True, False, True, True, True, False, True]"
0,0.1244646102753788,"[True, True, False, False, True, True, True, True, True, True, False, True, True, False, False, False, True, True, True, False, True, True, False, True, True, True, False, True, True, True, True, True, False, True, False, False, False, True, True, False]"
0,0.5691274986113319,"[True, True, True, True, False, False, False, True, True, True, True, True, True, False, False, False, False, False, True, True, True, False, True, True, True, True, True, False, True, True, True, False, True, False, True, False, True, True, False, True]"
0,6.119812339351972e-07,"[False, False, True, True, True, True, False, True, False, False, True, True, True, False, False, True, False, False, False, False, True, True, True, False, True, True, False, True, True, False, False, True, True, True, True, True, False, False, True, True]"
0,1.9979706290330723e-10,"[False, False, False, True, True, False, True, True, False, True, True, False, True, True, True, True, False, True, False, False, False, False, True, False, True, True, True, True, False, False, True, True, False, True, False, True, True, True, False, True]"
0,0.04254893843638089,"[True, False, True, True, True, False, True, False, True, False, True, True, False, False, False, True, False, True, True, True, True, True, True, True, False, False, False, True, False, True, True, True, False, True, False, False, False, True, True, True]"
0,1.7896646171585758e-07,"[False, False, True, True, False, True, True, False, False, False, True, False, False, False, True, True, True, True, False, False, True, True, False, True, True, True, True, False, False, False, False, True, True, True, False, True, False, True, False, True]"
0,5.660005057468579e-11,"[False, False, False, True, True, False, False, False, False, False, True, False, True, True, True, True, False, False, False, False, False, False, True, False, True, True, True, True, False, False, True, True, False, True, False, True, True, True, False, True]"
step,fitness,genome
1,0.06489705827386591,"[True, True, False, False, False, False, True, False, True, False, True, True, True, True, True, False, False, True, False, False, False, True, True, True, False, False, True, False, True, True, True, True, True, True, False, False, True, False, False, True]"
1,0.14660388590329798,"[True, True, False, True, False, False, True, True, False, True, False, False, False, True, True, True, False, False, True, True, False, False, True, False, True, False, False, False, True, False, True, True, True, False, False, False, True, True, True, False]"
1,0.5327027052135013,"[True, True, True, True, False, False, False, False, False, True, False, True, True, True, True, True, True, True, True, False, False, False, False, True, False, True, True, True, False, True, True, True, True, True, True, True, False, True, True, True]"
1,0.1828752485597863,"[True, True, False, True, True, False, False, False, False, False, False, False, False, False, False, False, False, False, True, True, False, True, True, True, True, False, True, False, False, True, False, False, True, False, False, True, False, True, False, True]"
1,0.24993547674037928,"[True, True, False, True, True, True, True, False, True, True, False, True, True, False, True, False, True, True, True, False, True, True, False, True, True, True, False, True, False, True, True, True, False, False, False, False, False, True, True, True]"
1,0.5543406535874379,"[True, True, True, True, False, False, False, True, False, True, False, True, False, True, False, True, False, True, True, False, False, False, False, True, False, False, True, True, True, False, True, True, True, True, True, True, False, True, True, False]"
1,0.141185257773282,"[True, True, False, True, False, False, True, False, False, True, True, True, True, False, True, True, True, True, True, False, False, False, False, True, False, True, True, True, False, False, True, True, True, True, True, True, False, True, True, True]"
1,0.5691849245917314,"[True, True, True, True, False, False, False, True, True, True, True, True, True, False, False, False, True, True, False, True, True, False, True, True, True, True, True, False, True, True, True, False, True, False, True, False, True, True, False, True]"
1,0.14658356827220378,"[True, True, False, True, False, False, True, True, False, True, False, False, False, True, True, False, False, True, True, True, False, False, True, False, True, False, True, False, False, False, True, True, True, False, False, False, True, True, True, False]"
1,0.12409084938473247,"[True, True, False, False, True, True, True, True, True, True, False, False, True, False, False, False, True, True, True, False, True, True, False, True, True, True, False, True, True, True, True, True, False, False, False, False, False, True, True, False]"
1,0.31079149991326244,"[True, True, True, False, False, False, True, True, True, True, False, False, False, False, True, True, True, True, False, True, False, False, True, True, False, True, False, False, False, True, True, False, True, False, False, True, True, True, False, True]"
1,0.5786756644464912,"[True, True, True, True, False, False, True, False, False, True, False, True, True, True, True, True, False, True, True, False, False, False, False, True, False, True, True, True, False, False, True, True, True, True, True, True, False, True, True, True]"
1,0.5320607536307316,"[True, True, True, True, False, False, False, False, False, True, False, True, True, False, False, False, False, True, True, True, False, True, True, False, False, False, False, False, True, True, False, False, False, False, False, False, False, True, False, True]"
1,0.23506556069565882,"[True, True, False, True, True, True, False, True, False, True, True, True, True, True, True, False, False, False, False, False, True, True, True, True, False, False, True, False, True, False, False, False, True, False, False, True, True, False, True, True]"
1,0.024006877920534766,"[True, False, True, True, False, False, False, False, False, True, False, False, True, True, True, True, False, False, False, False, False, False, False, True, False, True, True, False, False, False, True, True, True, False, True, True, True, False, False, True]"
1,0.12608683819916106,"[True, True, False, True, False, False, False, False, False, False, False, True, True, True, False, True, True, True, True, False, False, False, False, False, False, True, False, True, True, True, False, False, False, True, False, False, True, True, True, True]"
1,0.12426584404853402,"[True, True, False, False, True, True, True, True, True, True, False, True, False, False, False, False, False, True, True, False, True, True, False, False, True, True, True, True, True, True, True, True, False, True, False, False, False, True, False, False]"
1,0.736415237162264,"[True, True, True, True, True, False, False, False, False, True, False, False, True, False, False, True, False, False, True, True, False, True, True, True, True, False, True, False, True, True, False, False, False, False, False, True, False, True, False, True]"
1,0.998631409768545,"[True, True, True, True, True, True, True, True, True, True, True, True, False, True, True, True, False, False, False, False, False, True, True, False, False, True, True, True, True, False, False, False, True, False, True, False, False, True, False, True]"
1,0.13062061784261117,"[True, True, False, True, False, False, False, False, True, True, False, True, True, False, True, False, False, True, True, False, True, False, True, True, False, True, True, True, False, True, True, True, True, True, True, True, False, True, True, False]"
1,0.7353731684410881,"[True, True, True, True, True, False, False, False, False, True, False, False, False, False, False, False, False, False, True, True, False, True, True, True, True, False, True, False, True, True, False, False, False, False, False, True, False, True, False, True]"
1,0.13703598383537458,"[True, True, False, True, False, False, False, True, True, True, False, True, True, False, True, True, False, True, True, False, False, False, True, True, False, True, False, True, False, False, False, True, True, False, True, True, False, True, True, True]"
1,0.6901836301894332,"[True, True, True, True, False, True, True, False, True, False, True, False, True, True, True, False, False, True, True, True, False, False, False, True, False, False, True, True, False, True, False, False, True, True, True, False, True, True, True, False]"
1,0.16632105605879044,"[True, True, False, True, False, True, False, True, True, True, True, True, False, True, True, False, False, False, False, False, False, True, True, False, False, True, False, True, True, False, False, False, True, False, False, True, True, False, False, True]"
1,0.5921573525443624,"[True, True, True, True, False, False, True, False, True, True, True, False, True, True, True, False, False, True, True, True, False, False, False, True, False, False, True, False, False, True, False, False, True, True, True, False, True, True, True, False]"
1,0.18100744442930577,"[True, True, False, True, False, True, True, True, True, True, False, False, False, True, True, True, False, True, True, True, True, False, True, False, True, False, True, False, False, False, True, True, True, True, False, True, True, True, True, False]"
1,0.6668955796053021,"[True, True, True, True, False, True, False, True, True, True, False, True, False, True, True, False, False, False, False, False, True, True, True, False, False, False, False, False, True, True, False, False, True, False, False, False, True, False, False, True]"
1,0.14652940035673095,"[True, True, False, True, False, False, True, True, False, True, False, False, False, True, False, False, False, True, True, True, False, False, True, False, True, True, True, False, False, False, True, True, True, False, True, False, True, False, True, False]"
1,0.7356046112629551,"[True, True, True, True, True, False, False, False, False, True, False, False, False, False, True, False, False, False, True, True, False, True, True, True, True, False, True, False, False, True, False, False, True, False, False, True, False, True, False, True]"
1,0.03729884086237161,"[True, False, True, True, True, False, False, False, False, True, False, False, False, False, False, False, False, False, True, True, False, True, True, True, True, False, True, False, True, True, False, False, False, False, False, True, False, True, False, True]"
1,0.696963235317749,"[True, True, True, True, False, True, True, False, True, True, True, False, True, True, False, False, False, False, True, True, False, False, True, True, True, False, True, False, False, True, True, False, False, True, True, False, True, True, False, False]"
1,5.198876727574688e-05,"[False, True, False, True, True, True, True, True, False, True, True, True, False, True, True, False, False, True, False, False, True, False, True, True, False, False, True, True, True, False, True, False, False, False, False, False, True, True, False, False]"
1,0.31079316331263607,"[True, True, True, False, False, False, True, True, True, True, False, False, False, False, True, True, True, True, False, True, True, False, True, True, False, True, False, False, False, False, True, True, True, True, False, False, True, True, False, True]"
1,0.18221435570179226,"[True, True, False, True, False, True, True, True, True, True, True, False, True, True, False, False, False, False, True, True, False, False, True, True, True, False, False, False, False, True, True, True, False, False, True, True, True, True, False, True]"
1,0.6960833966677862,"[True, True, True, True, False, True, True, False, True, True, True, False, False, True, False, False, False, False, True, True, False, True, True, True, True, False, True, False, False, True, True, False, False, True, True, False, True, True, False, True]"
1,0.6972102769880524,"[True, True, True, True, False, True, True, False, True, True, True, False, True, True, True, False, False, True, True, True, False, False, False, True, False, False, True, False, False, True, False, True, True, True, True, False, True, True, True, False]"
1,0.055563089181253876,"[True, False, True, True, True, True, True, True, True, False, True, True, True, True, True, False, False, False, False, True, True, False, True, False, True, True, False, False, True, False, True, False, True, False, False, False, True, True, False, False]"
1,0.22107980988548495,"[True, True, False, True, True, True, False, False, False, False, True, False, False, False, True, True, False, True, False, False, True, True, True, True, False, False, True, True, True, False, False, False, False, False, True, False, True, True, True, True]"
1,0.6966325597464641,"[True, True, True, True, False, True, True, False, True, True, True, False, True, False, False, True, False, False, True, True, False, False, True, True, True, False, True, True, False, True, True, False, False, True, True, False, True, True, False, True]"
1,0.0009931599474430643,"[True, False, False, False, False, False, False, False, False, False, True, True, False, True, True, True, False, True, False, False, False, True, False, True, False, False, True, True, False, True, True, True, True, True, True, False, True, True, False, False]"
1,0.31079318837323244,"[True, True, True, False, False, False, True, True, True, True, False, False, False, False, True, True, True, True, False, True, True, False, True, True, False, True, True, False, False, False, True, False, True, False, False, True, True, True, False, True]"
1,0.14118525777172025,"[True, True, False, True, False, False, True, False, False, True, True, True, True, False, True, True, True, True, True, False, False, False, False, True, False, True, True, True, False, False, True, True, True, True, True, True, False, True, True, False]"
1,0.7280006449784447,"[True, True, True, True, True, False, False, False, False, False, False, False, False, False, False, False, False, False, True, True, False, True, True, False, True, False, True, False, True, True, False, False, False, False, False, True, False, True, False, True]"
1,0.14661067224567356,"[True, True, False, True, False, False, True, True, False, True, False, False, False, True, True, True, False, True, True, True, False, False, True, False, True, False, True, False, False, False, True, True, True, False, False, False, True, True, True, False]"
1,0.7353575463882379,"[True, True, True, True, True, False, False, False, False, True, False, False, False, False, False, False, False, False, False, True, False, True, False, True, False, False, False, True, True, True, False, False, False, False, False, True, False, True, False, True]"
1,0.056938389709920226,"[True, True, False, False, False, False, False, False, False, False, True, True, False, True, True, False, False, True, False, False, False, True, False, True, False, False, True, True, False, True, True, True, True, True, False, False, True, False, False, True]"
1,0.003702442071529265,"[True, False, False, True, False, False, True, False, False, False, True, True, True, True, True, True, False, True, True, False, False, False, True, True, True, False, True, True, False, False, True, True, False, True, False, True, True, True, True, True]"
1,0.058876652563972544,"[True, True, False, False, False, False, False, False, True, True, False, True, True, False, True, True, False, True, False, False, False, False, True, True, False, True, True, True, False, False, True, True, True, True, True, True, True, False, True, True]"
1,0.4909934831343959,"[True, True, True, False, True, True, True, False, False, True, True, False, True, True, False, False, False, False, True, True, False, False, True, True, True, True, False, False, False, True, True, False, False, True, True, False, True, True, False, True]"
1,0.02853390611397601,"[True, False, True, True, False, False, True, True, False, True, True, False, False, False, False, True, False, True, True, True, True, True, True, True, True, False, True, False, True, False, True, True, True, False, False, False, False, True, True, True]"
step,fitness,genome
2,0.7354310267469482,"[True, True, True, True, True, False, False, False, False, True, False, False, False, False, False, False, True, False, True, True, False, True, True, True, True, False, True, False, True, True, False, False, False, True, False, True, False, True, False, False]"
2,0.6899388067108362,"[True, True, True, True, False, True, True, False, True, False, True, False, True, True, False, False, False, False, True, True, False, False, True, True, True, False, True, False, False, True, True, True, False, False, True, False, True, True, False, True]"
2,0.31079318837323244,"[True, True, True, False, False, False, True, True, True, True, False, False, False, False, True, True, True, True, False, True, True, False, True, True, False, True, True, False, False, False, True, False, True, False, False, True, True, True, False, True]"
2,0.30760980779170954,"[True, True, True, False, False, False, True, True, True, False, False, False, False, True, True, True, True, True, False, True, True, False, True, True, False, True, False, False, False, True, True, False, True, False, False, True, True, True, False, True]"
2,0.3107931891865581,"[True, True, True, False, False, False, True, True, True, True, False, False, False, False, True, True, True, True, False, True, True, False, True, True, False, True, True, False, False, False, True, True, True, False, False, True, True, True, False, True]"
2,0.6960833966677862,"[True, True, True, True, False, True, True, False, True, True, True, False, False, True, False, False, False, False, True, True, False, True, True, True, True, False, True, False, False, True, True, False, False, True, True, False, True, True, False, True]"
2,0.5923001932147081,"[True, True, True, True, False, False, True, False, True, True, True, False, True, True, True, True, True, True, True, True, False, False, False, True, False, False, True, False, False, True, False, False, True, True, True, False, True, True, True, False]"
2,0.9400658420325114,"[True, True, True, True, True, True, True, False, False, True, True, False, True, True, False, False, False, False, True, True, False, False, True, True, True, False, False, True, False, True, True, False, False, True, True, False, True, True, False, True]"
2,0.251340914793973,"[True, True, False, True, True, True, True, False, True, True, True, True, True, False, True, False, True, True, True, False, True, True, False, True, True, True, False, True, False, True, True, True, True, False, False, False, False, True, True, True]"
2,0.6966342817893802,"[True, True, True, True, False, True, True, False, True, True, True, False, True, False, False, True, False, False, True, True, False, True, True, True, True, False, True, True, False, True, True, False, False, True, True, False, True, True, False, True]"
2,0.7503033141460742,"[True, True, True, True, True, False, False, False, True, True, False, False, False, False, False, False, False, False, False, True, False, True, False, True, False, False, False, True, True, True, False, False, False, False, False, True, False, False, True, True]"
2,0.18287524956906143,"[True, True, False, True, True, False, False, False, False, False, False, False, False, False, False, False, False, False, True, True, False, True, True, True, True, False, True, False, False, True, True, False, True, False, False, True, False, True, False, True]"
2,0.5543406535874379,"[True, True, True, True, False, False, False, True, False, True, False, True, False, True, False, True, False, True, True, False, False, False, False, True, False, False, True, True, True, False, True, True, True, True, True, True, False, True, True, False]"
2,0.5262883470857117,"[True, True, True, True, False, False, False, False, False, False, False, True, False, True, False, True, False, True, True, False, False, False, False, True, False, False, True, True, True, False, True, True, True, True, True, True, False, True, True, False]"
2,0.5539818582487556,"[True, True, True, True, False, False, False, True, False, True, False, True, False, False, False, True, False, True, True, False, False, False, False, True, False, False, True, True, True, True, True, True, False, True, True, True, False, True, True, False]"
2,0.7353660364725548,"[True, True, True, True, True, False, False, False, False, True, False, False, False, False, False, False, False, False, True, False, False, True, True, True, True, True, True, False, False, True, False, False, True, False, True, True, False, True, False, True]"
2,0.6893097393785313,"[True, True, True, True, False, True, True, False, True, False, True, False, False, True, True, False, False, True, True, True, False, False, False, True, False, False, False, True, False, True, False, False, True, True, True, False, True, True, True, False]"
2,0.9980314600917682,"[True, True, True, True, True, True, True, True, True, True, True, True, False, False, True, True, False, False, False, True, False, True, True, False, False, True, True, False, True, False, False, False, True, False, True, False, False, True, False, True]"
2,0.5727344287650116,"[True, True, True, True, False, False, True, False, False, False, False, True, True, True, True, True, False, True, True, False, False, False, False, True, False, True, True, True, False, False, True, True, True, True, True, True, False, True, True, True]"
2,0.7513803322413931,"[True, True, True, True, True, False, False, False, True, True, False, False, True, False, False, True, False, False, True, True, False, True, True, True, True, False, True, False, True, True, False, False, True, False, False, True, False, True, False, True]"
2,0.03463657590955938,"[True, False, True, True, False, True, True, False, True, True, True, False, False, True, False, False, False, False, True, True, False, True, True, True, True, False, True, False, False, True, True, False, True, True, True, False, True, True, False, True]"
2,0.736473168817395,"[True, True, True, True, True, False, False, False, False, True, False, False, True, False, False, True, True, False, True, True, False, True, True, True, True, False, True, False, True, True, False, False, False, False, False, True, False, True, False, True]"
2,0.6668955796053021,"[True, True, True, True, False, True, False, True, True, True, False, True, False, True, True, False, False, False, False, False, True, True, True, False, False, False, False, False, True, True, False, False, True, False, False, False, True, False, False, True]"
2,0.9001451467381546,"[True, True, True, True, True, True, False, True, False, True, False, True, False, False, True, False, False, False, True, False, True, True, True, False, False, False, False, False, True, True, False, False, True, False, False, False, True, False, False, True]"
2,0.18611151578454826,"[True, True, False, True, True, False, False, False, False, True, True, False, False, False, False, True, False, True, False, False, True, True, False, True, False, True, False, True, True, False, False, False, False, False, True, False, True, True, True, True]"
2,0.8545677278021151,"[True, True, True, True, True, True, False, False, False, False, False, False, False, False, True, False, False, False, False, True, False, True, True, True, False, False, True, False, True, True, True, False, False, False, False, True, False, True, False, True]"
2,0.6901563076834151,"[True, True, True, True, False, True, True, False, True, False, True, False, True, True, True, False, False, False, True, True, False, False, False, True, False, False, True, True, False, True, False, False, True, True, True, False, True, True, True, False]"
2,0.15003443343756254,"[True, True, False, True, False, False, True, True, True, True, False, False, False, True, False, False, False, True, True, True, False, False, True, False, True, True, True, False, False, False, True, True, True, False, True, False, True, False, True, False]"
2,0.12426291862007284,"[True, True, False, False, True, True, True, True, True, True, False, True, False, False, False, False, False, True, False, False, True, True, False, False, True, True, True, False, True, True, True, True, False, True, False, False, False, True, False, False]"
2,0.7356061937077477,"[True, True, True, True, True, False, False, False, False, True, False, False, False, False, True, False, False, False, True, True, True, False, True, True, False, False, True, False, False, True, False, False, True, False, False, True, False, True, False, True]"
2,0.6966325059326847,"[True, True, True, True, False, True, True, False, True, True, True, False, True, False, False, True, False, False, True, True, False, False, True, True, True, False, False, True, False, True, True, False, False, True, True, False, True, True, False, True]"
2,0.6901836301894332,"[True, True, True, True, False, True, True, False, True, False, True, False, True, True, True, False, False, True, True, True, False, False, False, True, False, False, True, True, False, True, False, False, True, True, True, False, True, True, True, False]"
2,0.31077900751796983,"[True, True, True, False, False, False, True, True, True, True, False, False, False, False, True, True, True, False, False, True, False, True, True, True, False, True, False, False, False, True, True, False, True, False, False, True, True, True, False, True]"
2,0.0005122108373186216,"[False, True, True, True, True, False, False, False, False, False, False, False, False, False, False, False, False, True, False, False, False, False, False, True, False, False, False, True, True, True, False, False, False, False, False, True, False, True, False, True]"
2,0.29731186026133716,"[True, True, True, False, False, False, True, False, True, True, False, False, False, False, False, True, True, True, False, True, True, False, True, True, False, True, True, False, False, False, True, False, True, False, True, True, True, True, False, True]"
2,0.6968530124868503,"[True, True, True, True, False, True, True, False, True, True, True, False, True, False, True, True, False, False, True, True, False, False, True, True, True, False, True, True, False, True, True, False, False, True, True, True, True, True, False, True]"
2,0.6763207497016385,"[True, True, True, True, False, True, True, False, False, False, True, False, True, True, True, False, False, True, True, True, False, False, False, False, False, False, True, True, False, True, False, False, True, True, True, True, True, True, True, True]"
2,0.31079316331263607,"[True, True, True, False, False, False, True, True, True, True, False, False, False, False, True, True, True, True, False, True, True, False, True, True, False, True, False, False, False, False, True, True, True, True, False, False, True, True, False, True]"
2,0.6359966634720607,"[True, True, True, True, False, True, False, False, True, False, True, False, True, True, False, False, False, False, True, True, False, False, True, True, True, False, True, False, False, True, True, False, False, True, True, False, True, True, False, False]"
2,0.735373168330737,"[True, True, True, True, True, False, False, False, False, True, False, False, False, False, False, False, False, False, True, True, False, True, True, True, True, False, True, False, True, True, False, False, False, False, False, False, False, True, False, True]"
2,0.03737031813260988,"[True, False, True, True, True, False, False, False, False, True, False, False, True, False, False, True, False, False, True, True, True, True, True, True, True, False, True, False, True, True, False, False, False, False, False, True, False, True, False, True]"
2,0.696963235317749,"[True, True, True, True, False, True, True, False, True, True, True, False, True, True, False, False, False, False, True, True, False, False, True, True, True, False, True, False, False, True, True, False, False, True, True, False, True, True, False, False]"
2,0.22107980992289725,"[True, True, False, True, True, True, False, False, False, False, True, False, False, False, True, True, False, True, False, False, True, True, True, True, False, False, True, True, True, False, False, False, False, False, True, True, True, True, True, True]"
2,0.7505548937206334,"[True, True, True, True, True, False, False, False, True, True, False, False, False, False, True, False, False, False, True, True, False, True, True, True, True, False, True, False, False, True, False, False, True, False, False, True, False, True, False, True]"
2,0.1466021984607862,"[True, True, False, True, False, False, True, True, False, True, False, False, False, True, True, True, False, False, True, False, False, False, True, False, True, False, False, True, True, False, True, True, True, False, False, False, True, True, True, False]"
2,0.2791511602673163,"[True, True, True, False, False, False, False, True, False, True, False, True, False, True, False, True, False, False, True, False, False, False, False, True, False, False, True, True, True, False, True, True, True, True, True, True, False, True, True, False]"
2,0.5519166046040579,"[True, True, True, True, False, False, False, True, False, False, True, True, True, False, True, False, False, True, False, False, True, True, True, True, False, True, True, True, True, False, False, False, True, False, True, True, True, False, True, True]"
2,0.9208549242090577,"[True, True, True, True, True, True, False, True, True, True, True, False, False, True, False, True, True, True, False, True, True, False, True, True, True, True, True, False, True, True, True, False, False, False, True, False, True, True, False, True]"
2,0.998326666297779,"[True, True, True, True, True, True, True, True, True, True, True, True, False, True, False, True, False, False, False, False, False, True, True, False, False, True, True, True, True, True, True, False, True, True, True, False, False, True, False, True]"
2,0.13703578450797943,"[True, True, False, True, False, False, False, True, True, True, False, True, True, False, True, True, False, True, True, False, False, False, False, True, False, True, False, True, False, False, False, True, True, False, False, True, False, True, True, True]"
step,fitness,genome
3,0.9875870279904174,"[True, True, True, True, True, True, True, True, True, False, True, False, True, True, True, False, False, False, True, True, False, False, False, True, False, False, True, True, True, True, False, False, True, True, True, False, True, True, False, False]"
3,0.6442511648679363,"[True, True, True, True, False, True, False, False, True, True, True, True, True, True, False, True, False, False, False, False, False, True, True, False, False, True, True, True, True, True, True, False, True, True, True, False, False, True, False, True]"
3,0.7503033141460742,"[True, True, True, True, True, False, False, False, True, True, False, False, False, False, False, False, False, False, False, True, False, True, False, True, False, False, False, True, True, True, False, False, False, False, False, True, False, False, True, True]"
3,0.7505389807871001,"[True, True, True, True, True, False, False, False, True, True, False, False, False, False, True, False, False, False, False, True, False, True, False, True, False, False, False, True, False, True, False, False, False, False, False, True, False, False, True, True]"
3,0.5511768494488566,"[True, True, True, True, False, False, False, True, False, False, True, True, False, False, True, False, False, False, False, False, False, True, True, True, False, False, True, True, True, True, False, False, True, False, True, True, True, False, True, True]"
3,0.696665380122112,"[True, True, True, True, False, True, True, False, True, True, True, False, True, False, False, True, False, True, True, True, True, True, True, True, True, True, True, True, False, False, True, False, False, True, True, False, True, True, False, True]"
3,0.858949039186295,"[True, True, True, True, True, True, False, False, False, False, True, False, False, False, True, True, False, False, False, True, False, True, True, True, False, False, True, False, False, True, True, False, False, False, False, True, False, True, False, True]"
3,0.9161897595792257,"[True, True, True, True, True, True, False, True, True, True, False, False, False, True, False, False, True, True, False, True, True, False, True, False, True, True, True, False, False, True, True, False, False, False, True, False, True, True, False, True]"
3,0.916192513777312,"[True, True, True, True, True, True, False, True, True, True, False, False, False, True, False, False, True, True, False, True, True, True, True, True, True, True, True, False, False, True, True, False, False, False, False, False, True, True, False, True]"
3,0.9479238408451911,"[True, True, True, True, True, True, True, False, True, False, True, False, False, False, True, False, False, True, True, True, False, False, False, True, False, False, False, True, False, True, False, False, True, True, True, False, True, True, True, False]"
3,0.751439264748768,"[True, True, True, True, True, False, False, False, True, True, False, False, True, False, False, True, True, False, True, True, False, True, True, True, True, False, False, False, True, True, False, False, True, False, False, True, False, True, False, True]"
3,0.6966342817762421,"[True, True, True, True, False, True, True, False, True, True, True, False, True, False, False, True, False, False, True, True, False, True, True, True, True, False, True, True, False, True, True, False, False, True, True, False, True, False, True, True]"
3,0.9400658419636886,"[True, True, True, True, True, True, True, False, False, True, True, False, True, True, False, False, False, False, True, True, False, False, True, True, True, False, False, True, False, True, True, False, False, True, True, False, False, True, False, True]"
3,0.0002688182503912707,"[False, True, True, True, False, False, False, False, True, False, False, False, False, False, True, False, False, False, True, True, False, True, False, True, True, False, True, False, False, True, False, False, True, False, False, False, False, True, False, True]"
3,0.4675396290457632,"[True, True, True, False, True, True, False, True, False, True, False, False, False, False, True, False, False, False, True, False, True, True, True, False, False, False, False, False, True, True, False, False, True, False, False, False, True, False, False, True]"
3,0.9180709830108021,"[True, True, True, True, True, True, False, True, True, True, False, True, False, False, True, False, False, False, True, False, True, True, True, False, True, False, False, True, True, True, False, False, True, False, False, True, True, False, False, True]"
3,0.7364188721345694,"[True, True, True, True, True, False, False, False, False, True, False, False, True, False, False, True, False, False, True, True, True, True, True, True, True, False, True, True, False, True, False, False, False, False, True, True, False, True, False, True]"
3,0.6966893696345996,"[True, True, True, True, False, True, True, False, True, True, True, False, True, False, False, True, True, False, True, True, False, True, True, True, True, False, True, False, True, False, True, False, True, True, False, False, True, True, False, True]"
3,0.736473168817395,"[True, True, True, True, True, False, False, False, False, True, False, False, True, False, False, True, True, False, True, True, False, True, True, True, True, False, True, False, True, True, False, False, False, False, False, True, False, True, False, True]"
3,0.8641031294613034,"[True, True, True, True, True, True, False, False, False, True, False, False, True, False, False, True, True, False, True, True, False, True, True, True, True, False, True, False, True, True, False, False, False, False, False, False, False, True, False, True]"
3,0.5412769489249882,"[True, True, True, True, False, False, False, False, True, True, False, False, False, False, True, False, False, False, True, True, False, True, True, True, True, False, False, True, False, True, False, False, True, False, False, True, False, True, False, True]"
3,0.9001277985314563,"[True, True, True, True, True, True, False, True, False, True, False, True, False, False, True, False, False, False, False, False, True, True, True, False, False, False, False, False, True, True, False, True, True, False, False, False, True, False, False, True]"
3,0.051589158659327235,"[True, False, True, True, True, True, True, False, False, True, False, True, False, False, True, True, False, False, True, True, False, False, True, False, False, True, True, False, False, False, False, False, True, False, True, True, False, True, False, True]"
3,0.72036090602921,"[True, True, True, True, False, True, True, True, True, False, True, True, True, True, False, True, False, True, False, False, False, True, False, True, False, True, True, True, True, False, True, True, True, True, True, False, False, True, True, True]"
3,0.7356061937077477,"[True, True, True, True, True, False, False, False, False, True, False, False, False, False, True, False, False, False, True, True, True, False, True, True, False, False, True, False, False, True, False, False, True, False, False, True, False, True, False, True]"
3,0.9983254760009647,"[True, True, True, True, True, True, True, True, True, True, True, True, False, True, False, True, False, False, False, False, False, True, False, False, False, True, True, True, True, True, True, False, True, True, True, False, False, True, False, True]"
3,0.6966325059326847,"[True, True, True, True, False, True, True, False, True, True, True, False, True, False, False, True, False, False, True, True, False, False, True, True, True, False, False, True, False, True, True, False, False, True, True, False, True, True, False, True]"
3,0.0007903863927463026,"[False, True, True, True, True, True, False, True, False, True, False, True, False, False, True, False, False, False, True, False, True, True, True, False, False, False, True, False, True, True, False, False, True, False, False, False, True, False, False, True]"
3,0.9575139669713535,"[True, True, True, True, True, True, True, False, True, True, True, False, False, True, False, False, False, False, False, True, False, True, True, True, True, False, True, False, False, True, True, False, False, True, True, False, True, True, False, True]"
3,0.6901836301894332,"[True, True, True, True, False, True, True, False, True, False, True, False, True, True, True, False, False, True, True, True, False, False, False, True, False, False, True, True, False, True, False, False, True, True, True, False, True, True, True, False]"
3,0.554340828833887,"[True, True, True, True, False, False, False, True, False, True, False, True, False, True, False, True, False, True, True, False, False, False, False, True, True, False, True, True, True, False, True, True, True, True, True, True, False, True, True, False]"
3,0.69793671824943,"[True, True, True, True, False, True, True, False, True, True, True, True, False, True, False, True, False, False, False, False, False, True, True, False, False, True, True, True, True, True, True, False, True, True, True, False, False, False, True, True]"
3,0.9980314601643989,"[True, True, True, True, True, True, True, True, True, True, True, True, False, False, True, True, False, False, False, True, False, True, True, False, False, True, True, False, True, False, False, False, True, False, True, False, True, True, False, True]"
3,0.03736153044201886,"[True, False, True, True, True, False, False, False, False, True, False, False, True, False, False, False, False, False, True, False, False, False, True, True, True, False, True, False, False, True, False, False, False, False, False, False, False, True, False, True]"
3,0.8653097608195487,"[True, True, True, True, True, True, False, False, False, True, False, True, False, False, True, False, True, False, True, True, True, False, True, True, False, False, False, False, False, True, False, False, True, False, False, True, True, True, False, True]"
3,0.5539706491133235,"[True, True, True, True, False, False, False, True, False, True, False, True, False, False, False, True, False, True, False, False, False, False, False, True, False, False, True, True, True, True, True, True, False, True, True, True, False, True, True, False]"
3,0.0004416738265007592,"[False, True, True, True, False, True, True, False, False, False, True, True, True, True, False, False, False, True, True, True, False, False, False, True, True, False, True, False, True, True, True, True, False, False, False, False, True, True, False, True]"
3,0.03331506691461993,"[True, False, True, True, False, True, True, False, False, False, True, False, True, True, True, False, False, True, True, True, False, False, False, False, False, False, True, True, False, True, False, False, True, True, True, True, True, True, True, True]"
3,0.8556274947378408,"[True, True, True, True, True, True, False, False, False, False, False, False, True, False, True, False, False, False, False, True, False, True, True, False, False, False, True, False, True, True, False, False, False, False, False, True, False, True, False, True]"
3,0.635412043703987,"[True, True, True, True, False, True, False, False, True, False, True, False, False, True, True, False, False, True, True, True, False, False, False, True, False, False, False, True, False, True, False, True, True, True, True, False, True, True, True, False]"
3,0.6969666939173756,"[True, True, True, True, False, True, True, False, True, True, True, False, True, True, False, False, False, False, True, True, True, False, True, True, True, False, True, False, True, True, True, False, False, False, True, False, True, True, False, False]"
3,0.31077567628888425,"[True, True, True, False, False, False, True, True, True, True, False, False, False, False, True, True, True, False, False, False, False, True, True, True, False, True, False, False, False, True, True, False, True, False, False, True, True, True, False, True]"
3,0.696741671934792,"[True, True, True, True, False, True, True, False, True, True, True, False, True, False, True, False, False, False, True, True, False, False, False, True, False, False, True, False, False, True, False, False, True, False, True, False, True, True, False, True]"
3,0.7893826053269656,"[True, True, True, True, True, False, True, False, False, False, False, False, False, True, False, False, False, False, True, True, True, False, True, True, False, False, True, True, False, True, False, False, True, True, False, True, False, True, True, False]"
3,0.8773700755867223,"[True, True, True, True, True, True, False, False, True, False, True, False, True, True, False, False, False, False, True, True, False, False, True, True, False, False, True, True, True, True, True, False, False, True, True, False, True, True, True, False]"
3,0.5907916567859023,"[True, True, True, True, False, False, True, False, True, True, True, False, False, False, False, False, False, False, False, True, False, True, False, True, True, False, False, False, False, True, False, False, False, False, False, True, False, False, False, True]"
3,0.7354310262572299,"[True, True, True, True, True, False, False, False, False, True, False, False, False, False, False, False, True, False, True, True, False, True, True, True, True, False, True, False, True, True, False, False, False, False, False, False, True, True, False, True]"
3,0.9883261702147162,"[True, True, True, True, True, True, True, True, True, False, True, True, False, False, True, True, False, False, False, True, False, True, True, False, True, True, True, False, True, False, False, False, True, True, True, False, False, True, False, True]"
3,0.7356061937077477,"[True, True, True, True, True, False, False, False, False, True, False, False, False, False, True, False, False, False, True, True, True, False, True, True, False, False, True, False, False, True, False, False, True, False, False, True, False, True, False, True]"
3,0.7354308007316679,"[True, True, True, True, True, False, False, False, False, True, False, False, False, False, False, False, True, False, True, True, False, True, True, True, False, False, True, False, True, True, False, False, False, True, False, True, False, True, False, False]"
step,fitness,genome
4,0.05328538115363699,"[True, False, True, True, True, True, True, False, True, True, True, True, False, False, False, True, False, False, False, True, False, False, True, False, True, True, True, False, True, False, False, False, True, False, False, False, True, True, False, True]"
4,0.7219784207749417,"[True, True, True, True, False, True, True, True, True, True, False, False, True, False, True, True, False, True, True, True, True, True, True, True, False, True, True, True, False, False, False, False, False, True, True, False, True, True, False, True]"
4,0.9824702557907997,"[True, True, True, True, True, True, True, True, True, False, False, False, True, True, False, False, False, False, True, True, False, False, True, True, False, True, False, True, True, True, False, False, True, True, True, False, True, True, False, False]"
4,0.7554595162030836,"[True, True, True, True, True, False, False, False, True, True, True, False, True, False, True, True, True, False, True, True, False, True, False, True, True, False, True, False, True, True, False, False, True, False, False, True, False, True, False, True]"
4,0.7816032406971544,"[True, True, True, True, True, False, False, True, True, True, False, False, False, True, False, False, True, True, False, True, True, True, True, True, True, False, True, False, False, True, True, False, False, False, False, False, True, False, False, True]"
4,0.7505400171194389,"[True, True, True, True, True, False, False, False, True, True, False, False, False, False, True, False, False, False, False, True, False, True, True, True, False, True, False, True, False, True, False, False, False, True, False, True, False, True, True, True]"
4,0.9776775779359849,"[True, True, True, True, True, True, True, True, False, True, True, False, True, True, False, False, False, False, True, True, False, True, True, True, True, False, False, True, False, True, True, False, False, True, True, False, False, True, False, True]"
4,0.72036090602921,"[True, True, True, True, False, True, True, True, True, False, True, True, True, True, False, True, False, True, False, False, False, True, False, True, False, True, True, True, True, False, True, True, True, True, True, False, False, True, True, True]"
4,0.8773700755867223,"[True, True, True, True, True, True, False, False, True, False, True, False, True, True, False, False, False, False, True, True, False, False, True, True, False, False, True, True, True, True, True, False, False, True, True, False, True, True, True, False]"
4,0.696966795045791,"[True, True, True, True, False, True, True, False, True, True, True, False, True, True, False, False, False, False, True, True, True, False, True, True, True, True, True, False, True, False, True, False, False, True, False, False, True, False, False, False]"
4,0.7979361651070056,"[True, True, True, True, True, False, True, False, False, True, False, False, True, False, False, True, False, False, True, True, True, True, True, True, True, False, True, True, False, True, False, False, False, True, True, True, False, True, False, True]"
4,0.9859131216854647,"[True, True, True, True, True, True, True, True, True, False, True, False, False, False, True, True, False, False, False, True, False, True, True, False, True, True, True, True, True, False, False, False, True, True, True, False, False, True, False, True]"
4,0.7364183647534299,"[True, True, True, True, True, False, False, False, False, True, False, False, True, False, False, True, False, False, True, True, True, True, True, False, True, False, False, True, False, True, False, True, False, False, True, True, False, True, False, True]"
4,0.7364568751248395,"[True, True, True, True, True, False, False, False, False, True, False, False, True, False, False, True, True, False, False, True, False, False, True, True, True, False, True, False, True, True, False, False, False, False, False, True, False, True, False, True]"
4,0.6975164785766617,"[True, True, True, True, False, True, True, False, True, True, True, True, False, False, False, True, False, False, True, True, False, True, True, True, True, False, True, True, True, False, True, False, True, True, True, False, False, False, True, True]"
4,0.7149274219870435,"[True, True, True, True, False, True, True, True, True, False, False, False, True, True, False, True, False, True, False, False, False, True, False, True, False, True, True, True, False, True, True, True, False, True, True, False, False, True, True, True]"
4,0.8588159752877479,"[True, True, True, True, True, True, False, False, False, False, True, False, False, False, True, False, False, False, False, True, False, True, True, True, False, False, True, False, False, True, True, False, False, False, False, True, True, True, False, True]"
4,0.9163335524516685,"[True, True, True, True, True, True, False, True, True, True, False, False, False, True, False, True, True, True, False, True, True, True, True, True, True, True, True, False, False, True, True, False, False, False, False, False, True, True, False, True]"
4,0.9001278324185158,"[True, True, True, True, True, True, False, True, False, True, False, True, False, False, True, False, False, False, False, False, True, True, True, False, False, False, False, True, True, True, False, True, True, False, False, False, True, False, False, True]"
4,0.9995450091567184,"[True, True, True, True, True, True, True, True, True, True, True, True, True, True, False, True, False, False, False, False, False, True, False, False, False, True, True, True, True, True, True, False, True, True, True, False, False, True, False, True]"
4,0.9502530919277518,"[True, True, True, True, True, True, True, False, True, False, True, True, False, False, True, False, False, True, True, True, False, False, False, True, False, False, False, True, False, True, False, True, True, True, True, False, True, True, True, False]"
4,0.9351005335520748,"[True, True, True, True, True, True, True, False, False, True, False, False, True, False, False, True, True, False, True, True, False, True, True, True, True, False, True, False, True, True, False, False, False, False, False, False, True, True, False, True]"
4,0.9400658416883972,"[True, True, True, True, True, True, True, False, False, True, True, False, True, True, False, False, False, False, True, True, False, False, True, True, True, False, False, True, False, True, True, False, False, True, False, False, False, True, False, True]"
4,0.8687279003334654,"[True, True, True, True, True, True, False, False, False, True, True, False, True, True, False, False, False, False, True, True, False, False, True, True, True, False, False, True, False, False, True, False, False, True, True, False, False, True, False, True]"
4,0.9363982761338181,"[True, True, True, True, True, True, True, False, False, True, False, True, False, False, True, False, True, False, True, True, True, True, True, True, False, False, False, False, False, True, False, False, True, False, False, False, True, True, False, True]"
4,0.9785507837383189,"[True, True, True, True, True, True, True, True, False, True, True, True, False, False, True, False, False, False, False, False, True, True, True, False, False, False, False, False, True, True, False, True, True, False, False, True, True, False, False, True]"
4,0.9874097886211202,"[True, True, True, True, True, True, True, True, True, False, True, False, True, True, False, True, False, False, False, False, False, True, False, False, False, True, True, True, True, True, True, False, False, True, True, False, False, True, False, True]"
4,0.8806299231556546,"[True, True, True, True, True, True, False, False, True, True, False, False, False, True, False, False, False, False, True, True, False, False, False, True, False, True, True, True, True, True, True, False, True, True, True, False, True, True, True, False]"
4,0.9400658419636886,"[True, True, True, True, True, True, True, False, False, True, True, False, True, True, False, False, False, False, True, True, False, False, True, True, True, False, False, True, False, True, True, False, False, True, True, False, False, True, False, True]"
4,0.3739293804595282,"[True, True, True, False, True, False, False, False, False, False, False, False, False, True, False, False, False, False, True, True, True, False, True, True, False, False, True, True, False, True, False, False, True, True, False, True, False, True, True, False]"
4,0.9933221697665825,"[True, True, True, True, True, True, True, True, True, True, False, True, False, True, False, False, False, False, False, True, True, False, True, False, True, False, True, False, False, True, True, False, False, True, True, False, False, True, False, True]"
4,0.22396720139737292,"[True, True, False, True, True, True, False, False, False, True, True, False, True, True, False, False, False, True, True, True, True, False, True, True, True, False, False, True, False, True, False, False, False, False, True, False, False, True, False, True]"
4,0.8829222536868887,"[True, True, True, True, True, True, False, False, True, True, False, True, False, True, False, True, False, False, False, False, False, True, False, False, False, True, True, True, True, True, True, False, True, True, True, False, False, True, False, True]"
4,0.98832587482057,"[True, True, True, True, True, True, True, True, True, False, True, True, False, False, True, True, False, False, False, True, False, True, True, False, False, True, True, False, True, False, False, False, True, False, True, False, True, True, False, True]"
4,0.9980314601643989,"[True, True, True, True, True, True, True, True, True, True, True, True, False, False, True, True, False, False, False, True, False, True, True, False, False, True, True, False, True, False, False, False, True, False, True, False, True, True, False, True]"
4,0.9001237320926491,"[True, True, True, True, True, True, False, True, False, True, False, True, False, False, True, False, False, False, False, False, False, True, True, False, True, False, False, False, True, True, False, True, True, False, False, False, True, False, False, True]"
4,0.05323226953707402,"[True, False, True, True, True, True, True, False, True, True, True, False, True, True, False, False, False, False, True, True, False, False, True, True, False, False, False, True, False, False, True, False, True, True, True, False, False, True, False, True]"
4,0.7042734804807725,"[True, True, True, True, False, True, True, True, False, False, True, False, True, True, True, False, False, False, True, True, False, False, False, True, False, False, True, True, True, True, False, False, False, True, True, False, True, True, False, False]"
4,0.7663574641114911,"[True, True, True, True, True, False, False, True, False, True, False, False, False, True, True, True, False, False, False, False, True, False, True, True, False, False, True, False, False, True, False, False, True, False, False, False, False, True, False, True]"
4,0.9982064436166064,"[True, True, True, True, True, True, True, True, True, True, True, True, False, True, False, False, False, False, True, True, True, True, False, False, False, True, True, True, True, False, True, False, True, True, True, True, False, True, False, True]"
4,0.2192704941317833,"[True, True, False, True, True, False, True, True, True, True, True, True, False, True, False, True, False, False, False, False, False, True, False, False, False, True, True, True, True, True, True, False, True, True, True, False, False, True, False, True]"
4,0.9883447484109324,"[True, True, True, True, True, True, True, True, True, False, True, True, False, False, True, True, False, False, True, True, False, True, True, False, False, True, True, False, True, False, False, False, True, True, True, False, False, False, False, False]"
4,0.9161896907176442,"[True, True, True, True, True, True, False, True, True, True, False, False, False, True, False, False, True, True, False, True, True, False, True, False, True, True, False, False, False, True, True, False, False, False, True, False, True, True, False, True]"
4,0.9400658595823365,"[True, True, True, True, True, True, True, False, False, True, True, False, True, True, False, False, False, False, True, True, False, False, True, True, True, False, False, True, True, True, True, False, False, True, True, False, False, True, False, True]"
4,0.9684478148737163,"[True, True, True, True, True, True, True, True, False, False, True, False, True, True, True, False, False, False, True, True, True, False, False, True, False, False, True, True, True, True, False, False, True, True, True, False, True, True, False, False]"
4,0.0008211342836998235,"[False, True, True, True, True, True, False, True, True, True, False, False, True, True, False, False, True, True, False, True, True, False, True, False, True, True, True, False, False, True, True, False, False, False, True, False, True, True, False, True]"
4,0.750318043157652,"[True, True, True, True, True, False, False, False, True, True, False, False, False, False, False, False, False, False, True, True, False, True, False, True, False, False, False, True, True, True, False, False, True, False, False, True, False, False, True, True]"
4,0.9480648650571674,"[True, True, True, True, True, True, True, False, True, False, True, False, False, False, True, True, False, True, True, False, True, False, False, True, False, True, False, True, False, True, False, False, True, True, False, False, True, True, True, False]"
4,0.3732705413346236,"[True, True, True, False, False, True, True, True, True, True, True, True, True, False, False, True, True, True, False, False, False, False, False, True, True, True, True, True, True, False, True, True, False, True, False, False, False, True, True, True]"
4,0.6360996307108342,"[True, True, True, True, False, True, False, False, True, False, True, False, True, True, False, True, False, False, True, True, False, True, True, True, False, False, True, True, True, False, True, True, True, True, True, False, True, True, True, True]"
step,fitness,genome
5,0.9801924655211671,"[True, True, True, True, True, True, True, True, False, True, True, True, True, True, False, True, False, False, False, False, False, True, False, False, False, True, True, True, True, True, True, False, True, True, True, True, False, True, False, True]"
5,0.0009350724886995998,"[False, True, True, True, True, True, True, True, False, True, True, True, False, False, True, False, False, False, False, False, True, True, False, False, False, False, False, False, True, True, False, True, True, False, False, True, True, False, False, True]"
5,0.9933968226268552,"[True, True, True, True, True, True, True, True, True, True, False, True, False, True, False, False, True, False, False, True, True, False, False, False, True, False, True, False, False, True, True, False, False, True, True, False, False, True, False, True]"
5,0.8773700755867223,"[True, True, True, True, True, True, False, False, True, False, True, False, True, True, False, False, False, False, True, True, False, False, True, True, False, False, True, True, True, True, True, False, False, True, True, False, True, True, True, False]"
5,0.8871881502031711,"[True, True, True, True, True, True, False, False, True, True, True, True, False, True, False, False, False, False, True, True, True, False, False, False, True, True, False, True, True, False, True, False, True, True, True, True, False, True, False, True]"
5,0.9800722968206915,"[True, True, True, True, True, True, True, True, False, True, True, True, True, True, False, False, False, False, True, True, False, True, True, True, False, False, True, True, False, True, True, False, False, True, False, False, False, True, False, False]"
5,0.6667864937490232,"[True, True, True, True, False, True, False, True, True, True, False, True, False, True, False, True, False, False, False, False, False, True, True, False, False, True, True, True, True, True, True, False, True, True, True, False, True, True, False, False]"
5,0.9163335524516685,"[True, True, True, True, True, True, False, True, True, True, False, False, False, True, False, True, True, True, False, True, True, True, True, True, True, True, True, False, False, True, True, False, False, False, False, False, True, True, False, True]"
5,0.0009261401812601713,"[False, True, True, True, True, True, True, True, False, True, False, True, False, False, True, False, True, False, True, True, True, True, True, True, False, False, False, False, False, True, False, False, True, True, False, False, True, True, False, True]"
5,0.999542625949811,"[True, True, True, True, True, True, True, True, True, True, True, True, True, True, False, True, False, False, False, False, False, False, False, False, False, True, True, True, True, True, True, False, True, True, True, False, False, True, False, True]"
5,0.25351955046994684,"[True, True, False, True, True, True, True, True, False, False, True, False, True, True, False, False, False, False, True, True, False, True, True, True, True, False, False, False, False, True, True, False, False, False, True, False, False, True, False, True]"
5,0.9835217815924162,"[True, True, True, True, True, True, True, True, True, False, False, True, False, False, True, True, False, False, True, True, False, False, True, False, True, True, True, True, True, False, False, False, True, True, True, False, False, False, False, False]"
5,0.9428152330820844,"[True, True, True, True, True, True, True, False, False, True, True, True, True, True, True, True, False, False, True, True, True, False, False, True, True, False, True, True, True, True, True, False, True, True, True, False, True, True, False, True]"
5,0.7170676737973399,"[True, True, True, True, False, True, True, True, True, False, True, False, False, False, False, False, False, False, True, True, False, True, True, True, True, False, True, True, True, False, False, False, True, True, True, True, False, False, True, False]"
5,0.9859128269404956,"[True, True, True, True, True, True, True, True, True, False, True, False, False, False, True, True, False, False, False, True, False, True, True, False, False, True, True, True, True, False, False, False, True, False, True, False, True, True, False, True]"
5,0.940068097153026,"[True, True, True, True, True, True, True, False, False, True, True, False, True, True, False, False, False, False, True, True, False, True, True, True, True, False, False, True, False, True, True, False, False, True, True, False, False, True, False, True]"
5,0.9045753534125529,"[True, True, True, True, True, True, False, True, False, True, True, True, False, False, True, False, False, False, False, False, False, True, True, False, True, True, False, False, False, True, False, True, True, False, False, False, True, False, False, True]"
5,0.9898308960790213,"[True, True, True, True, True, True, True, True, True, False, True, True, True, True, False, True, False, False, False, False, True, True, False, False, False, True, True, True, True, True, True, False, True, True, True, False, False, True, False, True]"
5,0.9069570395912846,"[True, True, True, True, True, True, False, True, True, False, False, False, False, False, True, True, False, False, False, True, False, True, True, False, True, True, False, True, True, False, False, False, True, True, True, False, False, True, False, True]"
5,0.9880404587180915,"[True, True, True, True, True, True, True, True, True, False, True, True, False, False, False, True, False, False, True, True, False, False, True, False, False, True, True, False, True, False, False, False, True, True, True, False, False, False, False, False]"
5,0.8268944035903173,"[True, True, True, True, True, False, True, True, False, False, True, False, True, True, True, False, False, False, False, True, False, False, False, True, False, False, True, True, True, True, False, False, True, True, True, True, True, True, False, False]"
5,0.8539828565533496,"[True, True, True, True, True, False, True, True, True, True, True, True, True, True, False, True, True, False, True, False, True, True, False, False, False, True, True, True, True, True, True, False, False, True, True, False, False, True, False, True]"
5,0.9349568715113219,"[True, True, True, True, True, True, True, False, False, True, False, False, True, False, False, False, True, False, True, True, False, True, True, True, True, False, True, False, False, False, False, False, False, False, False, False, True, True, False, True]"
5,0.9957716639544312,"[True, True, True, True, True, True, True, True, True, True, True, False, False, True, False, False, False, False, True, True, True, True, False, False, False, True, True, True, True, True, True, False, True, False, True, True, False, True, False, True]"
5,0.9889535831397974,"[True, True, True, True, True, True, True, True, True, False, True, True, False, True, True, True, False, False, True, True, True, True, True, False, False, True, True, False, True, False, False, True, True, True, True, False, False, False, False, False]"
5,0.24247063338320796,"[True, True, False, True, True, True, True, False, False, False, True, False, True, True, True, False, False, False, True, True, False, False, True, True, False, False, True, True, True, True, True, False, False, True, True, False, True, True, True, False]"
5,0.9883164383765097,"[True, True, True, True, True, True, True, True, True, False, True, True, False, False, True, True, False, False, False, False, False, True, True, False, False, True, True, False, True, False, False, False, True, False, True, False, True, True, False, True]"
5,0.9904064444386563,"[True, True, True, True, True, True, True, True, True, True, False, False, False, False, False, False, True, True, False, True, True, False, True, False, True, True, False, False, False, True, True, False, False, False, True, True, True, True, False, True]"
5,0.0009521116687634032,"[False, True, True, True, True, True, True, True, True, False, True, False, True, True, False, True, False, False, False, False, False, True, False, False, False, True, True, False, True, True, True, False, True, True, True, False, False, True, False, True]"
5,0.6829747469138798,"[True, True, True, True, False, True, True, False, False, True, True, False, True, True, False, False, False, False, True, False, True, False, True, True, True, False, False, True, False, True, True, False, False, True, False, False, False, True, False, True]"
5,0.9502530741373612,"[True, True, True, True, True, True, True, False, True, False, True, True, False, False, True, False, False, True, True, True, False, False, False, True, False, False, False, False, True, True, False, True, True, True, True, False, True, True, True, False]"
5,0.0009449071353769624,"[False, True, True, True, True, True, True, True, True, False, False, True, False, True, False, False, False, False, True, True, False, False, True, True, False, True, False, False, False, True, False, False, True, True, True, False, True, True, False, False]"
5,0.9596262863335049,"[True, True, True, True, True, True, True, False, True, True, True, True, False, False, True, False, False, True, True, True, True, False, False, True, False, False, False, True, False, True, True, True, True, True, True, False, True, True, True, False]"
5,0.98982617138092,"[True, True, True, True, True, True, True, True, True, False, True, True, True, True, False, True, False, False, False, False, False, True, False, False, False, True, True, True, True, True, True, False, True, True, True, False, False, True, False, True]"
5,0.0008460415348034355,"[False, True, True, True, True, True, True, False, False, False, True, False, True, True, False, True, False, False, True, True, True, False, True, True, True, False, False, True, True, True, True, False, True, True, True, False, False, True, False, True]"
5,0.9779729464513208,"[True, True, True, True, True, True, True, True, False, True, True, False, True, True, True, False, False, False, True, True, False, False, False, True, False, False, True, True, True, True, False, False, False, True, True, True, True, True, False, False]"
5,0.9874097886930548,"[True, True, True, True, True, True, True, True, True, False, True, False, True, True, False, True, False, False, False, False, False, True, False, False, False, True, True, True, True, True, True, False, False, True, True, False, True, True, False, True]"
5,0.04193603847532592,"[True, False, True, True, True, False, True, False, False, True, True, False, True, True, False, False, False, False, True, True, False, False, True, True, True, False, False, True, False, True, True, False, False, True, True, False, False, True, False, True]"
5,0.799057357902963,"[True, True, True, True, True, False, True, False, False, True, False, True, False, False, True, False, False, False, True, True, True, True, True, True, False, False, False, False, False, True, True, False, True, False, False, False, True, True, True, True]"
5,0.9859131239842316,"[True, True, True, True, True, True, True, True, True, False, True, False, False, False, True, True, False, False, False, True, False, True, True, False, True, True, True, True, True, False, False, True, True, True, True, False, False, True, False, True]"
5,0.8631667359691365,"[True, True, True, True, True, True, False, False, False, True, False, False, False, False, True, False, True, False, True, True, False, True, True, True, False, False, False, True, False, True, False, False, True, True, False, False, True, True, False, True]"
5,0.95197045636144,"[True, True, True, True, True, True, True, False, True, False, True, True, True, True, True, False, False, False, True, True, False, True, True, True, False, True, False, False, True, True, False, False, True, False, True, False, True, True, False, False]"
5,0.9859131216764851,"[True, True, True, True, True, True, True, True, True, False, True, False, False, False, True, True, False, False, False, True, False, True, True, False, True, True, True, True, True, False, False, False, True, True, True, False, False, True, False, False]"
5,0.9859129745643979,"[True, True, True, True, True, True, True, True, True, False, True, False, False, False, True, True, False, False, False, True, False, True, True, False, True, False, True, True, True, False, False, False, True, True, True, False, False, True, False, True]"
5,0.8806256704043351,"[True, True, True, True, True, True, False, False, True, True, False, False, False, True, False, False, False, False, True, False, True, False, False, True, False, True, True, True, True, True, True, False, True, True, True, True, True, True, True, False]"
5,0.7503180433823872,"[True, True, True, True, True, False, False, False, True, True, False, False, False, False, False, False, False, False, True, True, False, True, False, True, False, False, False, True, True, True, False, False, True, False, True, True, False, False, True, True]"
5,0.9729034954823543,"[True, True, True, True, True, True, True, True, False, True, False, False, True, True, False, False, False, False, True, True, False, True, True, True, True, False, False, True, False, True, True, False, False, True, True, False, False, True, False, True]"
5,0.860162007276254,"[True, True, True, True, True, True, False, False, False, False, True, False, True, True, False, False, False, False, True, True, False, False, True, True, False, False, False, True, True, True, True, False, False, False, True, False, True, True, False, False]"
5,0.9684478148737163,"[True, True, True, True, True, True, True, True, False, False, True, False, True, True, True, False, False, False, True, True, True, False, False, True, False, False, True, True, True, True, False, False, True, True, True, False, True, True, False, False]"
5,0.9883305930730085,"[True, True, True, True, True, True, True, True, True, False, True, True, False, False, True, True, False, False, False, True, True, True, True, False, False, True, True, False, True, False, False, False, True, False, True, False, True, True, False, True]"
step,fitness,genome
6,0.259756751853452,"[True, True, False, True, True, True, True, True, True, False, True, True, False, True, True, True, False, False, True, True, True, True, True, False, False, True, True, False, True, False, False, True, True, True, True, False, True, False, False, False]"
6,0.9688898528570743,"[True, True, True, True, True, True, True, True, False, False, True, True, False, False, False, True, False, False, True, True, False, True, False, False, False, True, True, False, True, False, False, False, True, False, True, False, False, False, False, False]"
6,0.5179320005050112,"[True, True, True, False, True, True, True, True, True, False, True, True, False, False, True, True, False, False, False, True, False, True, True, False, False, True, True, True, True, False, False, False, True, False, True, False, False, True, False, True]"
6,0.9859130843933614,"[True, True, True, True, True, True, True, True, True, False, True, False, False, False, True, True, False, False, False, True, False, True, True, False, True, True, True, False, True, False, False, False, True, False, True, False, True, True, False, False]"
6,0.9712132247974335,"[True, True, True, True, True, True, True, True, False, True, False, False, False, False, False, False, True, True, False, True, True, False, True, False, True, False, False, False, False, True, True, False, False, False, True, True, True, True, False, True]"
6,0.9835217816013762,"[True, True, True, True, True, True, True, True, True, False, False, True, False, False, True, True, False, False, True, True, False, False, True, False, True, True, True, True, True, False, False, False, True, True, True, False, False, False, False, True]"
6,0.9871187062532032,"[True, True, True, True, True, True, True, True, True, False, True, False, True, False, True, True, False, False, False, True, False, True, True, False, False, True, True, True, True, False, False, False, True, True, True, False, True, True, False, True]"
6,0.9859129745643979,"[True, True, True, True, True, True, True, True, True, False, True, False, False, False, True, True, False, False, False, True, False, True, True, False, True, False, True, True, True, False, False, False, True, True, True, False, False, True, False, True]"
6,0.985913712468698,"[True, True, True, True, True, True, True, True, True, False, True, False, False, False, True, True, False, False, False, True, False, True, True, True, True, True, True, True, True, False, False, True, True, True, True, False, False, True, False, True]"
6,0.9514207686746955,"[True, True, True, True, True, True, True, False, True, False, True, True, True, False, True, False, False, True, True, True, False, False, True, True, False, False, False, False, True, True, False, True, True, True, False, False, True, True, True, False]"
6,0.9780477288126509,"[True, True, True, True, True, True, True, True, False, True, True, False, True, True, True, False, True, False, True, True, False, False, False, True, False, False, True, True, True, True, False, False, False, True, True, True, True, True, False, False]"
6,0.9128324376330749,"[True, True, True, True, True, True, False, True, True, False, True, False, True, True, False, True, False, False, False, False, False, False, True, False, False, True, True, True, True, True, True, False, True, True, True, False, True, True, False, True]"
6,0.9832020661223456,"[True, True, True, True, True, True, True, True, True, False, False, True, False, False, False, True, False, False, False, True, False, False, True, False, False, True, True, False, True, False, True, False, True, True, True, False, False, False, False, False]"
6,0.9933968179979252,"[True, True, True, True, True, True, True, True, True, True, False, True, False, True, False, False, True, False, False, True, True, False, False, False, True, False, True, False, False, True, False, False, False, True, True, False, False, True, False, True]"
6,0.9516785448283518,"[True, True, True, True, True, True, True, False, True, False, True, True, True, True, False, False, False, False, True, True, False, True, True, True, False, True, False, False, True, True, False, False, True, False, True, False, True, True, False, False]"
6,0.8528436945051441,"[True, True, True, True, True, False, True, True, True, True, True, True, False, True, False, True, False, False, False, True, False, False, False, False, False, False, True, True, True, True, False, False, True, True, True, False, False, True, False, True]"
6,0.5165832782309308,"[True, True, True, False, True, True, True, True, True, False, True, False, False, False, True, True, False, False, False, True, False, True, True, False, True, True, True, True, True, False, False, True, True, True, True, False, False, True, False, False]"
6,0.9904064461698017,"[True, True, True, True, True, True, True, True, True, True, False, False, False, False, False, False, True, True, False, True, True, False, True, False, True, True, False, False, False, True, True, False, True, True, True, True, True, True, False, True]"
6,0.904714785851513,"[True, True, True, True, True, True, False, True, False, True, True, True, False, False, True, True, False, False, False, False, False, True, True, False, True, True, False, False, False, True, True, True, True, False, False, False, True, True, False, True]"
6,0.9957716639544312,"[True, True, True, True, True, True, True, True, True, True, True, False, False, True, False, False, False, False, True, True, True, True, False, False, False, True, True, True, True, True, True, False, True, False, True, True, False, True, False, True]"
6,0.9883258747485754,"[True, True, True, True, True, True, True, True, True, False, True, True, False, False, True, True, False, False, False, True, False, True, True, False, False, True, True, False, True, False, False, False, True, False, True, False, False, True, False, True]"
6,0.26001874321318724,"[True, True, False, True, True, True, True, True, True, False, True, True, True, True, False, True, False, False, False, False, False, True, False, False, False, True, True, True, True, True, True, True, True, True, True, False, False, True, False, True]"
6,0.9400658420325114,"[True, True, True, True, True, True, True, False, False, True, True, False, True, True, False, False, False, False, True, True, False, False, True, True, True, False, False, True, False, True, True, False, False, True, True, False, True, True, False, True]"
6,0.9904061492423616,"[True, True, True, True, True, True, True, True, True, True, False, False, False, False, False, False, True, True, False, True, True, False, True, False, False, True, False, False, False, True, True, False, False, True, False, True, True, False, False, True]"
6,0.9859184203198915,"[True, True, True, True, True, True, True, True, True, False, True, False, False, False, True, True, False, False, False, True, True, True, True, True, True, True, True, True, True, False, False, True, True, True, True, False, False, False, False, True]"
6,0.055482742203564826,"[True, False, True, True, True, True, True, True, True, False, True, True, False, True, True, True, False, False, False, False, False, False, False, False, False, True, True, True, True, True, True, False, True, True, True, False, False, True, False, True]"
6,0.9998703625586979,"[True, True, True, True, True, True, True, True, True, True, True, True, True, True, True, True, False, False, True, False, False, True, True, False, False, True, True, True, True, True, False, True, True, True, True, False, False, True, False, False]"
6,0.9862164963481908,"[True, True, True, True, True, True, True, True, True, False, True, False, False, True, False, True, False, False, False, True, True, False, True, False, False, True, True, False, True, False, True, True, False, True, True, False, True, False, False, True]"
6,0.7192014761930514,"[True, True, True, True, False, True, True, True, True, False, True, True, False, False, True, True, False, False, False, False, True, True, True, False, False, True, True, False, True, False, False, False, True, True, True, False, True, True, False, True]"
6,0.9811027881578708,"[True, True, True, True, True, True, True, True, True, False, False, False, False, False, True, True, False, False, False, True, False, True, True, False, True, True, False, True, True, True, False, False, True, True, True, False, True, True, False, False]"
6,0.9802299324221039,"[True, True, True, True, True, True, True, True, False, True, True, True, True, True, False, True, False, True, False, False, False, True, False, False, False, True, True, True, True, True, True, False, True, True, True, True, False, True, False, True]"
6,0.7276324430635303,"[True, True, True, True, False, True, True, True, True, True, True, True, True, True, False, True, False, False, False, False, False, False, False, False, False, True, True, True, False, True, False, False, True, False, True, False, False, True, False, True]"
6,0.9859106229197968,"[True, True, True, True, True, True, True, True, True, False, True, False, False, False, True, True, False, False, False, True, False, False, True, False, True, False, True, True, True, False, False, True, True, True, True, False, False, True, False, False]"
6,0.8046758531058498,"[True, True, True, True, True, False, True, False, False, True, True, True, True, True, True, True, False, False, True, False, True, False, False, True, True, False, True, True, True, True, True, False, True, True, True, True, True, True, False, True]"
6,0.9953145518548664,"[True, True, True, True, True, True, True, True, True, True, True, False, False, False, False, True, False, False, True, True, True, False, True, False, False, True, True, True, True, True, True, True, True, False, True, True, False, False, False, True]"
6,0.9888011937636382,"[True, True, True, True, True, True, True, True, True, False, True, True, False, True, True, False, False, False, True, True, True, True, False, False, False, False, True, False, True, False, False, False, True, True, True, True, False, True, False, False]"
6,0.9859128269404956,"[True, True, True, True, True, True, True, True, True, False, True, False, False, False, True, True, False, False, False, True, False, True, True, False, False, True, True, True, True, False, False, False, True, False, True, False, True, True, False, True]"
6,0.0009492237268506942,"[False, True, True, True, True, True, True, True, True, False, True, False, False, False, True, True, False, False, False, True, False, True, True, False, True, True, True, True, True, False, False, True, True, True, True, False, False, True, False, True]"
6,0.9904052626441187,"[True, True, True, True, True, True, True, True, True, True, False, False, False, False, False, False, True, True, False, True, True, False, False, False, True, True, False, False, False, True, True, False, False, False, True, True, True, True, False, True]"
6,0.25494451347054164,"[True, True, False, True, True, True, True, True, False, True, False, False, True, True, False, False, False, False, True, True, True, True, True, True, True, False, False, True, False, True, True, False, False, True, True, False, False, True, False, True]"
6,0.972308212810984,"[True, True, True, True, True, True, True, True, False, True, False, False, True, False, False, False, False, False, True, True, False, True, True, True, True, False, False, True, False, True, True, False, False, True, True, False, False, True, False, True]"
6,0.8457286462001723,"[True, True, True, True, True, False, True, True, True, False, True, True, True, True, True, True, False, False, False, False, True, True, False, False, False, True, True, True, True, True, True, False, True, True, True, False, False, True, False, True]"
6,0.9898273433256264,"[True, True, True, True, True, True, True, True, True, False, True, True, True, True, False, True, False, False, False, False, False, True, True, False, False, True, True, True, True, False, True, False, True, True, True, False, False, True, False, True]"
6,0.9859118872483755,"[True, True, True, True, True, True, True, True, True, False, True, False, False, False, True, True, False, False, False, True, False, True, False, False, True, True, False, True, True, True, True, True, True, True, True, False, False, True, False, True]"
6,0.25569565216086454,"[True, True, False, True, True, True, True, True, False, True, False, True, True, True, False, True, False, False, False, True, False, False, False, True, False, True, True, True, True, True, False, False, False, True, True, True, True, True, False, False]"
6,0.9779653572895137,"[True, True, True, True, True, True, True, True, False, True, True, False, True, True, True, False, False, False, True, False, False, True, False, False, False, False, True, True, True, True, True, False, True, True, True, True, False, True, False, False]"
6,0.9898261344332494,"[True, True, True, True, True, True, True, True, True, False, True, True, True, True, False, True, False, False, False, False, False, True, False, False, False, True, True, False, True, True, True, False, True, True, True, False, False, False, False, True]"
6,0.9898308961871612,"[True, True, True, True, True, True, True, True, True, False, True, True, True, True, False, True, False, False, False, False, True, True, False, False, False, True, True, True, True, True, True, False, True, True, True, True, False, False, False, True]"
6,0.989831449746897,"[True, True, True, True, True, True, True, True, True, False, True, True, True, True, False, True, False, False, False, False, True, True, False, True, False, True, True, False, True, True, True, False, True, True, True, False, False, True, False, False]"
6,0.9069570395912846,"[True, True, True, True, True, True, False, True, True, False, False, False, False, False, True, True, False, False, False, True, False, True, True, False, True, True, False, True, True, False, False, False, True, True, True, False, False, True, False, True]"
step,fitness,genome
7,0.9953907492000192,"[True, True, True, True, True, True, True, True, True, True, True, False, False, False, False, True, True, False, True, True, True, False, True, False, True, True, False, True, True, True, True, True, True, False, True, True, False, False, False, True]"
7,0.9400658420325114,"[True, True, True, True, True, True, True, False, False, True, True, False, True, True, False, False, False, False, True, True, False, False, True, True, True, False, False, True, False, True, True, False, False, True, True, False, True, True, False, True]"
7,0.9114378747287916,"[True, True, True, True, True, True, False, True, True, False, True, False, False, False, True, True, False, False, False, True, False, True, False, False, True, True, True, False, True, False, False, False, True, True, True, False, True, True, False, False]"
7,0.9859184174464191,"[True, True, True, True, True, True, True, True, True, False, True, False, False, False, True, True, False, False, False, True, True, True, True, True, True, True, True, True, True, False, False, False, True, False, True, False, False, False, False, True]"
7,0.9859128269404956,"[True, True, True, True, True, True, True, True, True, False, True, False, False, False, True, True, False, False, False, True, False, True, True, False, False, True, True, True, True, False, False, False, True, False, True, False, True, True, False, True]"
7,0.0009210662840647804,"[False, True, True, True, True, True, True, True, False, True, False, False, False, False, False, False, True, True, False, True, True, False, False, False, False, True, False, False, False, True, True, False, False, True, False, True, True, False, False, True]"
7,0.9897599263819605,"[True, True, True, True, True, True, True, True, True, False, True, True, True, True, False, False, True, False, False, True, False, True, False, False, False, True, False, True, False, False, True, False, True, True, True, True, False, True, False, True]"
7,0.9904822129279658,"[True, True, True, True, True, True, True, True, True, True, False, False, False, False, False, True, False, True, False, True, True, False, True, False, True, True, True, True, True, True, True, False, True, True, True, True, True, True, False, True]"
7,0.05555370216332351,"[True, False, True, True, True, True, True, True, True, False, True, True, True, True, False, True, False, True, False, False, False, True, True, False, False, True, True, True, True, False, True, False, True, True, True, False, False, True, False, False]"
7,0.719423869507238,"[True, True, True, True, False, True, True, True, True, False, True, True, False, True, False, True, False, False, False, False, False, True, False, False, False, True, False, False, True, True, True, False, True, True, True, False, False, False, False, True]"
7,0.9898273433256264,"[True, True, True, True, True, True, True, True, True, False, True, True, True, True, False, True, False, False, False, False, False, True, True, False, False, True, True, True, True, False, True, False, True, True, True, False, False, True, False, True]"
7,0.9518004786019487,"[True, True, True, True, True, True, True, False, True, False, True, True, True, True, False, True, False, False, False, False, True, True, False, True, False, False, True, False, True, True, True, False, True, True, True, False, False, True, False, False]"
7,0.9692059613209092,"[True, True, True, True, True, True, True, True, False, False, True, True, False, False, True, True, False, True, False, True, False, True, False, True, True, True, True, True, True, False, False, False, True, True, True, False, False, False, False, True]"
7,0.05242151934003715,"[True, False, True, True, True, True, True, False, True, False, True, False, False, False, False, True, False, False, True, True, True, True, True, False, False, True, True, False, True, False, False, True, True, False, True, False, False, False, False, False]"
7,0.5181977014825937,"[True, True, True, False, True, True, True, True, True, False, True, True, False, True, True, False, False, False, True, True, True, True, False, False, False, False, True, False, True, False, False, False, True, True, True, True, True, True, False, False]"
7,0.24725943932501446,"[True, True, False, True, True, True, True, False, True, False, False, True, True, True, False, True, True, False, False, False, True, True, False, False, False, True, True, True, True, True, True, False, True, False, True, True, False, False, False, True]"
7,0.9904061530292408,"[True, True, True, True, True, True, True, True, True, True, False, False, False, False, False, False, True, True, False, True, True, False, True, False, False, True, False, False, False, True, True, True, True, True, True, True, True, True, False, True]"
7,0.05537094067266345,"[True, False, True, True, True, True, True, True, True, False, True, False, True, True, False, True, False, False, False, True, True, False, True, False, False, True, True, False, True, False, True, True, False, True, True, False, True, False, False, True]"
7,0.9999466502215824,"[True, True, True, True, True, True, True, True, True, True, True, True, True, True, True, True, True, False, True, False, False, True, True, False, False, True, True, True, True, True, False, True, True, True, True, False, False, True, False, False]"
7,0.9899064560493399,"[True, True, True, True, True, True, True, True, True, False, True, True, True, True, False, True, True, False, False, False, True, True, False, False, False, True, True, False, True, True, True, False, False, True, True, True, False, False, False, True]"
7,0.727689752523367,"[True, True, True, True, False, True, True, True, True, True, True, True, True, True, False, True, True, False, False, False, False, False, False, False, False, True, True, True, False, True, False, False, True, False, True, False, False, True, False, True]"
7,0.9883258747485754,"[True, True, True, True, True, True, True, True, True, False, True, True, False, False, True, True, False, False, False, True, False, True, True, False, False, True, True, False, True, False, False, False, True, False, True, False, False, True, False, True]"
7,0.9779653595715959,"[True, True, True, True, True, True, True, True, False, True, True, False, True, True, True, False, False, False, True, False, False, True, False, False, False, False, True, True, True, True, True, True, True, True, True, True, False, True, False, False]"
7,0.9898367927521953,"[True, True, True, True, True, True, True, True, True, False, True, True, True, True, False, True, False, False, False, True, False, True, True, False, False, True, True, True, True, False, True, False, True, True, True, False, False, True, False, True]"
7,0.9859136940965127,"[True, True, True, True, True, True, True, True, True, False, True, False, False, False, True, True, False, False, False, True, False, True, True, True, True, True, True, True, False, False, False, True, True, True, True, False, False, True, True, True]"
7,0.9933968226268552,"[True, True, True, True, True, True, True, True, True, True, False, True, False, True, False, False, True, False, False, True, True, False, False, False, True, False, True, False, False, True, True, False, False, True, True, False, False, True, False, True]"
7,0.258753866922414,"[True, True, False, True, True, True, True, True, True, False, True, False, False, False, False, True, False, False, False, True, False, True, True, True, True, True, True, True, True, False, False, True, True, True, True, False, False, True, False, True]"
7,0.0009321090217854787,"[False, True, True, True, True, True, True, True, False, True, True, False, False, True, True, True, True, False, True, True, False, False, False, True, False, False, True, True, True, True, False, False, True, True, True, True, True, True, False, False]"
7,0.7185451946301032,"[True, True, True, True, False, True, True, True, True, False, True, False, True, True, False, True, False, True, False, False, False, True, False, False, False, True, True, True, True, True, True, False, True, True, True, True, False, True, False, False]"
7,0.999870352673644,"[True, True, True, True, True, True, True, True, True, True, True, True, True, True, True, True, False, False, True, False, False, True, True, False, False, True, True, True, True, False, False, True, True, False, True, False, False, True, False, True]"
7,0.5164148572465428,"[True, True, True, False, True, True, True, True, True, False, True, False, False, False, False, True, False, False, False, True, False, True, True, False, True, True, True, False, False, False, False, False, True, False, True, False, True, True, False, False]"
7,0.9723079219419307,"[True, True, True, True, True, True, True, True, False, True, False, False, True, False, False, False, False, False, True, True, False, True, True, True, False, False, False, True, False, True, True, False, False, True, False, False, False, True, False, True]"
7,0.9982445383781218,"[True, True, True, True, True, True, True, True, True, True, True, True, False, True, False, False, False, True, True, True, True, True, False, False, False, True, True, True, True, True, True, False, True, False, True, True, False, True, False, True]"
7,0.9859129745643979,"[True, True, True, True, True, True, True, True, True, False, True, False, False, False, True, True, False, False, False, True, False, True, True, False, True, False, True, True, True, False, False, False, True, True, True, False, False, True, False, True]"
7,0.9892262997859348,"[True, True, True, True, True, True, True, True, True, False, True, True, True, False, False, True, False, False, False, False, True, True, False, False, False, True, True, True, True, True, True, False, True, True, True, True, False, False, True, False]"
7,0.9859106229197968,"[True, True, True, True, True, True, True, True, True, False, True, False, False, False, True, True, False, False, False, True, False, False, True, False, True, False, True, True, True, False, False, True, True, True, True, False, False, True, False, False]"
7,0.9859129745643979,"[True, True, True, True, True, True, True, True, True, False, True, False, False, False, True, True, False, False, False, True, False, True, True, False, True, False, True, True, True, False, False, False, True, True, True, False, False, True, False, True]"
7,0.055996233021981326,"[True, False, True, True, True, True, True, True, True, True, True, False, False, True, False, False, False, False, True, True, True, True, False, False, False, True, True, True, True, True, True, False, True, False, True, True, False, False, False, True]"
7,0.9898261344332494,"[True, True, True, True, True, True, True, True, True, False, True, True, True, True, False, True, False, False, False, False, False, True, False, False, False, True, True, False, True, True, True, False, True, True, True, False, False, False, False, True]"
7,0.9167539627150211,"[True, True, True, True, True, True, False, True, True, True, False, False, True, False, False, False, True, True, False, True, True, False, True, False, True, True, False, False, False, True, True, False, True, True, True, False, True, True, False, True]"
7,0.9859128269404956,"[True, True, True, True, True, True, True, True, True, False, True, False, False, False, True, True, False, False, False, True, False, True, True, False, False, True, True, True, True, False, False, False, True, False, True, False, True, True, False, True]"
7,0.055258268429396774,"[True, False, True, True, True, True, True, True, True, False, True, False, False, False, True, True, False, False, False, True, True, False, True, True, True, True, True, True, False, False, False, True, True, True, True, False, False, False, False, False]"
7,0.049424997964463716,"[True, False, True, True, True, True, False, True, True, False, False, False, False, False, True, False, True, True, False, True, False, True, True, False, True, True, False, True, True, False, False, False, False, True, True, True, False, True, False, True]"
7,0.9902929995369014,"[True, True, True, True, True, True, True, True, True, True, False, False, False, False, False, False, False, False, False, True, True, False, True, False, True, True, False, False, False, True, True, False, True, True, True, False, True, True, False, True]"
7,0.9983254412379818,"[True, True, True, True, True, True, True, True, True, True, True, True, False, True, False, True, False, False, False, False, False, True, False, False, False, True, True, False, True, True, True, True, True, True, True, True, False, False, False, True]"
7,0.7181123715635439,"[True, True, True, True, False, True, True, True, True, False, True, False, True, False, False, True, False, True, True, True, False, False, True, False, False, True, True, True, True, True, True, False, True, False, True, False, True, False, False, True]"
7,0.8371033119035164,"[True, True, True, True, True, False, True, True, False, True, True, True, True, True, False, True, False, False, False, False, False, True, False, False, False, True, True, True, True, True, True, True, True, False, True, True, False, False, False, True]"
7,0.9957715155100133,"[True, True, True, True, True, True, True, True, True, True, True, False, False, True, False, False, False, False, True, True, True, True, False, False, False, False, True, True, True, True, True, False, True, False, True, True, False, True, False, True]"
7,0.9904064458812775,"[True, True, True, True, True, True, True, True, True, True, False, False, False, False, False, False, True, True, False, True, True, False, True, False, True, True, False, False, False, True, True, False, True, True, False, True, True, True, False, True]"
7,0.9503474981986714,"[True, True, True, True, True, True, True, False, True, False, True, True, False, False, True, True, False, False, False, True, False, True, True, False, True, True, True, False, True, False, False, False, True, False, True, True, True, True, False, False]"
step,fitness,genome
8,0.9905577260788853,"[True, True, True, True, True, True, True, True, True, True, False, False, False, False, False, True, True, True, False, True, True, False, True, False, True, True, False, False, False, True, True, False, True, True, False, True, True, True, True, True]"
8,0.9957715155100133,"[True, True, True, True, True, True, True, True, True, True, True, False, False, True, False, False, False, False, True, True, True, True, False, False, False, False, True, True, True, True, True, False, True, False, True, True, False, True, False, True]"
8,0.9865541522140632,"[True, True, True, True, True, True, True, True, True, False, True, False, False, True, True, True, False, True, False, True, False, True, True, True, True, True, True, True, False, False, False, True, True, True, False, False, False, True, True, True]"
8,0.9892321746545186,"[True, True, True, True, True, True, True, True, True, False, True, True, True, False, False, True, False, False, False, True, False, True, True, False, False, True, True, True, False, False, True, False, True, True, True, False, False, True, False, True]"
8,0.9214543341905881,"[True, True, True, True, True, True, False, True, True, True, True, False, True, False, True, False, False, False, False, True, False, True, True, False, True, False, True, True, True, False, False, False, True, False, True, False, False, True, False, True]"
8,0.9576822711639841,"[True, True, True, True, True, True, True, False, True, True, True, False, False, True, False, True, False, False, True, True, True, True, False, True, False, False, True, True, True, True, True, False, True, True, True, True, False, True, False, True]"
8,0.9982445383781218,"[True, True, True, True, True, True, True, True, True, True, True, True, False, True, False, False, False, True, True, True, True, True, False, False, False, True, True, True, True, True, True, False, True, False, True, True, False, True, False, True]"
8,0.9898556918488984,"[True, True, True, True, True, True, True, True, True, False, True, True, True, True, False, True, False, False, True, True, False, True, True, False, False, True, True, True, True, False, True, False, True, True, True, False, False, True, False, True]"
8,0.9899064560493399,"[True, True, True, True, True, True, True, True, True, False, True, True, True, True, False, True, True, False, False, False, True, True, False, False, False, True, True, False, True, True, True, False, False, True, True, True, False, False, False, True]"
8,0.9953907492000192,"[True, True, True, True, True, True, True, True, True, True, True, False, False, False, False, True, True, False, True, True, True, False, True, False, True, True, False, True, True, True, True, True, True, False, True, True, False, False, False, True]"
8,0.9859129745643979,"[True, True, True, True, True, True, True, True, True, False, True, False, False, False, True, True, False, False, False, True, False, True, True, False, True, False, True, True, True, False, False, False, True, True, True, False, False, True, False, True]"
8,0.9156258032385932,"[True, True, True, True, True, True, False, True, True, True, False, False, False, False, False, False, True, True, False, True, True, False, True, False, True, True, True, False, False, True, True, False, True, True, False, True, True, True, False, True]"
8,0.7964229835907414,"[True, True, True, True, True, False, True, False, False, False, True, True, True, True, False, True, False, False, False, True, False, True, True, False, False, True, True, True, True, False, True, False, True, True, True, False, False, True, False, True]"
8,0.9916169739111024,"[True, True, True, True, True, True, True, True, True, True, False, False, True, False, False, False, True, True, False, True, True, False, True, False, False, True, False, False, False, True, True, False, True, True, False, True, False, True, False, True]"
8,0.05596767014429384,"[True, False, True, True, True, True, True, True, True, True, True, False, False, False, False, True, True, False, True, True, True, False, True, False, True, True, False, True, True, True, True, True, True, False, True, True, False, False, False, True]"
8,0.9144600050174045,"[True, True, True, True, True, True, False, True, True, False, True, True, True, False, False, False, True, False, False, True, False, True, False, False, False, True, False, True, False, False, False, False, True, True, True, True, False, False, False, True]"
8,0.9899064559952662,"[True, True, True, True, True, True, True, True, True, False, True, True, True, True, False, True, True, False, False, False, True, True, False, False, False, True, True, False, True, True, True, False, False, True, True, False, True, False, True, True]"
8,0.26266305524765343,"[True, True, False, True, True, True, True, True, True, True, True, True, False, True, True, True, False, False, False, False, False, False, False, False, False, True, True, False, True, True, True, True, True, True, True, True, False, False, False, True]"
8,0.9983254412379818,"[True, True, True, True, True, True, True, True, True, True, True, True, False, True, False, True, False, False, False, False, False, True, False, False, False, True, True, False, True, True, True, True, True, True, True, True, False, False, False, True]"
8,0.9902929949390208,"[True, True, True, True, True, True, True, True, True, True, False, False, False, False, False, False, False, False, False, True, True, False, True, False, True, True, False, False, False, True, False, False, True, True, True, False, True, True, True, True]"
8,0.7260468616205786,"[True, True, True, True, False, True, True, True, True, True, True, False, True, True, True, True, False, False, True, False, False, True, True, True, False, True, True, True, True, False, False, True, True, False, True, False, False, True, False, True]"
8,0.9859184174464191,"[True, True, True, True, True, True, True, True, True, False, True, False, False, False, True, True, False, False, False, True, True, True, True, True, True, True, True, True, True, False, False, False, True, False, True, False, False, False, False, True]"
8,0.990404989700541,"[True, True, True, True, True, True, True, True, True, True, False, False, False, False, False, False, True, True, False, True, True, False, False, False, False, True, False, False, True, True, True, True, True, True, True, True, True, True, False, True]"
8,0.9983254412379818,"[True, True, True, True, True, True, True, True, True, True, True, True, False, True, False, True, False, False, False, False, False, True, False, False, False, True, True, False, True, True, True, True, True, True, True, True, False, False, False, True]"
8,0.0009660994096333065,"[False, True, True, True, True, True, True, True, True, True, False, True, True, True, False, False, True, False, True, True, True, False, False, False, True, False, True, False, False, True, False, False, True, True, True, False, False, True, False, False]"
8,0.9984790258256923,"[True, True, True, True, True, True, True, True, True, True, True, True, False, True, True, False, False, False, False, False, False, True, True, False, False, True, True, True, True, False, True, True, False, False, False, False, False, True, False, True]"
8,0.9896761450883361,"[True, True, True, True, True, True, True, True, True, False, True, True, True, True, False, False, False, False, False, False, False, True, True, False, False, True, True, True, False, False, True, False, True, True, True, False, False, True, False, True]"
8,0.9865153801821447,"[True, True, True, True, True, True, True, True, True, False, True, False, False, True, True, True, False, False, False, True, False, True, True, False, False, False, False, True, True, False, False, False, True, True, True, False, False, True, False, True]"
8,0.7266783563334998,"[True, True, True, True, False, True, True, True, True, True, True, True, False, True, False, False, True, False, True, False, True, True, False, False, False, False, True, False, True, True, True, False, False, False, True, False, False, True, False, True]"
8,0.9874239326735988,"[True, True, True, True, True, True, True, True, True, False, True, False, True, True, False, True, False, False, False, True, True, True, False, False, False, True, True, True, True, True, True, False, True, True, False, True, True, False, False, True]"
8,0.9802123575210443,"[True, True, True, True, True, True, True, True, False, True, True, True, True, True, False, True, False, False, True, False, False, True, True, False, False, True, True, True, True, False, False, True, True, False, True, False, False, True, True, True]"
8,0.9983349636661237,"[True, True, True, True, True, True, True, True, True, True, True, True, False, True, False, True, False, False, False, True, False, True, False, False, False, True, True, False, True, True, True, True, True, True, True, True, False, False, True, True]"
8,0.9983257388120563,"[True, True, True, True, True, True, True, True, True, True, True, True, False, True, False, True, False, False, False, False, False, True, False, False, True, True, True, False, True, True, True, True, True, True, True, True, False, False, False, True]"
8,0.0007482927450812109,"[False, True, True, True, True, True, False, False, True, False, True, False, False, False, True, True, False, False, False, True, False, True, False, False, True, True, True, False, True, False, False, False, True, True, True, False, True, True, False, False]"
8,0.5164989117569755,"[True, True, True, False, True, True, True, True, True, False, True, False, False, False, True, False, False, False, False, True, False, True, True, False, False, True, True, True, True, False, False, False, True, False, True, False, True, True, False, True]"
8,0.9212794672872483,"[True, True, True, True, True, True, False, True, True, True, True, False, True, False, False, False, True, True, False, True, True, False, True, False, True, True, True, False, False, True, True, False, True, True, True, True, True, True, True, True]"
8,0.0009649219235139171,"[False, True, True, True, True, True, True, True, True, True, False, True, True, False, False, False, True, False, True, True, True, False, True, False, True, True, False, False, False, True, True, False, True, True, True, True, False, False, False, True]"
8,0.9873059960004688,"[True, True, True, True, True, True, True, True, True, False, True, False, True, True, False, False, False, True, False, True, False, True, False, False, False, True, False, True, True, False, True, False, False, True, True, False, True, True, False, True]"
8,0.9898367952033815,"[True, True, True, True, True, True, True, True, True, False, True, True, True, True, False, True, False, False, False, True, False, True, True, False, False, True, True, True, True, False, True, True, True, True, True, True, False, True, False, True]"
8,0.985910328831006,"[True, True, True, True, True, True, True, True, True, False, True, False, False, False, True, True, False, False, False, True, False, False, True, False, False, False, True, True, True, False, False, True, True, True, True, True, False, True, False, True]"
8,0.7181123715635439,"[True, True, True, True, False, True, True, True, True, False, True, False, True, False, False, True, False, True, True, True, False, False, True, False, False, True, True, True, True, True, True, False, True, False, True, False, True, False, False, True]"
8,0.9998703573297135,"[True, True, True, True, True, True, True, True, True, True, True, True, True, True, True, True, False, False, True, False, False, True, True, False, False, True, True, True, True, False, True, True, True, False, True, False, False, True, False, True]"
8,0.9811784186960444,"[True, True, True, True, True, True, True, True, True, False, False, False, False, False, True, True, True, False, False, True, False, True, True, True, True, True, True, True, False, False, False, True, False, True, True, False, False, True, True, True]"
8,0.9886927962196393,"[True, True, True, True, True, True, True, True, True, False, True, True, False, True, False, True, True, False, False, False, False, True, False, False, False, True, True, False, True, True, True, True, True, True, True, True, False, True, False, True]"
8,0.9883234787327729,"[True, True, True, True, True, True, True, True, True, False, True, True, False, False, True, True, False, False, False, True, False, False, True, False, False, True, False, True, True, False, False, False, True, False, True, False, False, False, False, True]"
8,0.7192050218407561,"[True, True, True, True, False, True, True, True, True, False, True, True, False, False, True, True, False, False, False, True, False, True, True, False, False, True, True, False, True, False, False, True, True, False, True, False, True, True, False, True]"
8,0.9904061530292408,"[True, True, True, True, True, True, True, True, True, True, False, False, False, False, False, False, True, True, False, True, True, False, True, False, False, True, False, False, False, True, True, True, True, True, True, True, True, True, False, True]"
8,0.9898273456326054,"[True, True, True, True, True, True, True, True, True, False, True, True, True, True, False, True, False, False, False, False, False, True, True, False, False, True, True, True, True, False, True, True, True, True, True, False, False, True, False, True]"
8,0.9982457282975057,"[True, True, True, True, True, True, True, True, True, True, True, True, False, True, False, False, False, True, True, True, True, True, True, False, False, True, True, True, True, True, True, False, True, False, False, True, False, True, False, True]"
8,0.05618174114874387,"[True, False, True, True, True, True, True, True, True, True, True, True, False, True, False, False, False, True, True, True, True, True, False, False, False, True, True, True, True, True, True, False, True, False, True, True, False, True, False, True]"
step,fitness,genome
9,0.999851582906433,"[True, True, True, True, True, True, True, True, True, True, True, True, True, True, True, True, False, False, False, False, False, True, True, False, True, True, True, True, True, False, True, True, False, False, False, True, False, True, False, True]"
9,0.9860233233570804,"[True, True, True, True, True, True, True, True, True, False, True, False, False, False, True, True, True, True, False, True, False, False, True, False, False, False, True, True, True, False, False, True, True, True, True, True, False, True, False, True]"
9,0.9953907283322088,"[True, True, True, True, True, True, True, True, True, True, True, False, False, False, False, True, True, False, True, True, True, False, True, False, True, True, False, True, False, True, True, False, True, False, True, True, False, False, False, True]"
9,0.26002191548726844,"[True, True, False, True, True, True, True, True, True, False, True, True, True, True, False, True, False, False, False, True, False, True, True, False, False, True, True, False, False, False, True, True, False, True, True, True, False, True, False, True]"
9,0.05619924956316731,"[True, False, True, True, True, True, True, True, True, True, True, True, False, True, True, False, False, False, False, False, False, True, False, False, False, True, True, True, True, False, True, True, False, False, False, False, False, True, True, True]"
9,0.9874145039803902,"[True, True, True, True, True, True, True, True, True, False, True, False, True, True, False, True, False, False, False, False, True, True, False, False, False, True, True, True, True, True, True, False, True, True, False, True, True, False, False, True]"
9,0.7192032305457688,"[True, True, True, True, False, True, True, True, True, False, True, True, False, False, True, True, False, False, False, True, False, False, True, False, False, True, False, True, True, True, True, False, True, False, True, False, False, False, False, True]"
9,0.9886927962196393,"[True, True, True, True, True, True, True, True, True, False, True, True, False, True, False, True, True, False, False, False, False, True, False, False, False, True, True, False, True, True, True, True, True, True, True, True, False, True, False, True]"
9,0.05382191796950284,"[True, False, True, True, True, True, True, True, False, False, True, False, False, False, True, False, False, False, False, True, False, False, True, False, False, False, True, True, True, False, False, True, False, True, True, True, False, True, False, False]"
9,0.9905479748814151,"[True, True, True, True, True, True, True, True, True, True, False, False, False, False, False, True, True, True, False, False, True, False, True, False, False, True, False, False, False, True, True, False, True, True, False, True, False, True, False, True]"
9,0.9151598539284189,"[True, True, True, True, True, True, False, True, True, False, True, True, True, True, False, True, True, False, False, False, True, True, False, False, False, True, True, False, True, True, True, False, False, True, True, False, True, False, True, True]"
9,0.9984790261163322,"[True, True, True, True, True, True, True, True, True, True, True, True, False, True, True, False, False, False, False, False, False, True, True, False, False, True, True, True, True, False, True, True, False, False, True, False, False, True, False, True]"
9,0.9600375058588775,"[True, True, True, True, True, True, True, False, True, True, True, True, False, True, False, True, False, True, False, False, False, True, False, False, True, True, True, False, True, True, True, True, True, True, False, True, False, False, False, True]"
9,0.9214543385082388,"[True, True, True, True, True, True, False, True, True, True, True, False, True, False, True, False, False, False, False, True, False, True, True, False, True, False, True, True, True, False, True, False, True, False, True, False, False, True, False, False]"
9,0.960009639537019,"[True, True, True, True, True, True, True, False, True, True, True, True, False, True, False, True, False, False, False, True, False, True, False, False, False, True, True, False, True, True, True, True, True, False, True, True, False, False, True, True]"
9,0.9865153791040053,"[True, True, True, True, True, True, True, True, True, False, True, False, False, True, True, True, False, False, False, True, False, True, True, False, False, False, False, True, True, False, False, False, False, True, True, False, True, True, False, True]"
9,0.9212783589140227,"[True, True, True, True, True, True, False, True, True, True, True, False, True, False, False, False, True, True, False, True, True, False, False, False, True, True, True, False, False, True, True, False, False, True, True, True, True, True, True, True]"
9,0.055556789446253876,"[True, False, True, True, True, True, True, True, True, False, True, True, True, True, False, True, True, False, False, False, True, True, False, False, False, True, False, False, True, True, True, True, False, True, True, True, False, False, False, True]"
9,0.9982409686639515,"[True, True, True, True, True, True, True, True, True, True, True, True, False, True, False, False, False, True, True, True, False, True, True, False, False, True, True, True, True, True, True, True, False, False, False, True, True, False, False, True]"
9,0.9899164978444194,"[True, True, True, True, True, True, True, True, True, False, True, True, True, True, False, True, True, False, False, True, True, True, False, True, False, True, True, False, True, True, True, False, True, True, True, False, False, True, True, False]"
9,0.0009579032390328571,"[False, True, True, True, True, True, True, True, True, True, False, False, False, False, False, False, True, True, False, True, True, False, False, False, False, True, False, False, True, True, True, True, True, True, True, True, True, False, False, True]"
9,0.9873059591734374,"[True, True, True, True, True, True, True, True, True, False, True, False, True, True, False, False, False, True, False, True, False, True, False, False, False, True, False, False, True, False, True, False, False, True, True, False, True, True, False, True]"
9,0.989845651663339,"[True, True, True, True, True, True, True, True, True, False, True, True, True, True, False, True, False, False, True, False, False, True, False, True, False, True, True, True, True, False, True, False, True, True, True, False, False, True, False, True]"
9,0.9850786506681518,"[True, True, True, True, True, True, True, True, True, False, False, True, True, True, False, True, True, False, False, False, True, True, False, False, False, True, True, False, True, True, True, False, False, True, True, True, False, False, False, True]"
9,0.9896761406191789,"[True, True, True, True, True, True, True, True, True, False, True, True, True, True, False, False, False, False, False, False, False, True, True, False, False, True, True, True, False, False, False, False, True, True, True, True, False, True, False, True]"
9,0.05599907724920873,"[True, False, True, True, True, True, True, True, True, True, True, False, False, True, False, False, False, True, True, True, True, True, False, False, False, True, False, True, True, True, True, False, True, False, True, True, False, True, False, True]"
9,0.998502771357896,"[True, True, True, True, True, True, True, True, True, True, True, True, False, True, True, False, False, False, True, False, True, True, True, False, False, True, False, True, True, True, True, True, True, False, False, False, False, True, False, True]"
9,0.9860621409030014,"[True, True, True, True, True, True, True, True, True, False, True, False, False, True, False, False, False, False, False, True, False, True, False, False, False, False, True, False, True, True, True, False, False, False, True, True, False, True, False, True]"
9,0.951873030895993,"[True, True, True, True, True, True, True, False, True, False, True, True, True, True, False, True, True, False, False, False, True, True, False, False, False, True, True, False, True, True, True, True, False, True, True, False, True, False, True, True]"
9,0.9981826125909872,"[True, True, True, True, True, True, True, True, True, True, True, True, False, True, False, False, False, False, False, True, False, True, False, False, False, True, True, False, True, True, True, False, True, True, True, True, False, False, True, True]"
9,0.9123514317653055,"[True, True, True, True, True, True, False, True, True, False, True, False, True, False, False, True, True, False, False, True, False, True, True, False, False, True, False, False, False, False, True, False, False, True, True, False, False, True, False, True]"
9,0.9915038002386994,"[True, True, True, True, True, True, True, True, True, True, False, False, True, False, False, False, False, False, False, True, True, False, True, False, True, True, True, True, False, False, True, False, True, True, True, False, True, False, True, True]"
9,0.9960755714284698,"[True, True, True, True, True, True, True, True, True, True, True, False, False, True, True, False, False, False, True, True, True, True, False, False, False, False, True, True, True, True, True, False, True, False, True, True, False, True, False, True]"
9,0.9985504663907167,"[True, True, True, True, True, True, True, True, True, True, True, True, False, True, True, False, False, True, True, True, True, True, True, False, False, True, True, True, True, True, True, True, True, False, False, True, False, True, False, True]"
9,0.26055618287812937,"[True, True, False, True, True, True, True, True, True, True, False, False, True, False, False, False, True, True, False, True, True, False, False, False, False, True, True, False, False, True, True, False, True, True, False, True, False, False, False, False]"
9,0.9902929949390208,"[True, True, True, True, True, True, True, True, True, True, False, False, False, False, False, False, False, False, False, True, True, False, True, False, True, True, False, False, False, True, False, False, True, True, True, False, True, True, True, True]"
9,0.9957691404020362,"[True, True, True, True, True, True, True, True, True, True, True, False, False, True, False, False, False, False, True, True, True, False, False, False, False, False, True, True, True, True, True, False, True, False, True, True, False, True, False, True]"
9,0.9915789674830102,"[True, True, True, True, True, True, True, True, True, True, False, False, True, False, False, False, True, False, False, True, True, False, True, False, False, False, False, False, False, True, True, False, True, True, False, False, False, True, False, False]"
9,0.9980290682215737,"[True, True, True, True, True, True, True, True, True, True, True, True, False, False, True, True, False, False, False, True, False, False, True, False, False, True, True, False, False, False, True, True, True, False, False, False, False, True, False, True]"
9,0.9161790004339151,"[True, True, True, True, True, True, False, True, True, True, False, False, False, True, False, False, True, True, False, False, False, True, True, True, False, True, False, True, True, True, True, False, False, True, False, True, True, True, True, True]"
9,0.7225887713916742,"[True, True, True, True, False, True, True, True, True, True, False, True, False, False, False, False, True, True, False, True, True, False, True, True, True, True, False, False, False, True, True, True, True, True, True, True, False, True, False, True]"
9,0.12407753623485077,"[True, True, False, False, True, True, True, True, True, True, False, False, True, False, False, False, False, True, False, True, True, False, True, True, True, True, False, False, False, True, False, False, True, True, True, False, True, True, True, True]"
9,0.9860975569545253,"[True, True, True, True, True, True, True, True, True, False, True, False, False, True, False, False, False, True, False, True, False, False, False, False, False, True, False, True, True, False, True, False, False, True, True, False, True, False, False, False]"
9,0.9885347276566654,"[True, True, True, True, True, True, True, True, True, False, True, True, False, True, False, False, False, True, True, True, True, False, False, False, False, True, True, True, True, True, True, False, True, False, True, True, False, True, False, True]"
9,0.9916169739111024,"[True, True, True, True, True, True, True, True, True, True, False, False, True, False, False, False, True, True, False, True, True, False, True, False, False, True, False, False, False, True, True, False, True, True, False, True, False, True, False, True]"
9,0.959921195913013,"[True, True, True, True, True, True, True, False, True, True, True, True, False, True, False, False, False, True, True, True, True, False, True, False, False, True, True, True, True, True, True, False, True, False, False, True, True, True, False, True]"
9,0.9983355588194617,"[True, True, True, True, True, True, True, True, True, True, True, True, False, True, False, True, False, False, False, True, False, True, False, True, False, True, True, False, True, True, True, True, True, True, True, True, False, False, True, True]"
9,0.9898367583634946,"[True, True, True, True, True, True, True, True, True, False, True, True, True, True, False, True, False, False, False, True, False, True, True, False, False, True, True, False, True, False, True, True, True, True, True, True, True, True, False, True]"
9,0.9577953511366786,"[True, True, True, True, True, True, True, False, True, True, True, False, False, True, True, False, False, False, False, False, False, False, True, False, False, True, True, True, True, False, True, True, False, False, False, False, False, True, True, True]"
9,0.9977164745208872,"[True, True, True, True, True, True, True, True, True, True, True, True, False, False, False, True, False, False, False, False, False, True, False, False, True, True, True, False, True, True, True, True, True, True, True, True, True, True, False, True]"
step,fitness,genome
10,0.055730432489655264,"[True, False, True, True, True, True, True, True, True, True, False, False, True, True, False, False, True, True, False, True, True, True, True, False, False, True, False, False, False, True, True, False, True, False, True, True, False, True, False, True]"
10,0.8514111325060202,"[True, True, True, True, True, False, True, True, True, True, True, False, True, False, True, False, False, False, True, True, True, False, False, False, False, True, True, True, True, True, True, False, True, False, False, True, False, False, False, True]"
10,0.9791778383350964,"[True, True, True, True, True, True, True, True, False, True, True, True, False, True, True, False, False, False, True, True, True, True, True, False, False, True, True, True, True, True, True, True, True, False, False, False, False, False, True, True]"
10,0.9981777776642642,"[True, True, True, True, True, True, True, True, True, True, True, True, False, True, False, False, False, False, False, False, True, True, False, False, False, True, False, False, True, True, True, False, True, True, True, True, False, True, False, True]"
10,0.9578284712934471,"[True, True, True, True, True, True, True, False, True, True, True, False, False, True, True, False, False, False, True, True, True, True, False, False, False, False, True, True, True, True, True, False, True, False, True, True, False, True, False, True]"
10,0.9960755621481447,"[True, True, True, True, True, True, True, True, True, True, True, False, False, True, True, False, False, False, True, True, True, True, False, False, False, False, True, True, True, False, True, False, True, False, True, True, False, True, False, True]"
10,0.9886927962196393,"[True, True, True, True, True, True, True, True, True, False, True, True, False, True, False, True, True, False, False, False, False, True, False, False, False, True, True, False, True, True, True, True, True, True, True, True, False, True, False, True]"
10,0.9905479747371344,"[True, True, True, True, True, True, True, True, True, True, False, False, False, False, False, True, True, True, False, False, True, False, True, False, False, True, False, False, False, True, True, False, True, True, False, False, False, True, False, True]"
10,0.9984789889144283,"[True, True, True, True, True, True, True, True, True, True, True, True, False, True, True, False, False, False, False, False, False, True, True, False, False, True, True, False, True, False, True, True, False, False, True, False, False, True, False, True]"
10,0.0009626511460664066,"[False, True, True, True, True, True, True, True, True, True, False, True, False, False, False, True, False, False, False, False, False, True, False, False, True, True, True, False, True, True, True, True, True, True, True, True, True, True, False, True]"
10,0.9597057183583778,"[True, True, True, True, True, True, True, False, True, True, True, True, False, False, True, True, False, False, False, False, False, False, True, True, False, True, True, False, False, False, True, True, True, False, False, False, False, True, True, True]"
10,0.9981826146249227,"[True, True, True, True, True, True, True, True, True, True, True, True, False, True, False, False, False, False, False, True, False, True, False, False, False, True, True, False, True, True, True, True, True, True, False, True, False, False, True, True]"
10,0.9958182393014591,"[True, True, True, True, True, True, True, True, True, True, True, False, False, True, False, False, True, False, False, False, True, False, True, False, True, True, True, False, True, True, True, False, True, False, True, False, True, True, False, True]"
10,0.9838044562868877,"[True, True, True, True, True, True, True, True, True, False, False, True, False, True, False, True, False, False, False, True, False, True, False, False, False, True, False, False, True, True, False, True, True, True, True, True, False, True, True, True]"
10,0.9902931010689279,"[True, True, True, True, True, True, True, True, True, True, False, False, False, False, False, False, False, False, False, True, True, False, True, False, True, True, True, True, False, False, True, False, True, True, True, False, True, False, True, True]"
10,0.9864214100274926,"[True, True, True, True, True, True, True, True, True, False, True, False, False, True, True, False, False, True, True, True, False, True, True, False, False, True, True, True, True, True, True, True, False, False, False, True, True, False, False, True]"
10,0.7221330779921517,"[True, True, True, True, False, True, True, True, True, True, False, False, True, True, False, False, True, True, False, True, True, False, True, True, False, True, False, False, False, True, True, False, True, True, False, True, False, True, False, True]"
10,0.9980338281442156,"[True, True, True, True, True, True, True, True, True, True, True, True, False, False, True, True, False, False, False, True, True, False, True, False, False, True, True, False, False, False, True, True, True, False, False, False, False, True, False, True]"
10,0.0009760675324101844,"[False, True, True, True, True, True, True, True, True, True, True, True, True, True, True, False, False, True, False, True, False, True, True, False, True, False, True, True, True, False, True, False, True, False, True, False, False, True, False, False]"
10,0.7706895123333066,"[True, True, True, True, True, False, False, True, False, True, True, False, True, False, True, True, False, False, False, False, False, True, True, False, False, True, True, True, True, False, True, True, False, False, False, True, True, True, False, True]"
10,0.9915037633068773,"[True, True, True, True, True, True, True, True, True, True, False, False, True, False, False, False, False, False, False, True, True, False, True, False, True, True, True, False, False, False, True, False, True, True, True, False, True, True, True, True]"
10,0.9850786506681518,"[True, True, True, True, True, True, True, True, True, False, False, True, True, True, False, True, True, False, False, False, True, True, False, False, False, True, True, False, True, True, True, False, False, True, True, True, False, False, False, True]"
10,0.9885347276566654,"[True, True, True, True, True, True, True, True, True, False, True, True, False, True, False, False, False, True, True, True, True, False, False, False, False, True, True, True, True, True, True, False, True, False, True, True, False, True, False, True]"
10,0.9981826125819071,"[True, True, True, True, True, True, True, True, True, True, True, True, False, True, False, False, False, False, False, True, False, True, False, False, False, True, True, False, True, True, True, False, True, True, True, True, False, False, True, False]"
10,0.9985504268611485,"[True, True, True, True, True, True, True, True, True, True, True, True, False, True, True, False, False, True, True, True, True, True, True, False, False, True, True, False, True, True, True, False, True, False, False, True, False, True, False, True]"
10,0.2491446915359271,"[True, True, False, True, True, True, True, False, True, True, False, False, True, False, False, False, True, True, False, True, True, False, True, False, False, True, False, False, False, True, True, False, True, False, False, True, False, True, False, True]"
10,0.9578284668139516,"[True, True, True, True, True, True, True, False, True, True, True, False, False, True, True, False, False, False, True, True, True, True, False, False, False, False, True, True, True, True, False, False, True, False, True, True, False, True, False, True]"
10,0.9106614883717434,"[True, True, True, True, True, True, False, True, True, False, False, True, True, True, False, True, True, False, False, False, True, True, False, False, False, True, True, False, True, True, True, False, False, True, True, True, False, False, True, True]"
10,0.9874145039803902,"[True, True, True, True, True, True, True, True, True, False, True, False, True, True, False, True, False, False, False, False, True, True, False, False, False, True, True, True, True, True, True, False, True, True, False, True, True, False, False, True]"
10,0.9977164721610614,"[True, True, True, True, True, True, True, True, True, True, True, True, False, False, False, True, False, False, False, False, False, True, False, False, True, True, True, False, True, True, True, False, True, True, True, True, True, False, False, True]"
10,0.9902929948668971,"[True, True, True, True, True, True, True, True, True, True, False, False, False, False, False, False, False, False, False, True, True, False, True, False, True, True, False, False, False, True, False, False, True, True, True, False, False, True, True, True]"
10,0.9985504663907167,"[True, True, True, True, True, True, True, True, True, True, True, True, False, True, True, False, False, True, True, True, True, True, True, False, False, True, True, True, True, True, True, True, True, False, False, True, False, True, False, True]"
10,0.98848753266565,"[True, True, True, True, True, True, True, True, True, False, True, True, False, True, False, False, False, False, True, False, True, False, False, False, False, True, True, True, True, True, False, False, True, False, True, True, False, True, False, True]"
10,0.9960864025996471,"[True, True, True, True, True, True, True, True, True, True, True, False, False, True, True, False, False, True, False, False, True, True, True, False, False, True, True, True, True, False, True, True, False, False, True, False, False, False, False, True]"
10,0.999699025873654,"[True, True, True, True, True, True, True, True, True, True, True, True, True, True, True, False, False, False, False, False, False, True, True, False, True, True, True, True, True, False, True, True, False, False, False, True, False, True, False, True]"
10,0.9978686848497248,"[True, True, True, True, True, True, True, True, True, True, True, True, False, False, True, False, False, False, False, False, False, True, False, False, True, True, False, False, True, True, True, True, True, True, True, True, True, False, True, False]"
10,0.9873248147752036,"[True, True, True, True, True, True, True, True, True, False, True, False, True, True, False, False, False, True, True, True, False, True, False, False, False, True, False, False, True, False, True, False, False, True, True, False, True, True, False, True]"
10,0.9985504666813753,"[True, True, True, True, True, True, True, True, True, True, True, True, False, True, True, False, False, True, True, True, True, True, True, False, False, True, True, True, True, True, True, True, True, False, True, True, False, True, False, True]"
10,0.9983355588921122,"[True, True, True, True, True, True, True, True, True, True, True, True, False, True, False, True, False, False, False, True, False, True, False, True, False, True, True, False, True, True, True, True, True, True, True, True, True, False, True, True]"
10,0.9898503758683694,"[True, True, True, True, True, True, True, True, True, False, True, True, True, True, False, True, False, False, True, False, True, True, False, True, False, True, True, True, True, False, True, False, True, False, True, False, False, True, False, True]"
10,0.9953910248290533,"[True, True, True, True, True, True, True, True, True, True, True, False, False, False, False, True, True, False, True, True, True, False, True, True, False, True, False, True, False, True, True, False, True, False, False, True, False, False, False, True]"
10,0.9983352981492348,"[True, True, True, True, True, True, True, True, True, True, True, True, False, True, False, True, False, False, False, True, False, True, False, False, True, True, True, True, True, True, True, True, True, True, False, True, False, False, True, True]"
10,0.9983367770612712,"[True, True, True, True, True, True, True, True, True, True, True, True, False, True, False, True, False, False, False, True, False, True, True, True, False, True, True, True, True, False, True, True, True, True, True, True, False, True, True, True]"
10,0.9998503607458794,"[True, True, True, True, True, True, True, True, True, True, True, True, True, True, True, True, False, False, False, False, False, True, False, False, True, True, True, False, True, True, True, False, False, False, False, True, True, False, False, True]"
10,0.9819699941094963,"[True, True, True, True, True, True, True, True, True, False, False, False, True, False, False, False, True, True, False, True, True, True, True, False, False, True, True, False, False, True, True, False, True, True, True, False, False, True, False, True]"
10,0.9983329547262828,"[True, True, True, True, True, True, True, True, True, True, True, True, False, True, False, True, False, False, False, True, False, False, False, True, False, False, False, False, True, True, True, True, True, True, False, True, False, False, True, False]"
10,0.9953906541355524,"[True, True, True, True, True, True, True, True, True, True, True, False, False, False, False, True, True, False, True, True, True, False, True, False, True, False, True, True, False, True, True, False, True, False, True, True, False, False, False, True]"
10,0.991607361377535,"[True, True, True, True, True, True, True, True, True, True, False, False, True, False, False, False, True, True, False, False, True, False, True, False, False, False, False, False, False, True, True, False, True, True, False, True, True, True, False, True]"
10,0.9986314155730572,"[True, True, True, True, True, True, True, True, True, True, True, True, False, True, True, True, False, False, False, False, False, True, True, False, False, True, True, True, True, False, True, True, False, False, True, False, False, True, False, False]"
10,0.5243774472587547,"[True, True, True, False, True, True, True, True, True, True, True, True, True, True, True, True, False, False, False, False, False, True, True, False, True, True, True, True, True, False, True, True, False, False, False, True, False, True, False, True]"
step,fitness,genome
11,0.9977236004009339,"[True, True, True, True, True, True, True, True, True, True, True, True, False, False, False, True, False, False, False, True, False, False, False, False, True, True, True, False, True, False, True, False, True, True, False, True, False, False, True, True]"
11,0.9729636304398634,"[True, True, True, True, True, True, True, True, False, True, False, False, True, True, False, False, True, False, False, True, True, True, True, False, True, True, True, True, True, True, True, True, True, True, True, False, True, True, True, True]"
11,0.05620403046888388,"[True, False, True, True, True, True, True, True, True, True, True, True, False, True, True, False, False, True, True, False, True, True, True, True, False, True, True, True, True, True, True, True, True, False, False, True, False, True, False, True]"
11,0.52208203803379,"[True, True, True, False, True, True, True, True, True, True, True, False, False, True, False, False, False, False, False, True, False, True, False, False, False, True, True, False, True, True, True, True, True, True, False, True, False, True, True, True]"
11,0.9992402979464727,"[True, True, True, True, True, True, True, True, True, True, True, True, True, False, True, True, False, False, False, False, False, True, False, False, True, True, True, True, True, True, True, False, True, True, False, True, True, False, False, True]"
11,0.5113842180938758,"[True, True, True, False, True, True, True, True, False, True, True, False, False, True, False, True, False, False, False, True, False, False, False, True, False, False, False, False, True, True, True, True, True, True, False, True, False, False, True, False]"
11,0.25961683447109624,"[True, True, False, True, True, True, True, True, True, False, True, True, False, True, False, False, False, False, True, False, True, False, False, False, False, True, True, True, True, True, False, False, True, False, True, True, False, True, True, True]"
11,0.9986431902112972,"[True, True, True, True, True, True, True, True, True, True, True, True, False, True, True, True, False, False, False, True, True, False, True, False, False, True, False, False, False, False, True, False, True, False, False, False, False, True, False, True]"
11,0.9602176713529127,"[True, True, True, True, True, True, True, False, True, True, True, True, False, True, True, False, False, True, True, True, True, True, True, False, False, True, True, True, True, False, True, False, True, False, False, False, False, True, False, True]"
11,0.9898496839045829,"[True, True, True, True, True, True, True, True, True, False, True, True, True, True, False, True, False, False, True, False, True, True, False, False, False, True, False, False, True, True, True, False, True, False, True, True, False, True, False, True]"
11,0.9958134888900027,"[True, True, True, True, True, True, True, True, True, True, True, False, False, True, False, False, True, False, False, False, False, False, True, False, True, True, True, False, True, True, True, False, True, False, True, False, True, True, False, True]"
11,0.0009735935186095102,"[False, True, True, True, True, True, True, True, True, True, True, True, False, True, True, False, False, False, False, False, False, True, True, False, False, False, True, False, True, False, True, True, False, False, True, False, False, True, False, True]"
11,0.9767666199999104,"[True, True, True, True, True, True, True, True, False, True, True, False, False, True, True, False, False, False, False, True, True, True, True, True, False, False, True, True, True, False, True, False, True, False, True, True, False, True, False, True]"
11,0.9960755625831599,"[True, True, True, True, True, True, True, True, True, True, True, False, False, True, True, False, False, False, True, True, True, True, False, False, False, False, True, True, True, False, True, False, True, True, True, False, False, True, False, True]"
11,0.0451018024699089,"[True, False, True, True, True, False, True, True, True, True, False, False, True, False, False, False, True, True, False, False, True, False, True, False, False, False, False, False, False, True, True, False, True, True, False, True, True, True, False, True]"
11,0.9578457912286619,"[True, True, True, True, True, True, True, False, True, True, True, False, False, True, True, False, False, True, False, True, True, False, True, False, False, True, True, True, False, False, True, True, True, False, True, False, False, False, False, True]"
11,0.26252777486662504,"[True, True, False, True, True, True, True, True, True, True, True, True, False, True, False, False, False, False, False, False, True, True, False, False, False, True, False, False, True, True, True, False, True, False, True, True, True, True, False, True]"
11,0.9958182391927305,"[True, True, True, True, True, True, True, True, True, True, True, False, False, True, False, False, True, False, False, False, True, False, True, False, True, True, True, False, True, True, True, False, True, False, True, False, False, False, False, True]"
11,0.0009759747417916008,"[False, True, True, True, True, True, True, True, True, True, True, True, True, True, True, False, False, False, False, False, False, True, True, False, True, True, True, True, True, False, True, True, True, False, False, True, False, True, False, True]"
11,0.84666397755052,"[True, True, True, True, True, False, True, True, True, True, False, False, False, True, True, False, False, False, True, False, True, True, False, False, False, False, True, True, True, False, True, False, True, False, True, True, False, True, False, True]"
11,0.726868268165836,"[True, True, True, True, False, True, True, True, True, True, True, True, False, True, True, False, False, True, False, True, False, True, False, False, True, True, False, False, True, True, True, True, True, True, True, True, True, False, False, False]"
11,0.8530328838867096,"[True, True, True, True, True, False, True, True, True, True, True, True, False, True, True, False, False, True, True, True, True, True, True, False, False, True, True, True, True, True, True, True, True, False, True, True, True, True, False, True]"
11,0.05599494127934155,"[True, False, True, True, True, True, True, True, True, True, True, False, False, True, False, False, False, False, False, True, True, True, True, True, False, True, True, True, True, False, True, True, True, True, True, True, False, True, True, True]"
11,0.9981873724372076,"[True, True, True, True, True, True, True, True, True, True, True, True, False, True, False, False, False, False, False, True, True, True, False, False, False, True, True, False, True, True, True, False, True, False, True, False, False, False, True, False]"
11,0.9984889981697915,"[True, True, True, True, True, True, True, True, True, True, True, True, False, True, True, False, False, False, False, True, False, True, True, True, False, False, True, True, True, False, True, True, True, True, True, True, False, True, True, False]"
11,0.9986409406096453,"[True, True, True, True, True, True, True, True, True, True, True, True, False, True, True, True, False, False, False, True, False, True, True, False, False, True, True, True, True, False, True, True, False, False, True, False, False, True, False, False]"
11,0.9874145062823073,"[True, True, True, True, True, True, True, True, True, False, True, False, True, True, False, True, False, False, False, False, True, True, False, False, False, True, True, True, True, True, True, True, True, True, False, True, True, False, False, True]"
11,0.9960436021852649,"[True, True, True, True, True, True, True, True, True, True, True, False, False, True, True, False, False, False, False, False, False, True, True, False, False, True, True, False, True, False, True, True, False, False, True, False, False, True, False, True]"
11,0.9985504666813753,"[True, True, True, True, True, True, True, True, True, True, True, True, False, True, True, False, False, True, True, True, True, True, True, False, False, True, True, True, True, True, True, True, True, False, True, True, False, True, False, True]"
11,0.9981826112743771,"[True, True, True, True, True, True, True, True, True, True, True, True, False, True, False, False, False, False, False, True, False, True, False, False, False, True, True, False, True, True, True, False, False, True, True, False, False, False, True, False]"
11,0.9228671877855325,"[True, True, True, True, True, True, False, True, True, True, True, True, False, True, False, False, False, False, False, False, True, True, False, False, False, True, True, False, True, True, True, False, True, True, True, True, False, True, False, True]"
11,0.9873248170769325,"[True, True, True, True, True, True, True, True, True, False, True, False, True, True, False, False, False, True, True, True, False, True, False, False, False, True, False, False, True, False, True, True, False, True, True, False, True, True, False, True]"
11,0.99986019861449,"[True, True, True, True, True, True, True, True, True, True, True, True, True, True, True, True, False, False, False, True, False, True, False, True, False, True, True, False, True, True, True, True, True, True, True, True, True, False, True, True]"
11,0.9998503633648714,"[True, True, True, True, True, True, True, True, True, True, True, True, True, True, True, True, False, False, False, False, False, True, False, False, True, True, True, False, True, True, True, True, False, False, True, True, True, False, False, True]"
11,0.989850375940464,"[True, True, True, True, True, True, True, True, True, False, True, True, True, True, False, True, False, False, True, False, True, True, False, True, False, True, True, True, True, False, True, False, True, False, True, False, True, True, False, True]"
11,0.25676868466280856,"[True, True, False, True, True, True, True, True, False, True, True, True, False, True, False, True, False, False, False, False, False, True, False, False, True, True, True, False, True, True, True, True, False, False, False, True, True, False, False, True]"
11,0.9984789889144283,"[True, True, True, True, True, True, True, True, True, True, True, True, False, True, True, False, False, False, False, False, False, True, True, False, False, True, True, False, True, False, True, True, False, False, True, False, False, True, False, True]"
11,0.7197075332365473,"[True, True, True, True, False, True, True, True, True, False, True, True, False, True, True, True, True, False, False, False, False, True, False, False, False, True, False, False, False, True, True, True, False, True, True, True, False, True, False, True]"
11,0.9904442594502755,"[True, True, True, True, True, True, True, True, True, True, False, False, False, False, False, True, False, False, False, True, True, False, True, False, True, True, False, False, False, True, False, False, True, True, True, False, False, True, True, True]"
11,0.9960854931373861,"[True, True, True, True, True, True, True, True, True, True, True, False, False, True, True, False, False, True, False, False, True, True, False, False, True, True, True, True, False, False, True, True, False, False, True, False, False, False, True, True]"
11,0.26266335386430295,"[True, True, False, True, True, True, True, True, True, True, True, True, False, True, True, True, False, False, False, False, False, False, True, False, False, False, False, True, True, False, True, True, False, False, True, False, False, False, False, False]"
11,0.5235292410356165,"[True, True, True, False, True, True, True, True, True, True, True, True, False, True, False, True, False, False, False, True, False, True, False, False, True, True, True, True, True, False, True, True, True, False, False, True, False, False, False, True]"
11,0.0009729120082278209,"[False, True, True, True, True, True, True, True, True, True, True, True, False, False, True, True, True, False, True, True, True, False, True, False, True, True, True, True, False, True, True, False, True, True, False, True, False, False, False, True]"
11,0.26243627548889353,"[True, True, False, True, True, True, True, True, True, True, True, True, False, False, True, False, False, False, False, False, True, True, False, False, True, False, True, False, True, True, True, True, True, False, True, True, True, True, True, False]"
11,0.9998503613187839,"[True, True, True, True, True, True, True, True, True, True, True, True, True, True, True, True, False, False, False, False, False, True, False, False, True, True, True, False, True, True, True, False, False, True, False, True, True, False, False, False]"
11,0.9977140928783027,"[True, True, True, True, True, True, True, True, True, True, True, True, False, False, False, True, False, False, False, False, False, False, False, False, True, True, True, False, True, True, True, False, True, True, True, True, True, False, False, True]"
11,0.7268860197686026,"[True, True, True, True, False, True, True, True, True, True, True, True, False, True, True, False, False, True, True, True, True, True, False, False, False, True, True, True, True, True, True, True, True, False, True, True, False, True, False, True]"
11,0.5007358013343105,"[True, True, True, False, True, True, True, False, True, True, True, False, False, True, False, False, False, False, True, True, True, True, True, False, False, False, False, True, True, True, False, False, True, False, True, True, False, True, False, True]"
11,0.8418891571401641,"[True, True, True, True, True, False, True, True, True, False, True, False, False, False, False, True, True, False, True, True, True, False, True, True, False, False, False, True, False, True, True, False, True, False, False, True, False, False, False, True]"
11,0.9962276214382381,"[True, True, True, True, True, True, True, True, True, True, True, False, False, True, True, True, False, False, True, True, True, True, False, False, False, False, True, True, True, False, True, False, True, False, True, True, False, True, False, True]"
step,fitness,genome
12,0.9889243829454841,"[True, True, True, True, True, True, True, True, True, False, True, True, False, True, True, True, False, False, False, False, True, True, False, False, True, True, True, False, True, True, True, False, False, True, False, True, False, False, False, False]"
12,0.9970350156617509,"[True, True, True, True, True, True, True, True, True, True, True, False, True, True, False, False, True, False, False, False, True, False, True, False, True, True, True, False, True, True, True, False, True, False, True, False, False, False, False, True]"
12,0.8524937131762428,"[True, True, True, True, True, False, True, True, True, True, True, True, False, False, True, False, False, True, True, False, True, False, True, False, False, True, True, True, True, True, True, True, True, False, True, True, False, True, False, True]"
12,0.9983256620937326,"[True, True, True, True, True, True, True, True, True, True, True, True, False, True, False, True, False, False, False, False, False, True, False, False, True, True, False, False, True, True, True, False, True, True, True, True, False, False, False, True]"
12,0.9984789865893093,"[True, True, True, True, True, True, True, True, True, True, True, True, False, True, True, False, False, False, False, False, False, True, True, False, False, True, True, False, True, False, True, False, False, False, True, False, False, True, False, True]"
12,0.9896042455097015,"[True, True, True, True, True, True, True, True, True, False, True, True, True, False, True, True, True, False, False, False, True, True, False, False, True, False, True, False, True, True, True, True, False, True, True, True, True, False, False, True]"
12,0.9992402607190424,"[True, True, True, True, True, True, True, True, True, True, True, True, True, False, True, True, False, False, False, False, False, True, False, False, True, True, True, False, True, True, True, False, True, True, False, True, True, False, False, True]"
12,0.9226465545854634,"[True, True, True, True, True, True, False, True, True, True, True, True, False, False, True, False, False, True, True, True, True, True, True, False, False, True, True, True, True, True, True, True, True, False, False, True, False, True, False, True]"
12,0.6680640947666352,"[True, True, True, True, False, True, False, True, True, True, True, False, False, False, False, True, False, False, False, True, False, False, True, False, True, True, False, False, False, True, False, False, True, True, True, False, False, True, True, True]"
12,0.9992402889304544,"[True, True, True, True, True, True, True, True, True, True, True, True, True, False, True, True, False, False, False, False, False, True, False, False, True, True, True, True, True, False, True, False, True, True, True, True, True, False, False, True]"
12,0.9983337604195434,"[True, True, True, True, True, True, True, True, True, True, True, True, False, True, False, True, False, False, False, True, False, False, True, False, False, True, True, False, True, False, True, False, False, True, True, False, False, False, True, False]"
12,0.262663354039062,"[True, True, False, True, True, True, True, True, True, True, True, True, False, True, True, True, False, False, False, False, False, False, True, False, False, False, False, True, True, False, True, True, False, True, True, False, False, False, False, False]"
12,0.9998503450592089,"[True, True, True, True, True, True, True, True, True, True, True, True, True, True, True, True, False, False, False, False, False, True, False, False, True, True, True, False, False, True, True, True, False, True, False, True, True, True, False, False]"
12,0.055574172386218874,"[True, False, True, True, True, True, True, True, True, False, True, True, True, True, True, True, False, False, False, True, False, True, False, True, False, True, True, False, True, True, False, False, True, False, True, False, False, False, True, True]"
12,0.9998601985872086,"[True, True, True, True, True, True, True, True, True, True, True, True, True, True, True, True, False, False, False, True, False, True, False, True, False, True, True, False, True, True, True, True, True, True, True, True, True, False, False, False]"
12,0.0009001821215999264,"[False, True, True, True, True, True, True, False, True, True, True, True, False, True, True, False, False, False, True, True, False, True, True, True, False, False, True, True, True, False, True, True, True, True, True, True, False, True, False, False]"
12,0.26194165616593096,"[True, True, False, True, True, True, True, True, True, True, True, False, False, True, True, True, False, False, True, True, True, True, False, False, False, False, True, True, True, False, True, False, False, False, True, True, False, True, False, True]"
12,0.989524128020363,"[True, True, True, True, True, True, True, True, True, False, True, True, True, False, True, True, False, False, False, False, False, True, False, False, True, True, True, True, True, True, True, False, True, True, False, True, True, False, False, True]"
12,0.9992402234916132,"[True, True, True, True, True, True, True, True, True, True, True, True, True, False, True, True, False, False, False, False, False, True, False, False, True, True, False, True, True, True, True, False, True, True, False, True, True, False, False, True]"
12,0.9985504667540398,"[True, True, True, True, True, True, True, True, True, True, True, True, False, True, True, False, False, True, True, True, True, True, True, False, False, True, True, True, True, True, True, True, True, False, True, True, True, True, False, True]"
12,0.9987164475325092,"[True, True, True, True, True, True, True, True, True, True, True, True, False, True, True, True, True, False, False, True, False, True, False, True, False, True, False, False, True, True, True, True, True, False, True, True, True, False, True, True]"
12,0.9981873619769227,"[True, True, True, True, True, True, True, True, True, True, True, True, False, True, False, False, False, False, False, True, True, True, False, False, False, True, True, False, True, False, True, False, False, False, True, False, False, False, True, False]"
12,0.989850375940464,"[True, True, True, True, True, True, True, True, True, False, True, True, True, True, False, True, False, False, True, False, True, True, False, True, False, True, True, True, True, False, True, False, True, False, True, False, True, True, False, True]"
12,0.9970215587459941,"[True, True, True, True, True, True, True, True, True, True, True, False, True, True, False, False, False, True, True, True, False, True, False, False, False, True, False, False, True, False, True, True, False, True, True, False, True, True, False, True]"
12,0.9958182391927305,"[True, True, True, True, True, True, True, True, True, True, True, False, False, True, False, False, True, False, False, False, True, False, True, False, True, True, True, False, True, True, True, False, True, False, True, False, False, False, False, True]"
12,0.7278710878717621,"[True, True, True, True, False, True, True, True, True, True, True, True, True, True, True, True, False, False, False, True, False, True, False, True, False, True, True, False, False, True, True, True, True, True, True, True, True, True, True, True]"
12,0.7195940505272964,"[True, True, True, True, False, True, True, True, True, False, True, True, False, True, True, False, True, False, False, False, False, True, False, False, False, True, False, False, False, True, True, True, False, True, True, True, False, True, False, True]"
12,0.988788366768263,"[True, True, True, True, True, True, True, True, True, False, True, True, False, True, True, False, False, False, True, False, False, True, True, False, False, True, True, False, True, False, True, True, True, False, True, False, False, True, False, True]"
12,0.9998601799903823,"[True, True, True, True, True, True, True, True, True, True, True, True, True, True, True, True, False, False, False, True, False, True, False, True, False, True, True, False, False, True, True, True, True, True, True, True, True, False, True, True]"
12,0.9986647535588409,"[True, True, True, True, True, True, True, True, True, True, True, True, False, True, True, True, False, False, True, True, True, True, True, False, False, True, True, True, True, False, True, True, False, False, True, False, False, True, False, False]"
12,0.960157773732416,"[True, True, True, True, True, True, True, False, True, True, True, True, False, True, True, False, False, False, False, True, False, True, True, False, False, False, True, True, True, True, True, False, True, False, True, False, False, True, False, True]"
12,0.0031688904761333577,"[True, False, False, False, True, True, True, True, True, True, True, True, True, True, False, True, False, True, False, False, True, True, False, False, True, True, True, False, True, True, True, False, False, False, False, True, True, False, False, True]"
12,0.24047100321428747,"[True, True, False, True, True, True, False, True, True, True, True, True, True, True, True, True, False, False, False, True, True, True, True, False, False, True, False, False, True, False, True, False, False, False, True, False, False, False, False, True]"
12,0.9981802133032508,"[True, True, True, True, True, True, True, True, True, True, True, True, False, True, False, False, False, False, False, True, False, False, False, False, False, True, True, False, False, True, True, False, True, True, False, False, False, True, True, False]"
12,0.998489146978757,"[True, True, True, True, True, True, True, True, True, True, True, True, False, True, True, False, False, False, False, True, False, True, True, True, False, True, True, True, True, False, True, True, True, True, True, True, False, True, True, False]"
12,0.8433652840892988,"[True, True, True, True, True, False, True, True, True, False, True, False, True, True, False, True, False, False, False, False, False, True, False, False, False, False, True, True, True, True, True, True, True, True, False, True, False, False, False, True]"
12,0.9998601893024361,"[True, True, True, True, True, True, True, True, True, True, True, True, True, True, True, True, False, False, False, True, False, True, False, True, False, True, True, False, True, False, True, True, True, True, True, True, True, False, True, True]"
12,0.9793063768502754,"[True, True, True, True, True, True, True, True, False, True, True, True, False, True, True, True, False, False, False, True, True, False, True, False, False, True, False, False, False, False, True, False, True, False, False, False, False, True, False, True]"
12,0.9981832435288779,"[True, True, True, True, True, True, True, True, True, True, True, True, False, True, False, False, False, False, False, True, False, True, False, True, False, True, True, True, True, True, True, False, False, True, True, False, False, False, False, True]"
12,0.7274195867985983,"[True, True, True, True, False, True, True, True, True, True, True, True, True, False, True, True, False, False, True, False, False, True, False, False, True, True, True, True, False, True, True, False, True, True, False, True, True, False, False, True]"
12,0.9672474399502913,"[True, True, True, True, True, True, True, True, False, False, True, False, False, True, True, False, False, False, False, True, True, True, True, True, False, False, True, True, True, False, True, False, True, False, True, True, False, True, False, False]"
12,0.9998601985963025,"[True, True, True, True, True, True, True, True, True, True, True, True, True, True, True, True, False, False, False, True, False, True, False, True, False, True, True, False, True, True, True, True, True, True, True, True, True, False, False, True]"
12,0.523442496706077,"[True, True, True, False, True, True, True, True, True, True, True, True, False, True, False, False, False, False, False, True, False, False, False, False, False, True, True, False, False, True, True, False, False, True, False, False, False, False, False, False]"
12,0.9986455904006438,"[True, True, True, True, True, True, True, True, True, True, True, True, False, True, True, True, False, False, False, True, True, True, True, False, False, True, False, False, True, False, True, False, True, False, True, False, False, True, True, True]"
12,0.99986019861449,"[True, True, True, True, True, True, True, True, True, True, True, True, True, True, True, True, False, False, False, True, False, True, False, True, False, True, True, False, True, True, True, True, True, True, True, True, True, False, True, True]"
12,0.9986409406096453,"[True, True, True, True, True, True, True, True, True, True, True, True, False, True, True, True, False, False, False, True, False, True, True, False, False, True, True, True, True, False, True, True, False, False, True, False, False, True, False, False]"
12,0.9962280285234907,"[True, True, True, True, True, True, True, True, True, True, True, False, False, True, True, True, False, False, True, True, True, True, False, False, True, True, True, False, True, False, True, False, False, False, True, False, False, True, False, True]"
12,0.996043603345272,"[True, True, True, True, True, True, True, True, True, True, True, False, False, True, True, False, False, False, False, False, False, True, True, False, False, True, True, False, True, False, True, True, True, False, True, False, False, True, False, True]"
12,0.9985445140819971,"[True, True, True, True, True, True, True, True, True, True, True, True, False, True, True, False, False, True, True, True, False, True, False, False, False, True, True, True, True, True, True, True, True, False, True, True, True, True, False, True]"
12,0.26303201498431716,"[True, True, False, True, True, True, True, True, True, True, True, True, True, True, True, True, False, False, False, False, True, True, False, False, True, True, True, False, False, True, True, True, False, False, True, True, False, False, False, True]"
step,fitness,genome
13,0.9992509453336375,"[True, True, True, True, True, True, True, True, True, True, True, True, True, False, True, True, False, False, False, True, False, True, True, False, True, True, False, True, True, True, True, False, True, True, True, True, True, False, False, True]"
13,0.9985396400648853,"[True, True, True, True, True, True, True, True, True, True, True, True, False, True, True, False, False, True, True, False, True, True, False, False, False, True, False, False, True, True, True, True, True, False, False, True, True, True, False, True]"
13,0.9984024407014017,"[True, True, True, True, True, True, True, True, True, True, True, True, False, True, False, True, True, False, False, False, False, True, False, True, True, True, False, False, True, True, True, True, True, False, True, True, True, False, True, True]"
13,0.9985415377579522,"[True, True, True, True, True, True, True, True, True, True, True, True, False, True, True, False, False, True, True, False, True, True, True, True, False, True, True, True, True, True, True, True, True, False, True, True, True, True, False, True]"
13,0.9962280281971843,"[True, True, True, True, True, True, True, True, True, True, True, False, False, True, True, True, False, False, True, True, True, True, False, False, True, True, True, False, True, False, True, False, False, False, False, False, False, False, False, True]"
13,0.9998503450773963,"[True, True, True, True, True, True, True, True, True, True, True, True, True, True, True, True, False, False, False, False, False, True, False, False, True, True, True, False, False, True, True, True, False, True, False, True, True, True, True, False]"
13,0.9986455905459856,"[True, True, True, True, True, True, True, True, True, True, True, True, False, True, True, True, False, False, False, True, True, True, True, False, False, True, False, False, True, False, True, False, True, False, True, True, False, True, True, True]"
13,0.9120049662592449,"[True, True, True, True, True, True, False, True, True, False, True, False, False, True, True, True, False, False, False, True, True, True, True, False, True, True, False, True, True, False, True, False, True, False, True, False, False, True, True, True]"
13,0.726885125221866,"[True, True, True, True, False, True, True, True, True, True, True, True, False, True, True, False, False, True, True, True, True, False, True, False, False, True, True, True, True, True, True, True, True, False, True, True, True, True, False, True]"
13,0.7276704770805006,"[True, True, True, True, False, True, True, True, True, True, True, True, True, True, False, True, False, True, False, True, False, True, False, True, False, True, True, False, False, True, True, True, True, False, True, True, True, False, True, False]"
13,0.9985492762170763,"[True, True, True, True, True, True, True, True, True, True, True, True, False, True, True, False, False, True, True, True, True, True, False, False, False, True, True, True, True, True, True, True, True, False, True, True, True, True, False, True]"
13,0.2599521074571232,"[True, True, False, True, True, True, True, True, True, False, True, True, True, False, True, True, True, False, False, False, True, True, False, False, True, False, True, False, True, True, True, True, False, True, True, True, True, False, False, True]"
13,0.989850226551444,"[True, True, True, True, True, True, True, True, True, False, True, True, True, True, False, True, False, False, True, False, True, True, False, True, False, False, True, True, True, False, False, True, True, True, True, False, True, True, False, False]"
13,0.9998601953952839,"[True, True, True, True, True, True, True, True, True, True, True, True, True, True, True, True, False, False, False, True, False, True, False, True, False, True, True, False, True, True, True, False, True, False, False, True, True, False, False, True]"
13,0.993622491127508,"[True, True, True, True, True, True, True, True, True, True, False, True, False, True, True, False, False, False, False, True, False, True, False, True, False, True, True, True, True, False, True, True, True, True, True, True, False, True, False, False]"
13,0.9986409406096453,"[True, True, True, True, True, True, True, True, True, True, True, True, False, True, True, True, False, False, False, True, False, True, True, False, False, True, True, True, True, False, True, True, False, False, True, False, False, True, False, False]"
13,0.25974798511943115,"[True, True, False, True, True, True, True, True, True, False, True, True, False, True, True, True, False, False, False, False, True, True, False, False, True, True, True, False, True, True, True, False, False, True, False, True, False, False, False, False]"
13,0.9984968386147508,"[True, True, True, True, True, True, True, True, True, True, True, True, False, True, True, False, False, False, True, False, False, True, False, False, False, True, True, False, False, True, True, True, True, True, True, True, True, False, True, True]"
13,0.9987409585758862,"[True, True, True, True, True, True, True, True, True, True, True, True, False, True, True, True, True, False, True, True, True, True, True, False, False, True, True, True, True, False, True, True, False, False, True, True, False, True, False, False]"
13,0.999237831940923,"[True, True, True, True, True, True, True, True, True, True, True, True, True, False, True, True, False, False, False, False, False, False, False, False, True, True, False, True, True, False, True, False, True, True, True, True, True, False, True, True]"
13,0.0009762894494026891,"[False, True, True, True, True, True, True, True, True, True, True, True, True, True, True, True, False, False, False, True, False, True, False, True, False, True, True, False, True, False, True, True, True, True, True, True, True, False, True, True]"
13,0.9983336116314202,"[True, True, True, True, True, True, True, True, True, True, True, True, False, True, False, True, False, False, False, True, False, False, True, False, False, False, True, False, True, False, True, False, False, True, True, False, False, False, True, False]"
13,0.6978633765182639,"[True, True, True, True, False, True, True, False, True, True, True, True, False, True, False, False, False, True, False, True, True, True, False, False, False, True, True, False, True, False, True, False, False, False, False, False, False, True, False, False]"
13,0.9983551884424985,"[True, True, True, True, True, True, True, True, True, True, True, True, False, True, False, True, False, False, True, True, False, True, True, False, False, True, True, False, True, False, True, True, False, True, True, False, False, False, True, False]"
13,0.2167212092410503,"[True, True, False, True, True, False, True, True, True, False, True, True, False, False, True, True, False, False, True, True, False, True, False, False, True, True, False, True, True, False, True, False, True, True, False, True, True, True, False, True]"
13,0.0002568220559594384,"[False, True, True, False, True, True, True, True, True, True, True, True, True, True, True, True, False, False, False, False, False, True, False, True, False, True, True, False, True, True, True, True, True, True, True, True, True, False, False, False]"
13,0.9958182212162815,"[True, True, True, True, True, True, True, True, True, True, True, False, False, True, False, False, True, False, False, False, True, False, True, False, True, True, True, False, False, True, True, False, True, True, True, False, False, False, False, True]"
13,0.9608835634087253,"[True, True, True, True, True, True, True, False, True, True, True, True, True, False, True, True, False, False, False, False, False, True, False, False, True, True, False, True, True, True, True, False, True, True, False, True, True, False, False, True]"
13,0.8539046498394979,"[True, True, True, True, True, False, True, True, True, True, True, True, True, True, False, True, False, False, False, True, False, True, False, True, False, False, True, True, True, True, True, True, True, True, True, True, True, False, True, True]"
13,0.9764801637946638,"[True, True, True, True, True, True, True, True, False, True, True, False, False, True, False, False, False, False, True, True, False, True, False, False, False, True, False, False, True, False, True, True, False, True, True, False, True, True, False, True]"
13,0.9986395744127796,"[True, True, True, True, True, True, True, True, True, True, True, True, False, True, True, True, False, False, False, True, False, True, False, False, False, False, True, False, True, True, True, True, True, False, True, False, False, True, False, True]"
13,0.0556708289340523,"[True, False, True, True, True, True, True, True, True, True, False, False, False, True, True, True, True, False, False, True, True, True, False, True, False, True, False, False, True, False, True, False, False, False, False, True, True, False, True, True]"
13,0.9998601892933423,"[True, True, True, True, True, True, True, True, True, True, True, True, True, True, True, True, False, False, False, True, False, True, False, True, False, True, True, False, True, False, True, True, True, True, True, True, True, False, True, False]"
13,0.9999264823457772,"[True, True, True, True, True, True, True, True, True, True, True, True, True, True, True, True, True, False, False, False, False, True, False, False, True, False, True, False, False, True, True, True, False, True, False, True, True, True, False, False]"
13,0.9998601985963025,"[True, True, True, True, True, True, True, True, True, True, True, True, True, True, True, True, False, False, False, True, False, True, False, True, False, True, True, False, True, True, True, True, True, True, True, True, True, False, False, True]"
13,0.7277576015796451,"[True, True, True, True, False, True, True, True, True, True, True, True, True, True, True, False, False, False, False, True, False, True, True, True, True, True, True, True, True, False, True, True, True, True, True, False, False, True, True, False]"
13,0.9983336860254793,"[True, True, True, True, True, True, True, True, True, True, True, True, False, True, False, True, False, False, False, True, False, False, True, False, False, True, False, False, True, False, True, False, False, True, True, False, False, False, True, False]"
13,0.9998601800267576,"[True, True, True, True, True, True, True, True, True, True, True, True, True, True, True, True, False, False, False, True, False, True, False, True, False, True, True, False, False, True, True, True, True, True, True, True, True, True, True, True]"
13,0.009092765274785945,"[True, False, False, True, True, True, True, True, True, True, True, True, True, True, True, True, False, False, False, False, False, True, False, False, False, True, True, False, True, True, True, True, False, True, False, True, True, True, False, False]"
13,0.9992402234916132,"[True, True, True, True, True, True, True, True, True, True, True, True, True, False, True, True, False, False, False, False, False, True, False, False, True, True, False, True, True, True, True, False, True, True, False, True, True, False, False, True]"
13,0.9232987097599304,"[True, True, True, True, True, True, False, True, True, True, True, True, False, True, True, True, False, False, False, True, False, True, True, False, False, True, True, True, True, False, True, True, False, False, True, False, False, True, False, False]"
13,0.9986408658316273,"[True, True, True, True, True, True, True, True, True, True, True, True, False, True, True, True, False, False, False, True, False, True, True, False, False, True, False, True, True, False, True, False, True, True, True, True, True, True, False, False]"
13,0.9601573276698546,"[True, True, True, True, True, True, True, False, True, True, True, True, False, True, True, False, False, False, False, True, False, True, False, True, False, True, True, True, False, True, True, True, True, True, True, False, True, True, False, False]"
13,0.996110162151377,"[True, True, True, True, True, True, True, True, True, True, True, False, False, True, True, False, False, True, True, True, False, True, True, False, False, True, True, True, True, False, True, True, True, False, True, True, True, True, True, True]"
13,0.9986647535588409,"[True, True, True, True, True, True, True, True, True, True, True, True, False, True, True, True, False, False, True, True, True, True, True, False, False, True, True, True, True, False, True, True, False, False, True, False, False, True, False, False]"
13,0.9998601985963025,"[True, True, True, True, True, True, True, True, True, True, True, True, True, True, True, True, False, False, False, True, False, True, False, True, False, True, True, False, True, True, True, True, True, True, True, True, True, False, False, True]"
13,0.6910649065952232,"[True, True, True, True, False, True, True, False, True, False, True, True, False, True, True, False, True, False, False, False, False, False, False, False, False, True, False, False, False, True, True, True, False, True, True, False, True, True, False, True]"
13,0.9998602358627064,"[True, True, True, True, True, True, True, True, True, True, True, True, True, True, True, True, False, False, False, True, False, True, False, True, False, True, True, True, True, True, True, True, True, True, True, True, True, False, True, True]"
13,0.9998986394381795,"[True, True, True, True, True, True, True, True, True, True, True, True, True, True, True, True, False, True, False, True, False, True, False, True, True, True, True, False, True, True, True, True, True, True, True, True, True, False, True, True]"
13,0.9885181633843079,"[True, True, True, True, True, True, True, True, True, False, True, True, False, True, False, False, False, True, False, True, True, True, False, False, False, True, True, False, True, False, True, False, False, False, True, False, False, False, True, False]"
step,fitness,genome
14,0.9986409406096453,"[True, True, True, True, True, True, True, True, True, True, True, True, False, True, True, True, False, False, False, True, False, True, True, False, False, True, True, True, True, False, True, True, False, False, True, False, False, True, False, False]"
14,0.05621174579431138,"[True, False, True, True, True, True, True, True, True, True, True, True, False, True, True, True, False, False, False, True, True, True, False, False, False, False, True, False, True, True, True, True, False, False, True, False, False, True, False, True]"
14,0.999859602643198,"[True, True, True, True, True, True, True, True, True, True, True, True, True, True, True, True, False, False, False, True, False, True, False, False, False, True, True, False, True, True, True, True, True, True, True, True, True, False, True, True]"
14,0.9992515409784057,"[True, True, True, True, True, True, True, True, True, True, True, True, True, False, True, True, False, False, False, True, False, True, True, True, True, True, False, True, True, True, True, False, True, True, True, True, True, False, False, True]"
14,0.9996977882145994,"[True, True, True, True, True, True, True, True, True, True, True, True, True, True, True, False, False, False, False, False, False, True, False, False, True, True, True, False, False, True, True, True, False, True, False, True, True, True, True, False]"
14,0.979402440345589,"[True, True, True, True, True, True, True, True, False, True, True, True, False, True, True, True, True, False, True, True, True, True, True, False, False, True, True, True, True, False, True, True, False, True, True, True, False, True, False, False]"
14,0.9969645023345897,"[True, True, True, True, True, True, True, True, True, True, True, False, True, True, False, False, False, False, False, True, False, True, False, False, False, True, False, False, True, True, True, True, False, True, True, False, False, False, False, False]"
14,0.9791725299248922,"[True, True, True, True, True, True, True, True, False, True, True, True, False, True, True, False, False, False, True, True, False, True, False, True, False, True, True, False, True, False, True, True, True, True, True, True, True, False, False, True]"
14,0.2626670000708971,"[True, True, False, True, True, True, True, True, True, True, True, True, False, True, True, True, False, False, False, True, False, True, True, False, False, True, True, True, True, False, True, True, False, False, True, False, False, True, False, False]"
14,0.999879567255323,"[True, True, True, True, True, True, True, True, True, True, True, True, True, True, True, True, False, False, True, True, False, True, False, True, True, True, True, False, True, True, True, True, True, False, True, True, True, False, False, True]"
14,0.9614820790397577,"[True, True, True, True, True, True, True, False, True, True, True, True, True, True, True, True, False, False, False, True, False, True, False, True, False, True, True, False, True, True, True, True, True, True, True, True, True, False, False, True]"
14,0.0005113503074656902,"[False, True, True, True, False, True, True, True, True, True, True, True, True, False, True, True, False, False, False, True, False, True, True, False, True, True, False, True, True, True, True, False, False, True, True, True, True, False, False, True]"
14,0.9998601986326776,"[True, True, True, True, True, True, True, True, True, True, True, True, True, True, True, True, False, False, False, True, False, True, False, True, False, True, True, False, True, True, True, True, True, True, True, True, True, True, False, True]"
14,0.9063974472356531,"[True, True, True, True, True, True, False, True, False, True, True, True, True, True, True, True, False, False, False, True, False, True, False, True, False, True, True, True, False, True, True, True, True, True, True, True, True, False, True, True]"
14,0.5242117573355969,"[True, True, True, False, True, True, True, True, True, True, True, True, True, True, False, True, False, False, False, True, False, True, False, True, True, True, True, False, True, True, True, False, True, True, False, True, True, False, False, True]"
14,0.8536299219560449,"[True, True, True, True, True, False, True, True, True, True, True, True, True, False, True, True, False, False, False, False, False, False, False, True, True, True, False, True, True, False, True, False, True, True, True, True, True, False, True, True]"
14,0.05519148347476023,"[True, False, True, True, True, True, True, True, True, False, False, True, True, True, False, True, False, False, True, False, True, True, False, True, False, False, True, True, True, False, False, True, True, True, True, False, True, True, False, False]"
14,0.9987028554858791,"[True, True, True, True, True, True, True, True, True, True, True, True, False, True, True, True, False, True, True, True, True, True, True, False, False, True, True, True, True, False, True, True, False, False, True, True, False, True, False, False]"
14,0.9992509453336375,"[True, True, True, True, True, True, True, True, True, True, True, True, True, False, True, True, False, False, False, True, False, True, True, False, True, True, False, True, True, True, True, False, True, True, True, True, True, False, False, True]"
14,0.00025685022465605226,"[False, True, True, False, True, True, True, True, True, True, True, True, True, True, True, True, False, True, False, True, False, True, False, True, True, True, True, False, True, True, True, True, True, True, True, True, True, False, True, True]"
14,0.2630534729616617,"[True, True, False, True, True, True, True, True, True, True, True, True, True, True, True, True, True, False, False, False, False, True, False, False, True, False, True, False, False, True, True, True, True, True, False, True, True, True, False, False]"
14,0.9985492762170763,"[True, True, True, True, True, True, True, True, True, True, True, True, False, True, True, False, False, True, True, True, True, True, False, False, False, True, True, True, True, True, True, True, True, False, True, True, True, True, False, True]"
14,0.9998601240998735,"[True, True, True, True, True, True, True, True, True, True, True, True, True, True, True, True, False, False, False, True, False, True, False, True, False, True, False, False, True, True, True, True, True, True, True, True, True, False, False, True]"
14,0.055835120353833194,"[True, False, True, True, True, True, True, True, True, True, False, True, False, True, True, False, False, False, False, True, False, True, False, True, False, True, True, True, True, False, True, True, True, True, True, True, False, True, False, False]"
14,0.9999364846881873,"[True, True, True, True, True, True, True, True, True, True, True, True, True, True, True, True, True, False, False, True, False, True, False, True, False, True, True, False, True, True, True, True, True, False, False, True, True, False, False, True]"
14,0.9999264835098534,"[True, True, True, True, True, True, True, True, True, True, True, True, True, True, True, True, True, False, False, False, False, True, False, False, True, False, True, False, False, True, True, True, True, True, False, True, True, True, False, False]"
14,0.9998503450864901,"[True, True, True, True, True, True, True, True, True, True, True, True, True, True, True, True, False, False, False, False, False, True, False, False, True, True, True, False, False, True, True, True, False, True, False, True, True, True, True, True]"
14,0.9986787179332761,"[True, True, True, True, True, True, True, True, True, True, True, True, False, True, True, True, False, True, False, True, False, True, False, True, True, True, True, False, True, True, True, True, True, True, True, True, True, False, False, True]"
14,0.999240222328256,"[True, True, True, True, True, True, True, True, True, True, True, True, True, False, True, True, False, False, False, False, False, True, False, False, True, True, False, True, True, True, True, False, False, True, False, True, True, False, False, True]"
14,0.9998986394381795,"[True, True, True, True, True, True, True, True, True, True, True, True, True, True, True, True, False, True, False, True, False, True, False, True, True, True, True, False, True, True, True, True, True, True, True, True, True, False, True, True]"
14,0.9998505700288206,"[True, True, True, True, True, True, True, True, True, True, True, True, True, True, True, True, False, False, False, False, False, True, False, True, False, True, False, False, False, True, True, True, True, True, True, True, True, True, True, True]"
14,0.923316427390499,"[True, True, True, True, True, True, False, True, True, True, True, True, False, True, True, True, False, False, True, True, False, True, True, False, False, True, True, False, True, False, True, True, False, True, True, False, False, False, True, False]"
14,0.9998601985963025,"[True, True, True, True, True, True, True, True, True, True, True, True, True, True, True, True, False, False, False, True, False, True, False, True, False, True, True, False, True, True, True, True, True, True, True, True, True, False, False, True]"
14,0.990223210457717,"[True, True, True, True, True, True, True, True, True, False, True, True, True, True, True, True, True, False, True, False, False, True, False, False, True, False, True, False, False, True, True, True, False, True, True, True, True, True, False, False]"
14,0.9232974367051762,"[True, True, True, True, True, True, False, True, True, True, True, True, False, True, True, True, False, False, False, True, False, True, False, False, False, False, True, False, True, True, True, True, True, False, True, False, False, True, True, True]"
14,0.9998986347819914,"[True, True, True, True, True, True, True, True, True, True, True, True, True, True, True, True, False, True, False, True, False, True, False, True, True, True, True, False, True, True, False, True, True, True, True, True, True, False, True, True]"
14,0.9601596261921667,"[True, True, True, True, True, True, True, False, True, True, True, True, False, True, True, False, False, False, False, True, True, False, False, True, False, True, True, True, False, True, True, True, True, True, True, False, True, True, False, False]"
14,0.9992501240140454,"[True, True, True, True, True, True, True, True, True, True, True, True, True, False, True, True, False, False, False, True, False, True, False, True, False, True, True, True, True, True, False, True, True, True, True, True, True, False, True, True]"
14,0.9998578115120408,"[True, True, True, True, True, True, True, True, True, True, True, True, True, True, True, True, False, False, False, True, False, False, False, True, False, True, True, False, True, True, True, False, True, False, False, True, True, False, False, True]"
14,0.5237554969617833,"[True, True, True, False, True, True, True, True, True, True, True, True, False, True, True, True, True, False, True, True, True, True, False, False, False, True, True, True, True, False, True, True, False, False, True, True, False, True, False, True]"
14,0.9998984904401711,"[True, True, True, True, True, True, True, True, True, True, True, True, True, True, True, True, False, True, False, True, False, True, False, True, True, False, True, False, True, True, True, True, True, True, True, True, True, False, True, True]"
14,0.9600291603235486,"[True, True, True, True, True, True, True, False, True, True, True, True, False, True, False, True, False, False, True, True, False, True, True, False, False, True, True, False, True, False, False, True, False, True, True, False, True, False, True, False]"
14,0.9998500482583493,"[True, True, True, True, True, True, True, True, True, True, True, True, True, True, True, True, False, False, False, False, False, True, False, False, False, True, True, False, False, True, True, True, True, True, False, True, True, True, True, False]"
14,0.9998986371100854,"[True, True, True, True, True, True, True, True, True, True, True, True, True, True, True, True, False, True, False, True, False, True, False, True, True, True, True, False, True, True, True, False, True, True, True, True, True, False, True, True]"
14,0.8541695230939798,"[True, True, True, True, True, False, True, True, True, True, True, True, True, True, True, True, False, False, False, True, False, True, False, True, False, True, True, False, True, True, True, True, True, True, True, True, True, False, False, True]"
14,0.999555103150707,"[True, True, True, True, True, True, True, True, True, True, True, True, True, True, False, True, False, False, False, True, False, True, False, True, False, True, True, False, True, True, True, True, True, True, True, True, True, True, False, True]"
14,0.9992509453336375,"[True, True, True, True, True, True, True, True, True, True, True, True, True, False, True, True, False, False, False, True, False, True, True, False, True, True, False, True, True, True, True, False, True, True, True, True, True, False, False, True]"
14,0.9985408305915088,"[True, True, True, True, True, True, True, True, True, True, True, True, False, True, True, False, False, True, True, False, True, True, True, False, False, True, False, False, True, True, True, True, True, False, False, True, True, True, False, True]"
14,0.9986403565473122,"[True, True, True, True, True, True, True, True, True, True, True, True, False, True, True, True, False, False, False, True, False, True, False, True, False, True, True, True, True, True, True, True, True, True, True, True, True, False, True, True]"
14,0.2611127752567442,"[True, True, False, True, True, True, True, True, True, True, False, True, False, True, False, True, False, False, False, True, False, False, True, False, False, True, False, False, True, False, True, False, False, False, True, False, False, False, True, False]"
step,fitness,genome
15,0.9902137588650809,"[True, True, True, True, True, True, True, True, True, False, True, True, True, True, True, True, True, False, False, True, False, True, False, False, True, False, True, False, False, True, True, True, True, True, True, True, True, True, False, False]"
15,0.9999034050568939,"[True, True, True, True, True, True, True, True, True, True, True, True, True, True, True, True, False, True, False, True, True, True, False, True, True, True, True, False, True, True, True, False, True, True, True, True, True, False, True, True]"
15,0.980492475656075,"[True, True, True, True, True, True, True, True, False, True, True, True, True, True, True, True, False, False, False, False, False, True, False, False, True, True, True, False, False, True, True, True, False, True, False, True, True, True, True, True]"
15,0.9998505665368306,"[True, True, True, True, True, True, True, True, True, True, True, True, True, True, True, True, False, False, False, False, False, True, False, True, False, True, False, False, False, True, True, False, False, True, True, True, True, True, True, True]"
15,0.9901767056112423,"[True, True, True, True, True, True, True, True, True, False, True, True, True, True, True, True, False, True, False, True, False, True, False, True, True, True, True, False, True, True, True, True, True, True, True, True, True, False, True, True]"
15,0.053441053690399726,"[True, False, True, True, True, True, True, False, True, True, True, True, True, True, True, True, False, True, False, True, False, True, False, True, True, True, True, False, True, True, False, True, True, True, True, True, True, False, True, True]"
15,0.9998986347819914,"[True, True, True, True, True, True, True, True, True, True, True, True, True, True, True, True, False, True, False, True, False, True, False, True, True, True, True, False, True, True, False, True, True, True, True, True, True, False, True, True]"
15,0.9986400583074737,"[True, True, True, True, True, True, True, True, True, True, True, True, False, True, True, True, False, False, False, True, False, True, False, False, True, True, True, True, True, True, True, True, True, False, True, True, True, False, True, True]"
15,0.9999364846881873,"[True, True, True, True, True, True, True, True, True, True, True, True, True, True, True, True, True, False, False, True, False, True, False, True, False, True, True, False, True, True, True, True, True, False, False, True, True, False, False, True]"
15,0.999869727232731,"[True, True, True, True, True, True, True, True, True, True, True, True, True, True, True, True, False, False, True, False, False, True, False, True, False, True, True, False, True, True, False, False, True, True, True, True, True, True, False, True]"
15,0.999860198296207,"[True, True, True, True, True, True, True, True, True, True, True, True, True, True, True, True, False, False, False, True, False, True, False, True, False, True, True, False, True, True, True, True, True, True, False, True, True, False, False, False]"
15,0.9992503310753049,"[True, True, True, True, True, True, True, True, True, True, True, True, True, False, True, True, False, False, False, True, False, True, False, True, True, True, False, True, False, True, True, False, True, True, True, True, True, False, False, True]"
15,0.48232528397762975,"[True, True, True, False, True, True, False, True, True, True, True, True, True, True, True, True, True, False, False, True, False, True, False, False, True, False, True, False, False, True, True, True, True, True, False, True, True, False, False, False]"
15,0.9998503450683026,"[True, True, True, True, True, True, True, True, True, True, True, True, True, True, True, True, False, False, False, False, False, True, False, False, True, True, True, False, False, True, True, True, False, True, False, True, True, True, False, True]"
15,0.7278836639289057,"[True, True, True, True, False, True, True, True, True, True, True, True, True, True, True, True, False, False, True, True, False, False, False, True, False, True, True, True, True, True, False, False, True, False, True, True, True, False, False, True]"
15,0.9241505448999748,"[True, True, True, True, True, True, False, True, True, True, True, True, True, True, False, True, False, False, False, True, False, True, False, True, False, True, True, False, False, True, True, True, True, True, True, True, True, False, True, True]"
15,0.9238657671429813,"[True, True, True, True, True, True, False, True, True, True, True, True, True, False, True, True, False, False, False, True, False, True, False, False, False, True, True, False, False, True, True, True, True, True, False, True, True, True, True, False]"
15,0.0008329901044745816,"[False, True, True, True, True, True, False, True, True, True, True, True, True, False, True, True, False, False, False, False, True, True, False, True, True, True, False, True, True, True, True, False, True, False, True, True, True, False, False, True]"
15,0.9805771128449182,"[True, True, True, True, True, True, True, True, False, True, True, True, True, True, True, True, True, False, False, True, False, True, False, True, False, True, True, False, True, True, True, True, True, False, False, True, True, False, False, True]"
15,0.9997076403803937,"[True, True, True, True, True, True, True, True, True, True, True, True, True, True, True, False, False, False, False, True, False, True, False, True, False, True, True, False, True, True, True, True, True, True, True, True, True, False, False, True]"
15,0.951514135755488,"[True, True, True, True, True, True, True, False, True, False, True, True, True, False, True, True, False, False, False, True, False, True, True, False, True, True, False, True, True, True, True, False, True, True, True, True, True, False, False, True]"
15,0.9221983892446711,"[True, True, True, True, True, True, False, True, True, True, True, False, True, True, True, True, False, True, False, True, False, True, False, True, True, True, True, False, True, False, True, True, True, True, True, False, True, False, True, True]"
15,0.2601125554415492,"[True, True, False, True, True, True, True, True, True, False, True, True, True, True, True, True, False, False, False, True, False, True, False, True, False, True, True, False, True, True, True, True, True, True, True, True, True, True, False, True]"
15,0.000976364229717853,"[False, True, True, True, True, True, True, True, True, True, True, True, True, True, True, True, False, True, False, True, False, True, False, True, True, False, True, False, True, False, True, True, True, True, True, False, True, False, True, True]"
15,0.9996213698242254,"[True, True, True, True, True, True, True, True, True, True, True, True, True, True, False, True, True, False, False, False, False, True, False, False, True, False, True, False, False, True, True, True, True, True, False, True, True, True, False, False]"
15,0.9987742998528993,"[True, True, True, True, True, True, True, True, True, True, True, True, False, True, True, True, True, True, True, True, False, True, True, False, False, True, True, True, True, False, True, True, False, False, True, True, False, True, False, False]"
15,0.5230396380891182,"[True, True, True, False, True, True, True, True, True, True, True, False, True, True, True, True, False, True, False, True, False, True, False, True, True, False, True, False, True, True, True, True, True, True, True, False, True, False, True, True]"
15,0.9841437778133739,"[True, True, True, True, True, True, True, True, True, False, False, True, False, True, True, True, False, True, False, True, False, True, False, True, True, True, True, False, True, True, False, True, True, True, True, True, True, False, False, True]"
15,0.9999364800318407,"[True, True, True, True, True, True, True, True, True, True, True, True, True, True, True, True, True, False, False, True, False, True, False, True, False, True, True, False, True, True, False, True, True, False, False, True, True, False, False, True]"
15,0.9901740471304445,"[True, True, True, True, True, True, True, True, True, False, True, True, True, True, True, True, False, True, False, True, False, False, False, True, False, True, True, False, True, True, True, True, True, True, True, True, True, False, True, True]"
15,0.055936816756685756,"[True, False, True, True, True, True, True, True, True, True, False, True, True, True, True, True, False, False, False, False, False, True, False, True, False, True, True, True, False, True, True, True, True, True, True, True, True, True, True, True]"
15,0.9997270063796614,"[True, True, True, True, True, True, True, True, True, True, True, True, True, True, True, False, False, False, True, True, False, True, False, True, True, True, True, False, True, True, True, True, True, False, True, True, True, False, False, True]"
15,9.527105438788098e-07,"[False, False, True, True, True, True, True, True, True, True, True, True, True, True, True, False, False, True, False, True, False, True, True, True, True, True, True, False, True, True, True, True, False, True, True, True, True, False, True, True]"
15,0.9804924739405334,"[True, True, True, True, True, True, True, True, False, True, True, True, True, True, True, True, False, False, False, False, False, True, False, False, True, True, True, False, False, True, True, False, True, False, False, True, True, True, True, True]"
15,0.7278927177171877,"[True, True, True, True, False, True, True, True, True, True, True, True, True, True, True, True, False, True, False, False, False, True, False, True, True, False, True, True, False, False, True, True, True, True, True, True, True, False, True, True]"
15,0.9997365394112064,"[True, True, True, True, True, True, True, True, True, True, True, True, True, True, True, False, False, True, False, False, False, True, False, True, True, True, True, False, True, True, True, True, False, False, False, True, True, True, True, False]"
15,0.9986787539700244,"[True, True, True, True, True, True, True, True, True, True, True, True, False, True, True, True, False, True, False, True, False, True, False, True, True, True, True, True, True, True, True, True, False, True, True, True, True, False, False, False]"
15,0.9992508894919568,"[True, True, True, True, True, True, True, True, True, True, True, True, True, False, True, True, False, False, False, True, False, True, True, False, True, True, False, False, False, True, True, False, True, True, True, True, True, False, False, True]"
15,0.9769896865795068,"[True, True, True, True, True, True, True, True, False, True, True, False, False, True, True, True, True, False, False, True, True, True, False, True, False, True, True, False, True, True, True, True, True, False, False, True, False, False, False, True]"
15,0.9968049488552945,"[True, True, True, True, True, True, True, True, True, True, True, False, True, False, True, True, False, False, False, False, False, True, True, True, True, True, False, True, True, True, True, False, True, True, True, True, True, False, False, True]"
15,0.26112416762233187,"[True, True, False, True, True, True, True, True, True, True, False, True, False, True, False, True, False, True, False, True, False, False, True, False, False, True, False, False, True, False, True, False, False, False, True, False, False, False, True, False]"
15,0.9998795678373366,"[True, True, True, True, True, True, True, True, True, True, True, True, True, True, True, True, False, False, True, True, False, True, False, True, True, True, True, False, True, True, True, True, True, True, True, True, True, False, False, True]"
15,0.9998506072767142,"[True, True, True, True, True, True, True, True, True, True, True, True, True, True, True, True, False, False, False, False, False, True, False, True, False, True, False, True, False, True, True, True, True, True, True, True, True, True, True, True]"
15,0.9986403562566301,"[True, True, True, True, True, True, True, True, True, True, True, True, False, True, True, True, False, False, False, True, False, True, False, True, False, True, True, True, True, True, True, True, True, True, False, True, True, False, True, True]"
15,0.9998986347819914,"[True, True, True, True, True, True, True, True, True, True, True, True, True, True, True, True, False, True, False, True, False, True, False, True, True, True, True, False, True, True, False, True, True, True, True, True, True, False, True, True]"
15,0.99992409948437,"[True, True, True, True, True, True, True, True, True, True, True, True, True, True, True, True, True, False, False, False, False, False, False, False, True, False, True, False, False, True, True, True, True, True, False, True, True, True, False, False]"
15,0.999555103150707,"[True, True, True, True, True, True, True, True, True, True, True, True, True, True, False, True, False, False, False, True, False, True, False, True, False, True, True, False, True, True, True, True, True, True, True, True, True, True, False, True]"
15,0.9998986720224023,"[True, True, True, True, True, True, True, True, True, True, True, True, True, True, True, True, False, True, False, True, False, True, False, True, True, True, True, True, True, True, False, True, True, True, True, True, True, False, True, False]"
15,0.8542270484362902,"[True, True, True, True, True, False, True, True, True, True, True, True, True, True, True, True, True, False, False, False, False, True, False, False, True, False, True, False, False, True, True, True, True, True, False, True, True, True, False, False]"
15,0.9989451635339035,"[True, True, True, True, True, True, True, True, True, True, True, True, True, False, False, True, False, False, False, True, False, True, False, True, False, True, True, False, True, True, True, True, True, True, True, True, True, True, False, True]"
step,fitness,genome
16,0.9987742998619843,"[True, True, True, True, True, True, True, True, True, True, True, True, False, True, True, True, True, True, True, True, False, True, True, False, False, True, True, True, True, False, True, True, False, False, True, True, False, True, False, True]"
16,0.9948940770813227,"[True, True, True, True, True, True, True, True, True, True, False, True, True, True, True, False, False, True, True, True, False, True, False, True, True, True, True, False, True, True, True, True, True, False, True, True, True, False, False, False]"
16,0.2571422268134148,"[True, True, False, True, True, True, True, True, False, True, True, True, True, True, False, True, False, True, False, True, False, True, False, True, True, True, True, True, True, True, False, True, True, True, True, True, True, False, True, False]"
16,0.9996306919620889,"[True, True, True, True, True, True, True, True, True, True, True, True, True, True, False, True, True, False, False, True, False, True, False, False, False, True, False, False, True, True, False, True, False, False, False, False, True, False, False, True]"
16,0.0005094020888541656,"[False, True, True, True, False, True, True, True, True, True, True, False, True, True, True, True, False, True, False, True, True, True, False, True, True, True, True, False, True, True, True, False, True, True, True, True, True, False, True, True]"
16,0.2196822932862397,"[True, True, False, True, True, False, True, True, True, True, True, True, True, True, True, True, True, False, False, True, False, True, False, True, False, True, True, False, True, True, False, True, True, False, False, True, True, False, False, True]"
16,0.9995550286747368,"[True, True, True, True, True, True, True, True, True, True, True, True, True, True, False, True, False, False, False, True, False, True, False, True, False, True, False, False, True, True, True, True, True, True, True, True, True, True, False, True]"
16,0.9992932741536649,"[True, True, True, True, True, True, True, True, True, True, True, True, True, False, True, True, False, True, False, True, True, True, False, True, True, True, True, False, True, True, True, False, True, True, True, True, True, False, True, True]"
16,0.9981448559074428,"[True, True, True, True, True, True, True, True, True, True, True, True, False, False, True, True, True, True, False, True, False, True, False, False, True, True, True, True, True, False, True, True, True, False, True, True, True, False, True, True]"
16,0.24013124864512697,"[True, True, False, True, True, True, False, True, True, True, True, True, False, True, True, True, False, False, False, True, False, True, False, True, False, True, True, False, True, True, False, True, True, False, False, True, True, False, False, True]"
16,0.9238654529908185,"[True, True, True, True, True, True, False, True, True, True, True, True, True, False, True, True, False, False, False, True, False, False, True, True, True, True, False, True, False, True, True, False, True, True, True, True, True, False, False, True]"
16,0.2628614632519978,"[True, True, False, True, True, True, True, True, True, True, True, True, True, False, True, True, False, True, False, True, False, True, False, False, True, True, False, False, False, True, True, False, True, False, False, True, True, False, False, False]"
16,0.47228779831604284,"[True, True, True, False, True, True, False, True, False, True, True, True, True, True, True, True, True, False, False, True, False, True, False, True, False, True, False, True, False, True, True, False, True, True, True, False, True, False, False, True]"
16,0.9989454417568194,"[True, True, True, True, True, True, True, True, True, True, True, True, True, False, False, True, False, False, False, True, False, True, False, True, True, True, True, False, False, True, True, True, True, False, False, True, True, False, False, True]"
16,0.9999364846881873,"[True, True, True, True, True, True, True, True, True, True, True, True, True, True, True, True, True, False, False, True, False, True, False, True, False, True, True, False, True, True, True, True, True, False, False, True, True, False, False, True]"
16,0.9889674604500712,"[True, True, True, True, True, True, True, True, True, False, True, True, False, True, True, True, False, True, False, True, False, True, False, True, True, True, True, False, True, True, False, True, True, True, True, True, True, False, True, True]"
16,0.9997270063796614,"[True, True, True, True, True, True, True, True, True, True, True, True, True, True, True, False, False, False, True, True, False, True, False, True, True, True, True, False, True, True, True, True, True, False, True, True, True, False, False, True]"
16,0.9998986627100259,"[True, True, True, True, True, True, True, True, True, True, True, True, True, True, True, True, False, True, False, True, False, True, False, True, True, True, True, True, True, False, False, True, True, True, True, True, True, False, True, False]"
16,0.9963430175284227,"[True, True, True, True, True, True, True, True, True, True, True, False, False, True, True, True, True, True, True, True, True, True, True, False, False, True, True, True, True, False, True, True, False, False, True, True, True, True, False, False]"
16,0.9241505622668823,"[True, True, True, True, True, True, False, True, True, True, True, True, True, True, False, True, False, False, False, True, False, True, False, True, False, True, True, False, True, True, True, True, True, True, True, True, True, True, False, True]"
16,0.26298460301947374,"[True, True, False, True, True, True, True, True, True, True, True, True, True, True, True, False, False, False, False, False, False, True, False, False, False, True, False, False, False, True, True, False, False, True, True, True, True, True, True, True]"
16,0.9998795678373366,"[True, True, True, True, True, True, True, True, True, True, True, True, True, True, True, True, False, False, True, True, False, True, False, True, True, True, True, False, True, True, True, True, True, True, True, True, True, False, False, True]"
16,0.9995994893717789,"[True, True, True, True, True, True, True, True, True, True, True, True, True, True, False, True, False, True, False, True, True, True, True, True, True, True, True, False, True, True, True, False, True, True, True, True, True, False, True, True]"
16,0.0009765082935779872,"[False, True, True, True, True, True, True, True, True, True, True, True, True, True, True, True, True, True, False, True, False, False, False, True, False, True, True, False, True, True, True, True, True, False, False, True, False, True, False, True]"
16,0.05622150101180948,"[True, False, True, True, True, True, True, True, True, True, True, True, False, True, True, True, True, True, True, True, False, True, True, False, False, True, True, True, True, True, True, True, False, False, True, False, False, True, False, False]"
16,0.9999034027196957,"[True, True, True, True, True, True, True, True, True, True, True, True, True, True, True, True, False, True, False, True, True, True, False, True, True, True, True, False, True, True, False, True, True, True, True, True, True, False, True, False]"
16,0.9999034050568939,"[True, True, True, True, True, True, True, True, True, True, True, True, True, True, True, True, False, True, False, True, True, True, False, True, True, True, True, False, True, True, True, False, True, True, True, True, True, False, True, True]"
16,0.7278749067939835,"[True, True, True, True, False, True, True, True, True, True, True, True, True, True, True, True, False, False, False, True, True, True, False, True, True, True, True, False, True, True, True, False, True, True, True, True, True, False, True, True]"
16,0.26156929101667964,"[True, True, False, True, True, True, True, True, True, True, False, True, True, True, True, True, False, False, False, True, False, True, False, False, True, True, True, False, True, True, True, True, True, True, True, True, True, False, False, False]"
16,0.5240412833721624,"[True, True, True, False, True, True, True, True, True, True, True, True, True, False, True, True, False, False, False, True, False, True, True, False, False, True, True, False, False, False, True, False, True, True, False, True, True, False, False, True]"
16,0.9968049488552945,"[True, True, True, True, True, True, True, True, True, True, True, False, True, False, True, True, False, False, False, False, False, True, True, True, True, True, False, True, True, True, True, False, True, True, True, True, True, False, False, True]"
16,0.9997359435062516,"[True, True, True, True, True, True, True, True, True, True, True, True, True, True, True, False, False, True, False, False, False, True, False, False, True, True, True, False, True, True, True, True, False, False, False, True, True, True, True, False]"
16,0.9995545346715349,"[True, True, True, True, True, True, True, True, True, True, True, True, True, True, False, True, False, False, False, True, False, True, False, False, False, True, True, True, True, False, True, True, True, False, True, True, True, False, True, True]"
16,0.12518431198860672,"[True, True, False, False, True, True, True, True, True, True, True, True, False, True, True, True, True, False, False, True, True, True, False, True, True, True, True, False, True, False, False, True, True, False, True, True, True, False, False, True]"
16,0.9980311215240155,"[True, True, True, True, True, True, True, True, True, True, True, True, False, False, True, True, False, False, False, True, False, True, False, True, True, True, False, True, False, True, True, False, True, True, True, True, True, False, False, True]"
16,0.9998985230243896,"[True, True, True, True, True, True, True, True, True, True, True, True, True, True, True, True, False, True, False, True, False, True, False, True, True, False, True, True, True, True, False, True, True, True, True, True, True, False, True, False]"
16,0.9986596672932921,"[True, True, True, True, True, True, True, True, True, True, True, True, False, True, True, True, False, False, True, True, False, True, False, True, True, True, True, False, True, True, True, True, True, True, True, True, True, False, False, True]"
16,0.8541695551830563,"[True, True, True, True, True, False, True, True, True, True, True, True, True, True, True, True, False, False, False, True, False, True, False, True, False, True, True, True, True, True, True, True, True, True, False, True, True, False, True, True]"
16,0.9999364474737922,"[True, True, True, True, True, True, True, True, True, True, True, True, True, True, True, True, True, False, False, True, False, True, False, True, False, True, False, True, True, True, True, True, True, False, False, True, True, True, False, True]"
16,0.6379679503989156,"[True, True, True, True, False, True, False, False, True, False, True, True, True, True, True, True, True, False, False, True, False, True, True, False, True, True, False, False, False, True, True, False, True, True, True, True, True, False, False, True]"
16,0.9973333082265429,"[True, True, True, True, True, True, True, True, True, True, True, False, True, True, True, False, True, False, False, False, False, False, False, False, True, False, True, False, False, True, True, True, True, True, False, True, True, True, False, False]"
16,0.5244037703361581,"[True, True, True, False, True, True, True, True, True, True, True, True, True, True, True, True, False, True, False, True, False, True, False, True, True, True, True, False, True, True, True, False, True, True, True, True, True, False, True, True]"
16,0.9999364800318407,"[True, True, True, True, True, True, True, True, True, True, True, True, True, True, True, True, True, False, False, True, False, True, False, True, False, True, True, False, True, True, False, True, True, False, False, True, True, False, False, True]"
16,0.7578189395522106,"[True, True, True, True, True, False, False, False, True, True, True, True, True, True, True, True, True, False, False, True, False, True, False, True, False, True, True, False, True, True, False, True, True, False, False, True, True, False, False, True]"
16,0.9998605140694558,"[True, True, True, True, True, True, True, True, True, True, True, True, True, True, True, True, False, False, False, True, False, True, False, True, True, True, True, True, False, True, True, True, False, True, True, True, True, True, False, False]"
16,0.9999622630954222,"[True, True, True, True, True, True, True, True, True, True, True, True, True, True, True, True, True, True, False, False, False, False, False, False, True, False, True, False, True, True, True, True, True, True, False, True, True, False, False, False]"
16,0.9998697179205972,"[True, True, True, True, True, True, True, True, True, True, True, True, True, True, True, True, False, False, True, False, False, True, False, True, False, True, True, False, True, False, False, False, True, True, True, True, True, True, False, True]"
16,0.9999034050568939,"[True, True, True, True, True, True, True, True, True, True, True, True, True, True, True, True, False, True, False, True, True, True, False, True, True, True, True, False, True, True, True, False, True, True, True, True, True, False, True, True]"
16,0.9997436902955986,"[True, True, True, True, True, True, True, True, True, True, True, True, True, True, True, False, False, True, False, True, False, False, False, True, True, True, True, False, True, True, True, True, False, False, False, True, True, True, True, False]"
16,0.9998986347638031,"[True, True, True, True, True, True, True, True, True, True, True, True, True, True, True, True, False, True, False, True, False, True, False, True, True, True, True, False, True, True, False, True, True, True, True, True, True, False, False, True]"
step,fitness,genome
17,0.9999936943274164,"[True, True, True, True, True, True, True, True, True, True, True, True, True, True, True, True, True, True, True, True, False, True, False, True, False, True, True, False, True, False, True, True, True, False, True, True, True, False, False, True]"
17,0.9998557262185878,"[True, True, True, True, True, True, True, True, True, True, True, True, True, True, True, True, False, False, False, False, True, True, False, True, True, True, True, False, True, True, True, False, True, True, False, True, True, False, True, True]"
17,0.05630626074609385,"[True, False, True, True, True, True, True, True, True, True, True, True, True, True, True, True, False, True, False, True, True, True, False, True, True, True, True, False, False, True, True, True, True, False, True, True, True, False, True, True]"
17,0.9805651083253489,"[True, True, True, True, True, True, True, True, False, True, True, True, True, True, True, True, True, False, False, False, False, False, False, False, True, True, True, False, True, True, True, True, True, True, False, True, True, False, False, False]"
17,0.9995994917356128,"[True, True, True, True, True, True, True, True, True, True, True, True, True, True, False, True, False, True, False, True, True, True, True, True, True, True, True, False, True, True, True, True, True, True, True, True, True, True, True, True]"
17,0.9999033282203696,"[True, True, True, True, True, True, True, True, True, True, True, True, True, True, True, True, False, True, False, True, True, True, False, True, True, True, False, False, True, True, False, True, True, True, True, True, True, False, True, False]"
17,0.7278782551276214,"[True, True, True, True, False, True, True, True, True, True, True, True, True, True, True, True, False, False, True, False, False, True, False, True, False, True, True, False, True, False, False, False, True, True, True, True, False, True, False, True]"
17,0.9981552681352562,"[True, True, True, True, True, True, True, True, True, True, True, True, False, False, True, True, True, True, True, False, False, True, True, False, False, True, True, True, True, False, True, True, False, False, True, True, False, True, False, True]"
17,0.0009575339669616764,"[False, True, True, True, True, True, True, True, True, False, True, True, True, True, True, True, True, False, False, True, False, True, False, True, False, True, True, True, True, True, True, True, True, False, False, True, True, True, False, True]"
17,0.9997460573212884,"[True, True, True, True, True, True, True, True, True, True, True, True, True, True, True, False, False, True, False, True, False, True, False, True, True, True, True, False, False, True, True, True, True, True, True, True, True, False, True, True]"
17,0.6186974945784022,"[True, True, True, True, False, False, True, True, True, True, True, True, True, True, True, True, True, False, True, True, False, True, False, True, False, True, True, False, True, True, False, True, True, False, True, True, True, False, False, True]"
17,0.2622317122913321,"[True, True, False, True, True, True, True, True, True, True, True, False, True, True, False, True, True, False, False, True, False, True, False, False, False, True, False, False, True, False, False, True, False, False, False, False, True, False, False, True]"
17,0.9996756094660999,"[True, True, True, True, True, True, True, True, True, True, True, True, True, True, False, True, True, True, False, True, True, True, True, True, True, False, True, False, True, True, True, False, True, True, True, True, True, False, True, True]"
17,0.9986596672932921,"[True, True, True, True, True, True, True, True, True, True, True, True, False, True, True, True, False, False, True, True, False, True, False, True, True, True, True, False, True, True, True, True, True, True, True, True, True, False, False, True]"
17,0.9998986347547091,"[True, True, True, True, True, True, True, True, True, True, True, True, True, True, True, True, False, True, False, True, False, True, False, True, True, True, True, False, True, True, False, True, True, True, True, True, True, False, False, False]"
17,0.9996503551310894,"[True, True, True, True, True, True, True, True, True, True, True, True, True, True, False, True, True, False, True, True, False, True, False, True, False, True, False, False, True, True, False, True, False, False, False, False, True, False, False, True]"
17,0.9998604962910667,"[True, True, True, True, True, True, True, True, True, True, True, True, True, True, True, True, False, False, False, True, False, True, False, True, True, True, True, False, True, True, True, True, True, True, False, True, True, False, False, True]"
17,0.8542029121675969,"[True, True, True, True, True, False, True, True, True, True, True, True, True, True, True, True, False, True, False, True, False, True, False, True, True, True, True, True, True, True, False, True, True, True, True, True, False, False, False, True]"
17,0.9975026188356877,"[True, True, True, True, True, True, True, True, True, True, True, False, True, True, True, True, True, False, False, True, True, True, False, True, False, True, False, True, True, True, True, True, True, False, False, True, True, True, False, True]"
17,0.9998986417571794,"[True, True, True, True, True, True, True, True, True, True, True, True, True, True, True, True, False, True, False, True, False, True, False, True, True, True, True, True, False, False, False, False, True, True, True, True, True, False, True, False]"
17,0.9995545298713281,"[True, True, True, True, True, True, True, True, True, True, True, True, True, True, False, True, False, False, False, True, False, True, False, False, False, True, True, True, True, False, False, True, True, False, True, False, True, False, True, True]"
17,0.9989835508502959,"[True, True, True, True, True, True, True, True, True, True, True, True, True, False, False, True, False, True, False, True, False, True, False, True, True, True, True, False, False, True, True, False, True, False, False, True, True, False, False, True]"
17,0.9244751245531239,"[True, True, True, True, True, True, False, True, True, True, True, True, True, True, True, True, False, True, False, True, True, True, False, True, True, True, True, False, True, True, True, False, True, False, True, True, True, False, True, True]"
17,0.9994469483404357,"[True, True, True, True, True, True, True, True, True, True, True, True, True, True, False, False, False, True, False, True, True, True, True, True, True, True, True, False, False, True, True, False, True, True, True, True, True, False, True, True]"
17,0.9901436204354312,"[True, True, True, True, True, True, True, True, True, False, True, True, True, True, True, True, False, False, False, True, True, True, False, True, True, True, True, False, True, True, True, False, True, True, True, True, True, False, True, False]"
17,0.9996316288307016,"[True, True, True, True, True, True, True, True, True, True, True, True, True, True, False, True, True, False, False, True, False, True, False, True, True, True, False, True, True, True, True, True, True, False, False, False, True, True, False, True]"
17,0.000970331140776797,"[False, True, True, True, True, True, True, True, True, True, True, False, True, False, True, True, False, False, False, False, False, True, True, True, True, True, False, True, True, True, True, False, True, True, True, True, True, False, False, True]"
17,0.999917734620472,"[True, True, True, True, True, True, True, True, True, True, True, True, True, True, True, True, False, True, True, True, False, True, False, True, True, True, True, True, True, False, False, True, True, True, True, True, True, False, True, False]"
17,0.5244037064328134,"[True, True, True, False, True, True, True, True, True, True, True, True, True, True, True, True, False, True, False, True, False, True, False, True, True, False, True, True, True, True, False, True, True, True, True, False, True, False, True, False]"
17,0.854235723919621,"[True, True, True, True, True, False, True, True, True, True, True, True, True, True, True, True, True, False, False, True, False, True, False, True, False, True, True, False, True, True, False, True, True, False, False, True, True, False, False, True]"
17,0.9987355741315828,"[True, True, True, True, True, True, True, True, True, True, True, True, False, True, True, True, True, False, True, True, False, True, False, True, False, True, True, False, True, True, True, True, True, True, True, True, True, False, False, True]"
17,0.9233161599627366,"[True, True, True, True, True, True, False, True, True, True, True, True, False, True, True, True, False, False, True, True, False, True, False, True, True, True, True, False, True, True, True, True, True, True, True, True, True, False, False, True]"
17,0.9999224770487491,"[True, True, True, True, True, True, True, True, True, True, True, True, True, True, True, True, False, True, True, True, True, True, False, True, True, True, True, False, True, True, True, False, True, True, True, True, True, False, True, True]"
17,0.9896097079179883,"[True, True, True, True, True, True, True, True, True, False, True, True, True, False, True, True, True, False, False, True, False, True, False, True, True, True, True, False, True, True, True, True, True, False, True, True, True, False, False, True]"
17,0.9974978942605985,"[True, True, True, True, True, True, True, True, True, True, True, False, True, True, True, True, True, False, False, True, False, True, False, True, False, True, True, False, True, True, False, True, True, True, False, True, True, False, False, True]"
17,0.03672553536500874,"[True, False, True, True, False, True, True, True, True, True, True, True, False, True, True, True, False, False, True, True, False, True, False, True, True, True, True, False, True, True, True, True, True, True, True, True, False, False, False, True]"
17,0.854169796877132,"[True, True, True, True, True, False, True, True, True, True, True, True, True, True, True, True, False, False, False, True, False, True, False, True, True, True, True, True, False, True, True, True, False, True, True, True, True, True, False, False]"
17,0.9997359435062516,"[True, True, True, True, True, True, True, True, True, True, True, True, True, True, True, False, False, True, False, False, False, True, False, False, True, True, True, False, True, True, True, True, False, False, False, True, True, True, True, False]"
17,0.8887162239468883,"[True, True, True, True, True, True, False, False, True, True, True, True, True, True, True, True, False, True, False, True, True, True, False, True, True, True, True, False, True, True, True, False, True, True, True, True, True, False, True, True]"
17,0.7278998896135626,"[True, True, True, True, False, True, True, True, True, True, True, True, True, True, True, True, False, True, False, True, False, True, False, True, True, False, True, True, False, True, True, True, False, True, True, True, True, True, False, False]"
17,0.9974601314874253,"[True, True, True, True, True, True, True, True, True, True, True, False, True, True, True, True, False, True, False, True, False, True, False, True, True, True, True, False, True, True, False, True, True, True, True, True, True, False, False, True]"
17,0.05630626183791036,"[True, False, True, True, True, True, True, True, True, True, True, True, True, True, True, True, False, True, False, True, True, True, False, True, True, True, True, False, True, True, False, True, True, True, True, True, True, False, True, False]"
17,0.9999363682886208,"[True, True, True, True, True, True, True, True, True, True, True, True, True, True, True, True, True, False, False, True, False, True, False, True, False, False, True, True, True, True, False, True, True, False, False, True, True, False, True, False]"
17,0.9998598959909659,"[True, True, True, True, True, True, True, True, True, True, True, True, True, True, True, True, False, False, False, True, False, True, False, False, True, True, True, False, True, True, False, True, True, True, True, True, True, True, False, True]"
17,0.9950646610067799,"[True, True, True, True, True, True, True, True, True, True, False, True, True, True, True, True, True, False, False, True, False, True, False, True, False, True, True, False, True, True, False, True, True, False, False, True, True, False, False, True]"
17,0.9998596299973421,"[True, True, True, True, True, True, True, True, True, True, True, True, True, True, True, True, False, False, False, True, False, True, False, False, False, True, True, True, True, False, True, True, True, False, True, True, True, False, True, True]"
17,0.9987647736806209,"[True, True, True, True, True, True, True, True, True, True, True, True, False, True, True, True, True, True, True, False, False, True, True, False, False, True, True, True, True, False, True, True, False, False, True, True, False, True, False, True]"
17,0.727903568761978,"[True, True, True, True, False, True, True, True, True, True, True, True, True, True, True, True, False, True, False, True, True, True, False, True, True, True, True, False, True, True, True, False, False, True, True, True, True, True, True, True]"
17,0.9950903308414814,"[True, True, True, True, True, True, True, True, True, True, False, True, True, True, True, True, True, True, False, False, False, False, False, False, True, False, True, False, True, True, True, True, True, True, False, False, True, False, False, False]"
17,0.9998986184853333,"[True, True, True, True, True, True, True, True, True, True, True, True, True, True, True, True, False, True, False, True, False, True, False, True, True, True, True, False, False, True, True, False, True, True, True, True, True, False, True, True]"
step,fitness,genome
18,0.9995994917356128,"[True, True, True, True, True, True, True, True, True, True, True, True, True, True, False, True, False, True, False, True, True, True, True, True, True, True, True, False, True, True, True, True, True, True, True, True, True, True, True, True]"
18,0.9199661416608274,"[True, True, True, True, True, True, False, True, True, True, False, True, True, True, True, True, True, False, False, True, False, True, False, True, False, False, True, True, True, True, False, True, True, False, False, True, True, False, True, False]"
18,0.9998594762212283,"[True, True, True, True, True, True, True, True, True, True, True, True, True, True, True, True, False, False, False, True, False, True, False, False, False, False, True, True, True, False, False, True, True, False, True, False, True, True, False, True]"
18,0.0009574612333179701,"[False, True, True, True, True, True, True, True, True, False, True, True, True, True, True, True, False, True, False, True, False, True, False, True, True, True, True, False, False, True, True, False, True, True, True, True, True, False, True, True]"
18,0.5244037064328134,"[True, True, True, False, True, True, True, True, True, True, True, True, True, True, True, True, False, True, False, True, False, True, False, True, True, False, True, True, True, True, False, True, True, True, True, False, True, False, True, False]"
18,0.9998986347547091,"[True, True, True, True, True, True, True, True, True, True, True, True, True, True, True, True, False, True, False, True, False, True, False, True, True, True, True, False, True, True, False, True, True, True, True, True, True, False, False, False]"
18,0.0009762807335564306,"[False, True, True, True, True, True, True, True, True, True, True, True, True, True, True, True, False, False, False, False, True, True, False, True, True, True, True, False, True, True, True, False, True, True, False, True, True, False, True, True]"
18,0.9987647736806209,"[True, True, True, True, True, True, True, True, True, True, True, True, False, True, True, True, True, True, True, False, False, True, True, False, False, True, True, True, True, False, True, True, False, False, True, True, False, True, False, True]"
18,0.9992497889824292,"[True, True, True, True, True, True, True, True, True, True, True, True, True, False, True, True, False, False, False, True, False, True, False, False, True, True, True, False, True, True, False, True, True, True, True, True, True, True, False, True]"
18,0.0409891788633983,"[True, False, True, True, True, False, False, True, True, True, True, True, True, True, True, True, False, True, False, True, False, True, False, True, True, True, True, True, True, True, False, True, True, True, True, True, False, False, False, True]"
18,0.056175041943004426,"[True, False, True, True, True, True, True, True, True, True, True, True, False, False, True, True, True, True, True, False, False, True, True, False, False, True, True, True, True, False, True, True, False, False, True, True, False, True, False, True]"
18,0.9779590054980706,"[True, True, True, True, True, True, True, True, False, True, True, False, True, True, True, False, False, False, False, True, True, False, False, True, False, True, False, True, True, True, True, True, True, False, False, True, True, True, False, True]"
18,0.7278685211504603,"[True, True, True, True, False, True, True, True, True, True, True, True, True, True, True, True, False, False, False, False, True, True, True, True, True, False, True, False, True, True, False, False, True, True, False, False, True, False, True, True]"
18,0.9999033279293567,"[True, True, True, True, True, True, True, True, True, True, True, True, True, True, True, True, False, True, False, True, True, True, False, True, True, True, False, False, True, True, False, True, True, True, False, True, True, False, True, False]"
18,0.0009574292476289032,"[False, True, True, True, True, True, True, True, True, False, True, True, True, True, True, True, False, False, True, True, True, False, False, True, True, True, True, False, True, True, True, False, True, True, True, True, True, False, True, True]"
18,0.9244662388732799,"[True, True, True, True, True, True, False, True, True, True, True, True, True, True, True, True, False, True, False, False, True, True, False, True, True, True, True, False, True, True, True, False, True, True, False, True, True, False, True, True]"
18,0.9974220767342615,"[True, True, True, True, True, True, True, True, True, True, True, False, True, True, True, True, False, False, False, True, False, True, False, True, True, True, True, False, True, True, True, True, True, True, False, True, True, False, False, True]"
18,0.9987022293850433,"[True, True, True, True, True, True, True, True, True, True, True, True, False, True, True, True, False, True, True, True, True, True, False, True, False, True, True, False, True, True, False, True, True, True, True, True, True, False, True, True]"
18,0.9987211324788923,"[True, True, True, True, True, True, True, True, True, True, True, True, False, True, True, True, True, False, False, True, True, True, False, True, False, False, True, False, True, True, True, False, False, False, True, True, True, False, False, True]"
18,0.9950646610429981,"[True, True, True, True, True, True, True, True, True, True, False, True, True, True, True, True, True, False, False, True, False, True, False, True, False, True, True, False, True, True, False, True, True, False, False, True, True, True, False, True]"
18,0.8542028940547047,"[True, True, True, True, True, False, True, True, True, True, True, True, True, True, True, True, False, True, False, True, False, True, False, True, True, True, True, True, False, True, False, False, True, True, True, True, True, False, True, False]"
18,0.7278677409755122,"[True, True, True, True, False, True, True, True, True, True, True, True, True, True, True, True, False, False, False, False, True, True, False, True, True, True, True, False, True, True, True, False, True, True, False, True, False, False, True, True]"
18,0.853375345199864,"[True, True, True, True, True, False, True, True, True, True, True, True, True, False, False, True, False, False, False, True, False, True, False, True, False, True, False, False, True, True, False, True, False, False, False, False, True, False, False, True]"
18,0.998735564828956,"[True, True, True, True, True, True, True, True, True, True, True, True, False, True, True, True, True, False, True, True, False, True, False, True, False, True, True, False, True, False, True, True, True, True, True, True, True, False, False, True]"
18,0.9987548981903966,"[True, True, True, True, True, True, True, True, True, True, True, True, False, True, True, True, True, True, False, True, False, True, False, True, True, True, True, False, False, True, False, False, True, True, True, True, True, False, True, False]"
18,0.9801924534263569,"[True, True, True, True, True, True, True, True, False, True, True, True, True, True, False, True, False, False, False, False, False, True, False, False, False, True, True, True, True, False, False, True, True, False, True, False, True, False, True, True]"
18,0.7275270292076653,"[True, True, True, True, False, True, True, True, True, True, True, True, True, True, False, False, False, False, False, True, False, True, False, False, True, True, True, True, True, True, False, True, True, True, False, False, True, False, False, True]"
18,0.9986593551134494,"[True, True, True, True, True, True, True, True, True, True, True, True, False, True, True, True, False, False, True, True, False, True, False, True, False, True, True, False, True, False, False, True, True, False, True, True, True, False, True, True]"
18,0.8535038415768501,"[True, True, True, True, True, False, True, True, True, True, True, True, True, False, True, False, False, False, False, False, True, True, False, True, True, True, True, False, True, True, True, False, True, False, False, True, False, False, True, False]"
18,0.9243285015490735,"[True, True, True, True, True, True, False, True, True, True, True, True, True, True, True, False, False, True, False, True, False, True, False, True, True, True, True, False, False, True, True, True, True, True, True, True, True, False, True, True]"
18,0.5213628756918828,"[True, True, True, False, True, True, True, True, True, True, False, True, True, False, True, True, True, False, False, True, True, True, False, True, False, True, True, True, True, False, False, True, True, False, False, False, True, False, True, True]"
18,0.9802395599611463,"[True, True, True, True, True, True, True, True, False, True, True, True, True, True, False, True, False, True, False, True, False, True, False, False, True, True, True, True, False, False, False, False, True, True, True, False, True, False, True, True]"
18,0.9937981904455742,"[True, True, True, True, True, True, True, True, True, True, False, True, False, True, True, True, False, False, True, True, True, True, False, True, True, True, True, False, True, True, True, True, True, True, True, True, True, False, False, True]"
18,0.9999033282203696,"[True, True, True, True, True, True, True, True, True, True, True, True, True, True, True, True, False, True, False, True, True, True, False, True, True, True, False, False, True, True, False, True, True, True, True, True, True, False, True, False]"
18,0.9998598959909659,"[True, True, True, True, True, True, True, True, True, True, True, True, True, True, True, True, False, False, False, True, False, True, False, False, True, True, True, False, True, True, False, True, True, True, True, True, True, True, False, True]"
18,0.9999199254058679,"[True, True, True, True, True, True, True, True, True, True, True, True, True, True, True, True, False, True, True, True, True, False, False, True, True, False, True, False, False, True, True, False, True, True, True, True, True, False, True, True]"
18,0.9997359435062516,"[True, True, True, True, True, True, True, True, True, True, True, True, True, True, True, False, False, True, False, False, False, True, False, False, True, True, True, False, True, True, True, True, False, False, False, True, True, True, True, False]"
18,0.9995935356449177,"[True, True, True, True, True, True, True, True, True, True, True, True, True, True, False, True, False, True, False, True, False, True, False, True, True, True, True, True, False, False, False, False, True, True, True, True, False, False, True, False]"
18,0.9799404344455233,"[True, True, True, True, True, True, True, True, False, True, True, True, True, False, True, True, False, True, False, True, False, True, False, True, True, True, True, False, True, True, False, False, True, True, True, True, True, False, False, True]"
18,0.9999224700643172,"[True, True, True, True, True, True, True, True, True, True, True, True, True, True, True, True, False, True, True, True, True, True, False, True, True, True, True, False, True, False, True, True, True, True, True, True, True, False, True, True]"
18,0.9805399070878118,"[True, True, True, True, True, True, True, True, False, True, True, True, True, True, True, True, False, True, False, True, False, True, False, True, True, True, True, False, False, True, True, False, True, True, True, True, True, False, True, True]"
18,0.9901380382716025,"[True, True, True, True, True, True, True, True, True, False, True, True, True, True, True, True, False, False, False, True, False, True, False, False, False, True, True, True, True, False, True, True, True, True, True, True, True, False, True, True]"
18,0.9999363682886208,"[True, True, True, True, True, True, True, True, True, True, True, True, True, True, True, True, True, False, False, True, False, True, False, True, False, False, True, True, True, True, False, True, True, False, False, True, True, False, True, False]"
18,0.9991259045716028,"[True, True, True, True, True, True, True, True, True, True, True, True, True, False, True, False, False, True, False, False, False, True, False, False, True, True, True, False, True, True, True, True, False, False, False, True, True, True, True, False]"
18,0.1253776515223591,"[True, True, False, False, True, True, True, True, True, True, True, True, True, True, True, True, True, True, False, True, False, True, False, True, False, True, True, False, True, False, True, True, True, False, False, True, False, False, False, True]"
18,0.0009762900489144934,"[False, True, True, True, True, True, True, True, True, True, True, True, True, True, True, True, False, False, False, True, False, True, False, True, True, True, True, False, True, True, True, True, True, True, False, True, True, False, False, True]"
18,0.8499380760048033,"[True, True, True, True, True, False, True, True, True, True, False, True, True, True, True, True, False, False, False, False, True, True, False, True, True, True, True, False, False, True, True, False, True, True, False, True, True, False, False, True]"
18,0.8534087418972225,"[True, True, True, True, True, False, True, True, True, True, True, True, True, False, False, True, False, True, False, True, False, True, False, True, True, True, True, False, True, True, False, False, True, False, False, True, True, True, True, True]"
18,0.9244707162618031,"[True, True, True, True, True, True, False, True, True, True, True, True, True, True, True, True, False, True, False, True, False, True, False, True, True, True, True, True, True, True, True, False, True, False, True, True, True, False, False, True]"
18,0.9606354880313555,"[True, True, True, True, True, True, True, False, True, True, True, True, True, False, False, True, False, True, False, True, False, True, False, True, False, True, True, False, False, True, True, False, True, False, False, True, True, False, False, True]"
step,fitness,genome
19,0.8535038415768501,"[True, True, True, True, True, False, True, True, True, True, True, True, True, False, True, False, False, False, False, False, True, True, False, True, True, True, True, False, True, True, True, False, True, False, False, True, False, False, True, False]"
19,0.9799404344455233,"[True, True, True, True, True, True, True, True, False, True, True, True, True, False, True, True, False, True, False, True, False, True, False, True, True, True, True, False, True, True, False, False, True, True, True, True, True, False, False, True]"
19,0.9996126023173375,"[True, True, True, True, True, True, True, True, True, True, True, True, True, True, False, True, False, True, True, True, False, True, False, True, True, True, True, True, False, False, False, False, True, True, True, True, False, False, True, False]"
19,0.5129236055244801,"[True, True, True, False, True, True, True, True, False, True, True, True, False, True, True, True, False, True, True, True, True, True, False, True, False, True, True, False, True, True, False, True, True, True, True, True, True, False, True, True]"
19,0.25712791577089944,"[True, True, False, True, True, True, True, True, False, True, True, True, True, True, False, True, False, False, False, False, False, True, False, False, False, True, True, True, True, False, False, True, True, False, True, True, True, False, True, True]"
19,0.0009703462645861228,"[False, True, True, True, True, True, True, True, True, True, True, False, True, False, True, True, False, False, False, True, False, True, False, False, True, True, True, False, True, True, True, True, True, True, True, False, True, True, False, True]"
19,0.9998937920568637,"[True, True, True, True, True, True, True, True, True, True, True, True, True, True, True, True, False, True, False, False, True, True, False, True, True, True, False, False, True, True, False, True, True, True, False, True, True, False, True, False]"
19,0.9999034018466567,"[True, True, True, True, True, True, True, True, True, True, True, True, True, True, True, True, False, True, False, True, True, True, False, True, True, True, True, False, True, True, False, True, True, False, False, True, True, False, True, False]"
19,0.998735564828956,"[True, True, True, True, True, True, True, True, True, True, True, True, False, True, True, True, True, False, True, True, False, True, False, True, False, True, True, False, True, False, True, True, True, True, True, True, True, False, False, True]"
19,0.8365837329378618,"[True, True, True, True, True, False, True, True, False, True, True, True, True, False, False, True, False, False, False, False, False, True, False, True, False, False, True, True, True, False, False, True, True, False, True, True, True, False, True, True]"
19,0.988928834910731,"[True, True, True, True, True, True, True, True, True, False, True, True, False, True, True, True, False, False, False, True, False, True, False, False, False, True, True, True, True, False, False, True, True, False, True, False, True, True, False, True]"
19,0.9987683459890493,"[True, True, True, True, True, True, True, True, True, True, True, True, False, True, True, True, True, True, True, False, True, True, False, False, False, True, True, True, True, False, True, True, False, False, True, True, False, True, False, True]"
19,0.9987635826229858,"[True, True, True, True, True, True, True, True, True, True, True, True, False, True, True, True, True, True, True, False, False, True, False, False, False, True, True, True, True, False, True, True, False, False, False, True, False, True, False, True]"
19,0.999125890903564,"[True, True, True, True, True, True, True, True, True, True, True, True, True, False, True, False, False, True, False, False, False, True, False, False, True, True, True, False, True, False, False, True, False, False, True, True, True, True, True, False]"
19,0.9974981962587878,"[True, True, True, True, True, True, True, True, True, True, True, False, True, True, True, True, True, False, False, True, False, True, False, True, True, True, True, False, True, True, True, True, True, True, False, True, True, False, False, True]"
19,0.7129223354372827,"[True, True, True, True, False, True, True, True, False, True, True, True, True, False, True, True, False, True, True, True, True, False, False, True, True, False, True, False, False, True, True, False, True, True, True, True, True, False, True, True]"
19,0.8541688638554731,"[True, True, True, True, True, False, True, True, True, True, True, True, True, True, True, True, False, False, False, True, False, True, False, False, False, False, True, False, True, False, False, True, True, False, True, False, True, True, False, True]"
19,0.999857064403445,"[True, True, True, True, True, True, True, True, True, True, True, True, True, True, True, True, False, False, False, True, False, False, False, False, False, False, True, False, True, True, False, True, True, False, True, False, True, True, False, True]"
19,0.990154833065657,"[True, True, True, True, True, True, True, True, True, False, True, True, True, True, True, True, False, False, True, True, False, False, False, False, True, True, True, False, True, False, False, True, True, True, False, True, True, True, False, True]"
19,0.7260711381168675,"[True, True, True, True, False, True, True, True, True, True, True, False, True, True, True, True, False, True, False, True, True, True, False, True, True, True, False, False, True, True, False, True, True, True, False, True, True, False, True, False]"
19,0.0009716166163953283,"[False, True, True, True, True, True, True, True, True, True, True, False, True, True, True, True, False, True, False, True, True, True, False, True, True, True, False, False, True, True, False, True, True, True, True, True, True, False, True, False]"
19,0.998735564828956,"[True, True, True, True, True, True, True, True, True, True, True, True, False, True, True, True, True, False, True, True, False, True, False, True, False, True, True, False, True, False, True, True, True, True, True, True, True, False, False, True]"
19,0.9974839188217888,"[True, True, True, True, True, True, True, True, True, True, True, False, True, True, True, True, False, True, True, True, True, True, False, True, True, True, True, False, True, True, False, True, True, True, False, True, True, False, True, True]"
19,0.8520533796278151,"[True, True, True, True, True, False, True, True, True, True, True, False, True, True, True, True, False, False, False, True, False, True, False, True, False, True, True, False, True, True, True, True, True, True, False, True, True, False, False, True]"
19,0.9615924374686395,"[True, True, True, True, True, True, True, False, True, True, True, True, True, True, True, True, True, True, False, True, False, True, False, True, False, False, True, True, True, True, False, True, True, False, False, True, True, False, False, True]"
19,0.9977262858941672,"[True, True, True, True, True, True, True, True, True, True, True, True, False, False, False, True, False, False, False, True, False, True, False, True, False, True, True, False, True, True, True, False, True, False, False, True, True, False, True, False]"
19,0.8535038415610771,"[True, True, True, True, True, False, True, True, True, True, True, True, True, False, True, False, False, False, False, False, True, True, False, True, True, True, True, False, True, True, True, False, True, False, False, True, False, False, False, False]"
19,0.9995934984056434,"[True, True, True, True, True, True, True, True, True, True, True, True, True, True, False, True, False, True, False, True, False, True, False, True, True, True, True, False, False, False, False, False, True, True, True, True, False, False, True, False]"
19,0.9745599009874365,"[True, True, True, True, True, True, True, True, False, True, False, True, False, True, True, True, False, True, False, True, False, True, False, True, True, True, True, True, False, True, False, False, True, True, True, True, True, False, True, True]"
19,0.9995172349915873,"[True, True, True, True, True, True, True, True, True, True, True, True, True, True, False, False, True, True, False, True, False, True, False, True, True, True, True, False, False, False, False, False, True, True, True, True, False, False, True, False]"
19,0.9999223908983306,"[True, True, True, True, True, True, True, True, True, True, True, True, True, True, True, True, False, True, True, True, True, True, False, True, True, True, False, False, True, False, False, True, True, True, True, True, True, False, True, False]"
19,0.9947291507612802,"[True, True, True, True, True, True, True, True, True, True, False, True, True, True, False, True, False, True, False, True, True, True, True, True, True, True, True, False, True, True, True, True, True, True, True, True, True, True, True, True]"
19,0.7133777827971552,"[True, True, True, True, False, True, True, True, False, True, True, True, True, True, True, True, True, False, False, False, False, True, False, True, False, True, True, True, True, True, True, True, True, False, False, True, True, False, True, False]"
19,0.998764736487305,"[True, True, True, True, True, True, True, True, True, True, True, True, False, True, True, True, True, True, True, False, False, True, True, False, False, True, True, False, True, False, True, True, False, False, True, True, False, True, True, True]"
19,0.9999224700461286,"[True, True, True, True, True, True, True, True, True, True, True, True, True, True, True, True, False, True, True, True, True, True, False, True, True, True, True, False, True, False, True, True, True, True, True, True, True, False, False, True]"
19,0.9999033281476164,"[True, True, True, True, True, True, True, True, True, True, True, True, True, True, True, True, False, True, False, True, True, True, False, True, True, True, False, False, True, True, False, True, True, True, True, True, False, False, True, False]"
19,0.727874456335109,"[True, True, True, True, False, True, True, True, True, True, True, True, True, True, True, True, False, False, False, True, True, True, False, False, True, True, True, False, True, True, False, True, False, True, True, True, True, True, False, True]"
19,0.0008983216057596932,"[False, True, True, True, True, True, True, False, True, True, True, False, True, True, True, True, False, True, True, True, True, True, False, True, True, True, True, False, True, False, True, True, False, True, True, True, True, False, True, True]"
19,0.9998598959909659,"[True, True, True, True, True, True, True, True, True, True, True, True, True, True, True, True, False, False, False, True, False, True, False, False, True, True, True, False, True, True, False, True, True, True, True, True, True, True, False, True]"
19,0.9998594808772522,"[True, True, True, True, True, True, True, True, True, True, True, True, True, True, True, True, False, False, False, True, False, True, False, False, False, False, True, True, True, False, True, True, True, False, True, False, True, True, False, True]"
19,0.9791821643142017,"[True, True, True, True, True, True, True, True, False, True, True, True, False, True, True, False, False, True, False, False, False, True, False, True, True, True, True, False, False, True, False, True, False, False, False, False, False, True, True, False]"
19,0.9995833508226558,"[True, True, True, True, True, True, True, True, True, True, True, True, True, True, False, True, False, True, False, False, False, True, False, False, True, True, False, True, True, False, False, False, True, True, True, True, True, False, True, False]"
19,0.4427081024772876,"[True, True, True, False, True, False, True, True, True, True, True, True, False, True, True, True, True, False, False, True, True, True, False, True, False, False, False, False, False, True, True, False, False, False, True, True, True, True, False, True]"
19,0.9950303774497827,"[True, True, True, True, True, True, True, True, True, True, False, True, True, True, True, True, False, True, False, True, True, False, True, True, True, False, True, False, False, True, True, False, True, True, True, True, True, False, True, True]"
19,0.9996173571899507,"[True, True, True, True, True, True, True, True, True, True, True, True, True, True, False, True, False, True, True, True, True, True, False, True, True, True, True, False, True, False, True, True, True, True, False, True, True, False, True, True]"
19,0.9963848734353707,"[True, True, True, True, True, True, True, True, True, True, True, False, True, False, False, False, False, True, False, False, False, True, False, False, True, True, True, False, True, True, True, True, False, False, True, True, True, True, True, False]"
19,0.9245571674310794,"[True, True, True, True, True, True, False, True, True, True, True, True, True, True, True, True, True, True, True, True, False, False, False, True, True, False, True, False, False, True, True, False, True, True, True, False, True, False, True, False]"
19,0.999903309304526,"[True, True, True, True, True, True, True, True, True, True, True, True, True, True, True, True, False, True, False, True, True, True, False, True, True, True, False, False, False, True, False, True, True, True, False, True, True, False, True, False]"
19,0.9987223607010298,"[True, True, True, True, True, True, True, True, True, True, True, True, False, True, True, True, True, False, False, True, True, True, True, True, False, False, True, True, True, True, True, False, False, True, False, True, True, False, False, True]"
19,0.9937978153840479,"[True, True, True, True, True, True, True, True, True, True, False, True, False, True, True, True, False, False, True, True, True, True, False, True, False, True, False, False, True, True, False, True, True, True, True, True, True, False, True, True]"
step,fitness,genome
20,0.9188037270997783,"[True, True, True, True, True, True, False, True, True, True, False, True, False, True, True, True, False, True, False, True, True, True, False, True, True, True, False, False, True, False, False, False, True, True, True, True, True, False, True, False]"
20,0.9999937041499034,"[True, True, True, True, True, True, True, True, True, True, True, True, True, True, True, True, True, True, True, True, False, True, False, True, False, True, True, False, True, True, True, True, True, True, True, True, False, False, False, True]"
20,0.9324267856921699,"[True, True, True, True, True, True, True, False, False, False, True, True, False, True, True, True, False, False, False, True, False, True, False, False, False, True, True, True, True, False, False, True, True, False, True, False, True, True, False, True]"
20,0.9244839395230621,"[True, True, True, True, True, True, False, True, True, True, True, True, True, True, True, True, False, True, True, False, True, True, False, True, True, True, False, False, True, True, False, True, True, True, True, True, True, False, True, False]"
20,0.05344353528458757,"[True, False, True, True, True, True, True, False, True, True, True, True, True, True, True, True, True, False, False, True, False, False, False, False, False, False, False, False, True, True, False, True, True, False, True, False, True, True, False, True]"
20,0.9998785521150843,"[True, True, True, True, True, True, True, True, True, True, True, True, True, True, True, True, False, False, True, True, False, True, False, False, False, False, True, True, True, False, True, True, True, False, True, False, True, True, False, True]"
20,0.5244064253709066,"[True, True, True, False, True, True, True, True, True, True, True, True, True, True, True, True, False, True, False, True, True, True, False, True, True, True, True, False, False, True, False, True, True, False, False, True, False, False, True, False]"
20,0.9999027322350349,"[True, True, True, True, True, True, True, True, True, True, True, True, True, True, True, True, False, True, False, True, True, True, False, False, True, True, False, False, True, True, False, True, True, True, True, True, True, False, True, True]"
20,0.9999834483929129,"[True, True, True, True, True, True, True, True, True, True, True, True, True, True, True, True, True, True, True, False, False, True, False, False, False, False, True, True, True, False, True, True, False, False, False, True, False, True, False, True]"
20,0.9983325684714018,"[True, True, True, True, True, True, True, True, True, True, True, True, False, True, False, True, False, False, False, True, False, False, False, False, False, True, True, False, True, False, False, True, True, False, True, False, True, True, False, True]"
20,0.7268179968565008,"[True, True, True, True, False, True, True, True, True, True, True, True, False, True, False, True, True, True, True, False, False, True, False, False, False, True, True, False, True, False, True, True, False, False, False, True, False, True, False, True]"
20,0.9999342453150891,"[True, True, True, True, True, True, True, True, True, True, True, True, True, True, True, True, True, False, False, True, False, False, False, True, True, False, True, False, True, True, False, True, True, False, True, True, True, True, False, True]"
20,0.9951051458325374,"[True, True, True, True, True, True, True, True, True, True, False, True, True, True, True, True, True, True, False, True, True, False, False, True, True, False, True, False, False, True, True, False, True, True, True, True, True, False, True, False]"
20,0.9998598959909659,"[True, True, True, True, True, True, True, True, True, True, True, True, True, True, True, True, False, False, False, True, False, True, False, False, True, True, True, False, True, True, False, True, True, True, True, True, True, True, False, True]"
20,0.998373912001721,"[True, True, True, True, True, True, True, True, True, True, True, True, False, True, False, True, False, True, False, True, False, True, False, True, True, True, True, False, False, False, False, False, True, True, True, True, False, False, True, False]"
20,0.9995834346102592,"[True, True, True, True, True, True, True, True, True, True, True, True, True, True, False, True, False, True, False, False, False, True, False, False, True, True, True, True, True, True, False, False, True, True, True, True, True, False, True, False]"
20,0.9898600869642116,"[True, True, True, True, True, True, True, True, True, False, True, True, True, True, False, True, False, False, True, True, True, True, False, True, True, True, True, False, True, False, True, True, True, True, True, True, True, False, True, True]"
20,0.9999223906073126,"[True, True, True, True, True, True, True, True, True, True, True, True, True, True, True, True, False, True, True, True, True, True, False, True, True, True, False, False, True, False, False, True, True, True, False, True, True, False, True, False]"
20,0.9995886868037013,"[True, True, True, True, True, True, True, True, True, True, True, True, True, True, False, True, False, True, False, False, True, True, False, True, True, True, False, False, True, True, False, True, True, False, False, True, True, True, True, False]"
20,0.9999045900442853,"[True, True, True, True, True, True, True, True, True, True, True, True, True, True, True, True, False, True, False, True, True, True, True, True, True, True, True, False, True, False, True, True, True, True, True, True, True, False, False, True]"
20,0.9995980715724254,"[True, True, True, True, True, True, True, True, True, True, True, True, True, True, False, True, False, True, False, True, True, True, False, True, True, False, False, False, True, True, False, True, True, True, False, True, False, False, True, False]"
20,0.9997508382799225,"[True, True, True, True, True, True, True, True, True, True, True, True, True, True, True, False, False, True, False, True, True, True, False, True, True, True, True, False, True, True, False, True, True, True, False, True, True, False, True, False]"
20,0.9996173525167579,"[True, True, True, True, True, True, True, True, True, True, True, True, True, True, False, True, False, True, True, True, True, True, False, True, True, True, True, False, True, False, False, True, True, True, False, True, True, False, False, True]"
20,0.9974993112752911,"[True, True, True, True, True, True, True, True, True, True, True, False, True, True, True, True, True, False, False, True, False, True, True, True, True, True, False, False, True, True, True, True, True, True, False, True, False, False, True, True]"
20,0.9987223607191988,"[True, True, True, True, True, True, True, True, True, True, True, True, False, True, True, True, True, False, False, True, True, True, True, True, False, False, True, True, True, True, True, False, False, True, False, True, True, False, True, True]"
20,0.9244840045302836,"[True, True, True, True, True, True, False, True, True, True, True, True, True, True, True, True, False, True, True, False, True, True, False, True, True, True, True, False, True, False, True, True, True, True, True, True, False, False, False, True]"
20,0.9615421951326371,"[True, True, True, True, True, True, True, False, True, True, True, True, True, True, True, True, False, True, True, True, True, True, False, True, True, True, True, False, True, False, True, True, True, True, True, True, True, False, False, True]"
20,0.9972593270654877,"[True, True, True, True, True, True, True, True, True, True, True, False, True, True, True, False, False, False, False, False, False, True, False, False, False, False, True, True, True, False, True, True, True, False, True, False, True, True, False, True]"
20,0.9238574108281202,"[True, True, True, True, True, True, False, True, True, True, True, True, True, False, True, True, False, False, False, False, False, True, False, True, False, True, False, True, True, False, False, True, True, False, True, True, True, False, False, False]"
20,0.9794806433730794,"[True, True, True, True, True, True, True, True, False, True, True, True, True, False, False, False, False, True, False, False, False, True, False, False, False, False, True, False, True, False, False, True, False, False, True, True, True, True, True, True]"
20,0.9987456843341983,"[True, True, True, True, True, True, True, True, True, True, True, True, False, True, True, True, True, True, False, False, False, True, True, False, False, True, True, False, True, False, True, True, False, False, True, True, False, False, True, True]"
20,0.998611170318412,"[True, True, True, True, True, True, True, True, True, True, True, True, False, True, True, False, True, True, True, False, False, True, False, False, False, True, True, True, True, False, False, True, False, False, False, True, False, False, False, True]"
20,0.7260716958131085,"[True, True, True, True, False, True, True, True, True, True, True, False, True, True, True, True, False, True, False, True, True, True, True, True, False, False, False, False, True, True, False, True, False, True, False, True, True, False, True, True]"
20,0.9987597202251218,"[True, True, True, True, True, True, True, True, True, True, True, True, False, True, True, True, True, True, False, True, True, True, False, True, True, True, True, True, True, True, True, False, False, True, False, True, True, False, False, False]"
20,0.999857064403445,"[True, True, True, True, True, True, True, True, True, True, True, True, True, True, True, True, False, False, False, True, False, False, False, False, False, False, True, False, True, True, False, True, True, False, True, False, True, True, False, True]"
20,0.9999224738384569,"[True, True, True, True, True, True, True, True, True, True, True, True, True, True, True, True, False, True, True, True, True, True, False, True, True, True, True, False, True, True, False, True, True, False, False, True, True, False, True, False]"
20,0.9998976236439261,"[True, True, True, True, True, True, True, True, True, True, True, True, True, True, True, True, False, True, False, True, False, True, False, False, False, False, True, True, True, False, True, True, True, False, True, False, True, False, False, True]"
20,0.2630464230033564,"[True, True, False, True, True, True, True, True, True, True, True, True, True, True, True, True, False, True, False, True, True, True, False, True, False, True, False, False, True, True, True, True, True, True, True, True, False, False, True, False]"
20,9.531383798701503e-07,"[False, False, True, True, True, True, True, True, True, True, True, True, True, True, True, True, False, False, False, True, False, True, False, False, False, False, True, True, True, False, True, True, True, False, True, False, False, True, False, True]"
20,0.9986921392366269,"[True, True, True, True, True, True, True, True, True, True, True, True, False, True, True, True, False, True, True, False, True, True, False, False, False, True, True, True, True, False, True, True, False, False, True, True, False, True, False, True]"
20,0.9987223607010298,"[True, True, True, True, True, True, True, True, True, True, True, True, False, True, True, True, True, False, False, True, True, True, True, True, False, False, True, True, True, True, True, False, False, True, False, True, True, False, False, True]"
20,0.9950221602610522,"[True, True, True, True, True, True, True, True, True, True, False, True, True, True, True, True, False, True, False, False, True, True, False, True, True, True, False, False, True, True, False, True, True, True, False, True, True, False, True, False]"
20,0.2626596630337711,"[True, True, False, True, True, True, True, True, True, True, True, True, False, True, True, False, True, True, True, False, True, True, False, True, False, True, True, True, True, False, True, True, False, False, True, True, False, True, False, True]"
20,0.9977256913581756,"[True, True, True, True, True, True, True, True, True, True, True, True, False, False, False, True, False, False, False, True, False, True, False, False, False, True, True, False, True, True, True, False, True, False, True, True, True, False, True, False]"
20,0.04529023084542535,"[True, False, True, True, True, False, True, True, True, True, False, True, True, True, False, False, True, True, False, True, False, True, False, True, True, True, True, False, True, False, False, False, False, True, True, True, False, False, True, True]"
20,0.9987683285461091,"[True, True, True, True, True, True, True, True, True, True, True, True, False, True, True, True, True, True, True, False, True, True, False, False, False, True, True, True, False, False, True, True, True, False, True, True, False, True, False, True]"
20,0.9999796920692969,"[True, True, True, True, True, True, True, True, True, True, True, True, True, True, True, True, True, True, False, True, True, True, False, True, True, True, True, False, True, True, False, True, True, False, True, True, True, False, True, False]"
20,0.9998594808772522,"[True, True, True, True, True, True, True, True, True, True, True, True, True, True, True, True, False, False, False, True, False, True, False, False, False, False, True, True, True, False, True, True, True, False, True, False, True, True, False, True]"
20,0.8451016323982079,"[True, True, True, True, True, False, True, True, True, False, True, True, True, False, True, False, False, True, False, False, False, True, False, False, True, True, True, False, True, False, False, True, False, False, True, True, True, True, True, False]"
20,0.999125890903564,"[True, True, True, True, True, True, True, True, True, True, True, True, True, False, True, False, False, True, False, False, False, True, False, False, True, True, True, False, True, False, False, True, False, False, True, True, True, True, True, False]"
step,fitness,genome
21,0.009094545252263825,"[True, False, False, True, True, True, True, True, True, True, True, True, True, True, True, True, True, True, False, True, False, False, False, True, True, False, True, False, True, True, False, True, True, False, True, True, True, True, False, True]"
21,0.9999027322714116,"[True, True, True, True, True, True, True, True, True, True, True, True, True, True, True, True, False, True, False, True, True, True, False, False, True, True, False, False, True, True, False, True, True, True, True, True, True, True, True, True]"
21,0.9993829321942516,"[True, True, True, True, True, True, True, True, True, True, True, True, True, False, True, True, True, True, True, True, False, True, False, False, False, True, True, True, False, False, False, True, True, True, False, False, False, True, False, True]"
21,0.999850242200124,"[True, True, True, True, True, True, True, True, True, True, True, True, True, True, True, True, False, False, False, False, False, True, False, False, True, False, True, True, True, False, True, True, False, False, True, False, True, True, False, True]"
21,0.999993704004385,"[True, True, True, True, True, True, True, True, True, True, True, True, True, True, True, True, True, True, True, True, False, True, False, True, False, True, True, False, True, True, True, True, True, True, True, False, False, False, False, True]"
21,0.5244236902167003,"[True, True, True, False, True, True, True, True, True, True, True, True, True, True, True, True, True, False, False, True, False, False, False, True, True, False, True, False, True, True, False, True, True, False, True, False, False, True, False, True]"
21,0.9980875463944651,"[True, True, True, True, True, True, True, True, True, True, True, True, False, False, True, True, False, True, True, True, False, True, False, False, True, False, True, False, True, False, True, True, True, False, True, False, True, True, False, True]"
21,0.9998661859721159,"[True, True, True, True, True, True, True, True, True, True, True, True, True, True, True, True, False, False, False, True, True, True, True, True, False, True, True, True, True, False, True, True, True, True, False, True, True, False, False, True]"
21,0.9998926696208963,"[True, True, True, True, True, True, True, True, True, True, True, True, True, True, True, True, False, True, False, False, True, False, True, True, True, True, True, False, True, False, True, True, True, False, True, True, True, False, False, True]"
21,0.997179401685907,"[True, True, True, True, True, True, True, True, True, True, True, False, True, True, False, True, False, True, True, True, True, True, False, True, True, True, False, False, True, True, False, True, True, True, False, True, True, False, True, False]"
21,0.9995992539248624,"[True, True, True, True, True, True, True, True, True, True, True, True, True, True, False, True, False, True, False, True, True, True, True, True, True, False, False, False, True, False, False, True, True, True, False, True, False, False, True, False]"
21,0.9999796920692969,"[True, True, True, True, True, True, True, True, True, True, True, True, True, True, True, True, True, True, False, True, True, True, False, True, True, True, True, False, True, True, False, True, True, False, True, True, True, False, True, False]"
21,0.2622517153560171,"[True, True, False, True, True, True, True, True, True, True, True, False, True, True, True, False, False, False, False, False, False, True, False, False, False, False, True, True, True, False, False, True, True, False, True, False, False, True, False, True]"
21,0.9986398815909601,"[True, True, True, True, True, True, True, True, True, True, True, True, False, True, True, True, False, False, False, True, False, True, False, False, True, False, True, True, False, False, True, True, True, False, True, True, True, True, False, True]"
21,0.9999552501056784,"[True, True, True, True, True, True, True, True, True, True, True, True, True, True, True, True, True, False, True, True, False, True, False, False, True, True, True, False, True, False, True, True, True, False, True, False, True, True, False, True]"
21,0.9998597839553532,"[True, True, True, True, True, True, True, True, True, True, True, True, True, True, True, True, False, False, False, True, False, True, False, False, True, False, True, True, True, True, False, True, True, True, False, True, True, True, False, True]"
21,0.9241546519699723,"[True, True, True, True, True, True, False, True, True, True, True, True, True, True, False, True, False, False, False, True, True, True, False, False, True, True, False, False, True, True, False, True, True, False, True, True, True, False, True, True]"
21,0.9993695198520914,"[True, True, True, True, True, True, True, True, True, True, True, True, True, False, True, True, True, True, False, True, True, True, False, True, True, True, True, False, True, True, False, True, True, True, True, True, True, False, True, False]"
21,0.0007107741790369099,"[False, True, True, True, True, False, True, True, True, True, True, True, True, True, True, True, False, True, False, True, True, True, True, True, True, True, True, False, True, False, False, False, True, True, True, True, True, False, False, True]"
21,0.05485360053560693,"[True, False, True, True, True, True, True, True, False, True, True, True, True, True, True, True, False, False, False, True, False, False, False, False, False, False, True, False, True, True, False, True, True, False, True, False, True, True, False, True]"
21,0.5028761231091831,"[True, True, True, False, True, True, True, False, True, True, True, True, True, True, True, False, False, True, False, True, False, True, False, True, False, False, True, True, False, False, True, True, True, False, True, True, True, True, False, True]"
21,0.9999045993567114,"[True, True, True, True, True, True, True, True, True, True, True, True, True, True, True, True, False, True, False, True, True, True, True, True, True, True, True, False, True, True, True, True, True, True, True, True, True, False, False, True]"
21,0.0009762900381879921,"[False, True, True, True, True, True, True, True, True, True, True, True, True, True, True, True, False, False, False, True, False, True, False, True, True, True, True, False, True, True, False, True, False, True, True, True, True, True, False, True]"
21,0.9900301799871546,"[True, True, True, True, True, True, True, True, True, False, True, True, True, True, True, False, False, True, False, True, True, True, False, True, True, True, True, False, False, True, False, True, True, True, False, True, True, False, True, False]"
21,0.9998594762212283,"[True, True, True, True, True, True, True, True, True, True, True, True, True, True, True, True, False, False, False, True, False, True, False, False, False, False, True, True, True, False, False, True, True, False, True, False, True, True, False, True]"
21,0.9998961385041635,"[True, True, True, True, True, True, True, True, True, True, True, True, True, True, True, True, False, True, False, True, False, False, False, True, True, False, True, True, True, True, False, True, True, False, True, True, True, True, False, True]"
21,0.9999366298716312,"[True, True, True, True, True, True, True, True, True, True, True, True, True, True, True, True, True, False, False, True, False, True, False, True, True, False, True, False, True, True, False, True, True, True, True, True, False, True, False, True]"
21,0.9999223248463464,"[True, True, True, True, True, True, True, True, True, True, True, True, True, True, True, True, False, True, True, True, True, True, False, True, True, False, True, False, True, True, False, True, True, False, False, True, True, False, True, True]"
21,0.9999940021714786,"[True, True, True, True, True, True, True, True, True, True, True, True, True, True, True, True, True, True, True, True, False, True, False, True, True, True, True, False, True, True, True, True, True, True, True, True, False, False, False, True]"
21,0.999922432513902,"[True, True, True, True, True, True, True, True, True, True, True, True, True, True, True, True, False, True, True, True, True, True, False, True, True, True, False, True, True, False, True, True, True, True, False, True, True, False, True, False]"
21,0.9997070717322192,"[True, True, True, True, True, True, True, True, True, True, True, True, True, True, True, False, False, False, False, True, False, True, False, False, False, True, True, True, True, False, True, True, True, False, True, False, True, True, False, True]"
21,0.999849870885363,"[True, True, True, True, True, True, True, True, True, True, True, True, True, True, True, True, False, False, False, False, False, True, False, False, False, False, False, True, True, False, True, True, True, False, True, False, True, True, False, True]"
21,0.9995980715724254,"[True, True, True, True, True, True, True, True, True, True, True, True, True, True, False, True, False, True, False, True, True, True, False, True, True, False, False, False, True, True, False, True, True, True, False, True, False, False, True, False]"
21,0.9999461656025164,"[True, True, True, True, True, True, True, True, True, True, True, True, True, True, True, True, True, False, True, False, False, True, False, True, True, False, True, False, True, True, False, True, True, False, True, True, True, True, False, True]"
21,0.9999715103527711,"[True, True, True, True, True, True, True, True, True, True, True, True, True, True, True, True, True, True, False, True, False, False, False, False, False, False, True, True, False, False, True, True, True, False, True, False, False, False, False, True]"
21,0.9998594808954397,"[True, True, True, True, True, True, True, True, True, True, True, True, True, True, True, True, False, False, False, True, False, True, False, False, False, False, True, True, True, False, True, True, True, False, True, False, True, True, True, True]"
21,0.9985286890456042,"[True, True, True, True, True, True, True, True, True, True, True, True, False, True, True, False, False, True, False, True, True, False, False, True, True, True, True, False, True, False, False, True, True, True, True, True, True, False, False, True]"
21,0.96155644426055,"[True, True, True, True, True, True, True, False, True, True, True, True, True, True, True, True, True, False, False, True, False, True, True, False, True, False, True, False, True, True, True, True, True, False, True, True, True, True, True, True]"
21,0.9486004557948856,"[True, True, True, True, True, True, True, False, True, False, True, False, False, True, True, True, False, False, False, True, False, True, True, True, True, True, False, True, True, False, False, False, True, False, True, False, True, True, False, True]"
21,0.999857064403445,"[True, True, True, True, True, True, True, True, True, True, True, True, True, True, True, True, False, False, False, True, False, False, False, False, False, False, True, False, True, True, False, True, True, False, True, False, True, True, False, True]"
21,0.9999935551755254,"[True, True, True, True, True, True, True, True, True, True, True, True, True, True, True, True, True, True, True, True, False, True, False, True, False, False, True, False, True, True, True, True, True, True, True, True, False, True, False, True]"
21,0.8499709803397647,"[True, True, True, True, True, False, True, True, True, True, False, True, True, True, True, True, False, True, False, False, True, True, False, True, True, True, False, False, True, True, False, True, True, True, False, True, True, False, True, False]"
21,0.980623257432695,"[True, True, True, True, True, True, True, True, False, True, True, True, True, True, True, True, True, True, True, False, False, True, False, False, False, False, True, True, True, False, True, True, False, False, False, True, False, True, False, True]"
21,0.998701852340261,"[True, True, True, True, True, True, True, True, True, True, True, True, False, True, True, True, False, True, True, True, True, True, False, False, True, True, False, False, True, False, True, True, True, True, False, True, True, False, True, False]"
21,0.7279143160146553,"[True, True, True, True, False, True, True, True, True, True, True, True, True, True, True, True, False, True, True, True, False, True, False, True, True, True, True, False, True, True, False, True, True, False, False, True, True, False, True, False]"
21,0.8518307523770912,"[True, True, True, True, True, False, True, True, True, True, True, False, True, True, False, True, False, True, True, False, False, True, False, True, True, True, True, True, True, True, False, False, True, True, True, True, True, False, True, True]"
21,0.9995980715542421,"[True, True, True, True, True, True, True, True, True, True, True, True, True, True, False, True, False, True, False, True, True, True, False, True, True, False, False, False, True, True, False, True, True, True, False, True, False, False, False, False]"
21,0.26225171677393155,"[True, True, False, True, True, True, True, True, True, True, True, False, True, True, True, False, False, False, False, False, False, True, False, False, False, False, True, True, True, False, True, True, True, False, True, False, True, True, False, True]"
21,0.9999649716729443,"[True, True, True, True, True, True, True, True, True, True, True, True, True, True, True, True, True, True, False, False, False, True, False, True, False, False, True, True, True, False, True, True, False, False, True, True, False, True, False, True]"
21,0.9998931960766445,"[True, True, True, True, True, True, True, True, True, True, True, True, True, True, True, True, False, True, False, False, True, True, False, False, True, True, False, False, True, True, False, True, True, True, False, True, True, False, True, True]"
step,fitness,genome
22,0.9998961384677871,"[True, True, True, True, True, True, True, True, True, True, True, True, True, True, True, True, False, True, False, True, False, False, False, True, True, False, True, True, True, True, False, True, True, False, True, True, True, False, False, True]"
22,0.02325678747033116,"[True, False, True, False, True, True, True, True, True, False, True, True, True, True, True, True, True, True, True, True, False, True, False, True, False, True, True, True, True, True, True, True, True, False, True, False, False, False, False, True]"
22,0.9996171383045297,"[True, True, True, True, True, True, True, True, True, True, True, True, True, True, False, True, False, True, True, True, True, True, False, True, True, False, False, False, True, True, False, True, True, True, False, True, False, False, False, False]"
22,0.2196846931881537,"[True, True, False, True, True, False, True, True, True, True, True, True, True, True, True, True, True, False, True, False, False, True, False, True, False, False, True, False, True, True, False, True, True, False, True, True, True, True, False, True]"
22,0.9999473576382931,"[True, True, True, True, True, True, True, True, True, True, True, True, True, True, True, True, True, False, True, False, False, True, True, True, True, False, True, False, True, True, False, True, True, False, True, True, True, True, False, True]"
22,0.513568077776912,"[True, True, True, False, True, True, True, True, False, True, True, True, True, True, True, True, False, False, True, True, False, False, False, False, False, False, True, False, True, True, False, True, True, False, True, False, True, True, False, True]"
22,0.8542689625160947,"[True, True, True, True, True, False, True, True, True, True, True, True, True, True, True, True, True, True, False, True, False, True, False, True, True, False, True, False, True, True, True, True, True, True, True, True, False, False, False, True]"
22,0.2630468934026819,"[True, True, False, True, True, True, True, True, True, True, True, True, True, True, True, True, False, True, False, True, True, True, True, True, True, True, True, False, True, True, True, True, True, True, True, True, True, True, False, True]"
22,0.9152044998266088,"[True, True, True, True, True, True, False, True, True, False, True, True, True, True, False, True, True, True, False, True, True, True, False, True, True, False, False, False, True, True, False, True, True, True, True, True, False, False, False, False]"
22,0.9999081752613365,"[True, True, True, True, True, True, True, True, True, True, True, True, True, True, True, True, False, True, True, False, False, True, False, True, True, True, True, False, True, True, True, True, True, True, True, True, False, False, False, True]"
22,0.9999554831816176,"[True, True, True, True, True, True, True, True, True, True, True, True, True, True, True, True, True, False, True, True, False, True, False, True, False, True, False, False, True, True, True, True, True, True, False, False, True, False, False, True]"
22,0.056284159844395595,"[True, False, True, True, True, True, True, True, True, True, True, True, True, True, False, True, False, True, True, False, True, True, True, True, True, True, True, False, True, True, False, True, True, True, True, True, False, False, True, True]"
22,0.2630417835913598,"[True, True, False, True, True, True, True, True, True, True, True, True, True, True, True, True, False, True, False, False, False, False, True, True, False, True, True, False, True, False, True, True, True, False, True, True, True, False, False, True]"
22,0.9999033282658404,"[True, True, True, True, True, True, True, True, True, True, True, True, True, True, True, True, False, True, False, True, True, True, False, True, True, True, False, False, True, True, False, True, True, True, True, True, True, True, True, True]"
22,0.999383523510316,"[True, True, True, True, True, True, True, True, True, True, True, True, True, False, True, True, True, True, True, True, False, True, False, True, False, True, True, False, True, True, True, True, True, True, True, False, False, False, False, True]"
22,0.9245585669200268,"[True, True, True, True, True, True, False, True, True, True, True, True, True, True, True, True, True, True, True, True, False, True, False, False, False, False, True, False, True, False, True, True, True, True, True, True, False, True, False, True]"
22,0.9998961291918084,"[True, True, True, True, True, True, True, True, True, True, True, True, True, True, True, True, False, True, False, True, False, False, False, True, True, False, True, True, True, False, False, True, True, False, True, True, True, True, False, True]"
22,0.9999390139240022,"[True, True, True, True, True, True, True, True, True, True, True, True, True, True, True, True, True, False, False, True, True, False, False, True, True, False, True, False, True, True, False, True, True, True, True, True, False, True, False, True]"
22,0.9999176366114894,"[True, True, True, True, True, True, True, True, True, True, True, True, True, True, True, True, False, True, True, True, False, True, False, True, True, True, False, False, True, True, True, True, True, True, True, False, False, False, False, True]"
22,0.9999461655934219,"[True, True, True, True, True, True, True, True, True, True, True, True, True, True, True, True, True, False, True, False, False, True, False, True, True, False, True, False, True, True, False, True, True, False, True, True, True, True, False, False]"
22,0.853164260432878,"[True, True, True, True, True, False, True, True, True, True, True, True, False, True, True, True, False, True, True, True, True, True, False, False, True, True, False, False, True, False, True, True, False, True, False, True, True, False, True, False]"
22,0.9999552454492532,"[True, True, True, True, True, True, True, True, True, True, True, True, True, True, True, True, True, False, True, True, False, True, False, False, True, True, True, False, True, False, False, True, True, False, True, False, True, True, False, True]"
22,0.9999715103527711,"[True, True, True, True, True, True, True, True, True, True, True, True, True, True, True, True, True, True, False, True, False, False, False, False, False, False, True, True, False, False, True, True, True, False, True, False, False, False, False, True]"
22,0.9782154033817857,"[True, True, True, True, True, True, True, True, False, True, True, False, True, True, True, True, True, True, False, True, False, False, False, False, False, False, True, True, False, False, True, True, True, False, True, False, False, False, False, True]"
22,0.9999649716729443,"[True, True, True, True, True, True, True, True, True, True, True, True, True, True, True, True, True, True, False, False, False, True, False, True, False, False, True, True, True, False, True, True, False, False, True, True, False, True, False, True]"
22,0.0009739076448527683,"[False, True, True, True, True, True, True, True, True, True, True, True, False, True, True, True, False, False, False, True, False, True, False, False, True, False, True, True, False, False, True, True, True, False, True, True, True, True, False, True]"
22,0.9999844560621086,"[True, True, True, True, True, True, True, True, True, True, True, True, True, True, True, True, True, True, True, False, False, True, False, True, True, True, True, False, True, False, True, True, True, True, True, False, False, False, False, True]"
22,0.0009710605132625246,"[False, True, True, True, True, True, True, True, True, True, True, False, True, True, False, True, False, True, True, True, True, True, False, True, True, True, False, False, True, True, False, True, True, True, False, True, True, False, True, False]"
22,0.9998643976494341,"[True, True, True, True, True, True, True, True, True, True, True, True, True, True, True, True, False, False, False, True, True, True, False, False, False, True, True, True, True, False, True, True, True, False, True, False, True, True, False, True]"
22,0.26293062165719205,"[True, True, False, True, True, True, True, True, True, True, True, True, True, True, False, False, True, True, False, True, False, True, True, False, True, True, True, False, True, True, False, True, True, False, True, True, True, False, False, False]"
22,0.056309975694107235,"[True, False, True, True, True, True, True, True, True, True, True, True, True, True, True, True, True, False, True, True, False, False, False, False, True, True, True, False, True, False, True, True, True, False, True, False, True, True, False, True]"
22,0.9986396074778506,"[True, True, True, True, True, True, True, True, True, True, True, True, False, True, True, True, False, False, False, True, False, True, False, False, False, False, True, True, True, True, False, True, True, True, False, True, True, True, False, True]"
22,0.7276322874675277,"[True, True, True, True, False, True, True, True, True, True, True, True, True, True, False, True, False, False, False, False, False, False, False, False, False, False, False, True, True, False, True, True, True, False, True, False, True, True, False, True]"
22,0.9999931079614747,"[True, True, True, True, True, True, True, True, True, True, True, True, True, True, True, True, True, True, True, True, False, True, False, False, False, True, True, False, True, True, True, True, True, True, True, False, False, False, False, True]"
22,0.9998926672928148,"[True, True, True, True, True, True, True, True, True, True, True, True, True, True, True, True, False, True, False, False, True, False, True, True, True, True, True, False, True, False, True, False, True, False, True, True, True, False, False, True]"
22,0.9999027305253346,"[True, True, True, True, True, True, True, True, True, True, True, True, True, True, True, True, False, True, False, True, True, True, False, False, True, True, False, False, True, True, False, True, False, False, True, True, True, True, True, True]"
22,0.9998502484566041,"[True, True, True, True, True, True, True, True, True, True, True, True, True, True, True, True, False, False, False, False, False, True, False, False, True, False, True, True, True, True, False, True, True, True, False, True, True, True, False, True]"
22,0.9999552454492532,"[True, True, True, True, True, True, True, True, True, True, True, True, True, True, True, True, True, False, True, True, False, True, False, False, True, True, True, False, True, False, False, True, True, False, True, False, True, True, False, True]"
22,0.9986780049018938,"[True, True, True, True, True, True, True, True, True, True, True, True, False, True, True, True, False, True, False, True, False, True, False, False, True, False, True, True, True, True, False, True, False, True, False, True, True, True, False, True]"
22,0.9999363639505795,"[True, True, True, True, True, True, True, True, True, True, True, True, True, True, True, True, True, False, False, True, False, True, False, True, False, False, True, True, True, False, True, True, True, False, True, True, True, True, False, True]"
22,0.999960055547009,"[True, True, True, True, True, True, True, True, True, True, True, True, True, True, True, True, True, False, True, True, True, True, False, False, True, True, True, True, True, False, True, True, True, False, True, False, True, True, False, True]"
22,0.03678842180869852,"[True, False, True, True, False, True, True, True, True, True, True, True, True, True, True, True, False, True, False, False, False, True, False, False, True, True, False, False, True, True, False, True, True, True, False, True, True, False, True, True]"
22,0.05631020019733122,"[True, False, True, True, True, True, True, True, True, True, True, True, True, True, True, True, True, False, True, True, False, True, False, True, True, True, True, False, True, True, True, True, True, True, True, True, False, False, False, True]"
22,0.9709823217389866,"[True, True, True, True, True, True, True, True, False, False, True, True, True, True, True, True, False, True, False, False, True, True, False, False, True, True, False, False, False, True, False, True, True, False, False, True, True, False, False, True]"
22,0.056305315831450826,"[True, False, True, True, True, True, True, True, True, True, True, True, True, True, True, True, False, True, False, False, True, False, False, False, True, True, False, False, True, False, False, True, True, True, True, True, True, True, True, True]"
22,0.2630332947783882,"[True, True, False, True, True, True, True, True, True, True, True, True, True, True, True, True, False, False, False, True, False, True, False, False, False, False, False, False, True, False, True, True, True, False, True, False, True, True, False, True]"
22,0.0009764110040273454,"[False, True, True, True, True, True, True, True, True, True, True, True, True, True, True, True, False, True, True, True, True, True, False, True, True, True, False, True, True, False, True, True, False, True, False, True, True, False, True, True]"
22,0.9241906020632557,"[True, True, True, True, True, True, False, True, True, True, True, True, True, True, False, True, False, True, False, True, True, True, False, True, True, False, False, False, True, True, False, True, True, True, False, True, False, False, True, False]"
22,0.999850242200124,"[True, True, True, True, True, True, True, True, True, True, True, True, True, True, True, True, False, False, False, False, False, True, False, False, True, False, True, True, True, False, True, True, False, False, True, False, True, True, False, True]"
22,0.9241546519699723,"[True, True, True, True, True, True, False, True, True, True, True, True, True, True, False, True, False, False, False, True, True, True, False, False, True, True, False, False, True, True, False, True, True, False, True, True, True, False, True, True]"
step,fitness,genome
23,0.9805445346507679,"[True, True, True, True, True, True, True, True, False, True, True, True, True, True, True, True, False, True, False, True, True, True, False, True, True, True, False, False, True, True, False, True, True, True, True, True, False, True, True, True]"
23,0.9986780049018938,"[True, True, True, True, True, True, True, True, True, True, True, True, False, True, True, True, False, True, False, True, False, True, False, False, True, False, True, True, True, True, False, True, False, True, False, True, True, True, False, True]"
23,0.9999746307898423,"[True, True, True, True, True, True, True, True, True, True, True, True, True, True, True, True, True, True, False, True, False, True, False, True, False, True, True, False, True, True, True, True, True, True, True, False, False, False, False, True]"
23,0.9996505778962854,"[True, True, True, True, True, True, True, True, True, True, True, True, True, True, False, True, True, False, True, True, False, True, False, True, True, False, True, False, True, True, False, False, True, False, True, True, True, True, True, False]"
23,0.7279012712732191,"[True, True, True, True, False, True, True, True, True, True, True, True, True, True, True, True, False, True, False, True, True, False, False, False, True, True, False, False, True, True, False, True, False, False, True, True, True, True, True, True]"
23,0.9999176366660549,"[True, True, True, True, True, True, True, True, True, True, True, True, True, True, True, True, False, True, True, True, False, True, False, True, True, True, False, False, True, True, True, True, True, True, True, False, False, True, True, True]"
23,0.9998627267490723,"[True, True, True, True, True, True, True, True, True, True, True, True, True, True, True, True, False, False, False, True, True, False, False, True, True, False, True, False, True, True, False, True, True, True, True, True, False, False, False, True]"
23,0.26233350784533,"[True, True, False, True, True, True, True, True, True, True, True, False, True, True, True, True, True, True, False, False, True, True, False, True, True, True, False, True, True, True, False, True, True, True, True, True, True, True, True, True]"
23,0.9996171743808445,"[True, True, True, True, True, True, True, True, True, True, True, True, True, True, False, True, False, True, True, True, True, True, False, True, True, False, False, True, True, True, False, True, False, True, False, True, False, False, False, False]"
23,0.9999840447216756,"[True, True, True, True, True, True, True, True, True, True, True, True, True, True, True, True, True, True, True, False, False, True, False, True, False, False, True, True, True, False, True, True, False, False, True, True, False, True, False, True]"
23,0.9245236103282031,"[True, True, True, True, True, True, False, True, True, True, True, True, True, True, True, True, True, False, True, True, False, True, False, True, False, False, True, True, True, False, True, True, True, False, True, True, True, True, False, True]"
23,0.9999267520568067,"[True, True, True, True, True, True, True, True, True, True, True, True, True, True, True, True, True, False, False, False, False, True, False, True, False, False, False, True, True, False, True, True, False, False, True, True, False, True, False, True]"
23,0.9987651795911456,"[True, True, True, True, True, True, True, True, True, True, True, True, False, True, True, True, True, True, True, False, False, True, True, True, False, False, True, False, True, False, False, True, True, False, True, True, True, True, False, True]"
23,0.9999463195816142,"[True, True, True, True, True, True, True, True, True, True, True, True, True, True, True, True, True, False, True, False, False, True, False, True, True, True, True, False, True, True, True, True, True, True, True, False, False, False, False, False]"
23,9.535044996587568e-07,"[False, False, True, True, True, True, True, True, True, True, True, True, True, True, True, True, True, False, True, True, False, True, False, True, False, True, False, False, True, True, True, False, True, True, False, False, True, True, False, True]"
23,0.9993289001498931,"[True, True, True, True, True, True, True, True, True, True, True, True, True, False, True, True, True, False, False, True, True, False, False, True, True, False, True, True, True, True, False, True, True, False, True, True, True, False, False, True]"
23,0.961307467371542,"[True, True, True, True, True, True, True, False, True, True, True, True, True, True, False, True, True, True, True, False, False, True, False, True, True, True, True, False, True, False, True, True, True, True, True, False, False, False, False, True]"
23,3.592826858861724e-05,"[False, True, False, True, True, False, True, True, True, True, True, True, True, True, True, True, True, True, False, False, False, True, False, True, False, False, True, True, True, False, True, True, False, False, True, True, False, True, False, True]"
23,0.0007108488798253645,"[False, True, True, True, True, False, True, True, True, True, True, True, True, True, True, True, True, False, True, True, False, True, False, True, False, True, False, False, True, True, True, True, True, True, False, False, True, False, False, True]"
23,0.2630304307106301,"[True, True, False, True, True, True, True, True, True, True, True, True, True, True, True, True, False, False, False, False, False, True, False, False, False, False, False, False, True, True, True, True, True, False, True, False, True, True, False, True]"
23,0.9999715832559994,"[True, True, True, True, True, True, True, True, True, True, True, True, True, True, True, True, True, True, False, True, False, False, False, False, False, True, False, True, False, False, True, False, True, True, True, True, False, False, False, True]"
23,0.5244166641608909,"[True, True, True, False, True, True, True, True, True, True, True, True, True, True, True, True, False, True, True, True, True, True, False, False, True, False, False, True, True, False, True, True, False, False, False, False, True, False, False, True]"
23,0.999864592203001,"[True, True, True, True, True, True, True, True, True, True, True, True, True, True, True, True, False, False, False, True, True, True, False, False, True, True, False, False, True, True, True, True, False, False, True, True, True, True, True, True]"
23,0.8542007135096732,"[True, True, True, True, True, False, True, True, True, True, True, True, True, True, True, True, False, True, False, True, False, False, False, True, True, False, True, True, True, True, False, True, True, False, True, True, True, False, True, True]"
23,0.8542356636754019,"[True, True, True, True, True, False, True, True, True, True, True, True, True, True, True, True, True, False, False, True, False, True, False, True, False, True, False, False, True, True, True, True, True, True, False, False, True, False, False, False]"
23,0.999697672985692,"[True, True, True, True, True, True, True, True, True, True, True, True, True, True, True, False, False, False, False, False, False, True, False, False, True, False, True, True, False, True, False, True, True, True, False, True, True, True, False, True]"
23,0.9793783106091649,"[True, True, True, True, True, True, True, True, False, True, True, True, False, True, True, True, True, False, False, True, False, True, False, True, False, False, True, True, True, False, True, True, True, False, True, True, True, True, False, True]"
23,0.9245585669200268,"[True, True, True, True, True, True, False, True, True, True, True, True, True, True, True, True, True, True, True, True, False, True, False, False, False, False, True, False, True, False, True, True, True, True, True, True, False, True, False, True]"
23,0.9999697375761893,"[True, True, True, True, True, True, True, True, True, True, True, True, True, True, True, True, True, True, False, False, True, True, False, True, False, False, True, True, True, False, True, False, False, False, True, True, False, True, False, True]"
23,0.9999558460191453,"[True, True, True, True, True, True, True, True, True, True, True, True, True, True, True, True, True, False, True, True, False, True, False, True, True, True, True, False, True, False, True, True, True, False, True, False, False, False, False, True]"
23,0.9802167185478204,"[True, True, True, True, True, True, True, True, False, True, True, True, True, True, False, True, False, False, True, False, True, True, False, True, True, True, True, False, True, True, False, False, True, False, True, True, False, False, False, True]"
23,0.99998550811498,"[True, True, True, True, True, True, True, True, True, True, True, True, True, True, True, True, True, True, True, False, False, True, True, True, True, False, True, False, True, True, True, True, True, False, True, True, True, True, False, True]"
23,0.9805492971784739,"[True, True, True, True, True, True, True, True, False, True, True, True, True, True, True, True, False, True, True, False, False, True, False, True, True, True, True, False, True, True, True, True, True, True, True, True, False, False, False, True]"
23,0.9999028050246206,"[True, True, True, True, True, True, True, True, True, True, True, True, True, True, True, True, False, True, False, True, True, True, False, False, True, True, True, False, True, True, False, True, False, False, True, True, True, True, True, True]"
23,0.9805628390153246,"[True, True, True, True, True, True, True, True, False, True, True, True, True, True, True, True, False, True, True, True, True, True, False, True, False, False, False, False, True, True, True, True, True, True, False, True, False, False, False, False]"
23,0.9996793218004474,"[True, True, True, True, True, True, True, True, True, True, True, True, True, True, False, True, True, True, True, False, False, True, False, True, True, True, True, False, True, False, False, True, True, True, True, False, False, False, False, True]"
23,0.9993451233069415,"[True, True, True, True, True, True, True, True, True, True, True, True, True, False, True, True, True, False, True, True, False, True, False, False, True, True, True, True, True, False, False, True, True, False, True, False, True, True, False, True]"
23,0.9999342458243761,"[True, True, True, True, True, True, True, True, True, True, True, True, True, True, True, True, True, False, False, True, False, False, False, True, True, False, True, False, True, True, False, True, True, True, True, True, False, True, False, True]"
23,0.0009366810473744723,"[False, True, True, True, True, True, True, True, False, True, True, True, False, True, True, True, True, False, True, False, False, True, True, True, True, False, True, True, True, True, False, True, True, False, True, True, True, True, True, True]"
23,0.9830141067314602,"[True, True, True, True, True, True, True, True, True, False, False, False, True, True, True, True, True, True, False, True, False, False, True, False, False, False, True, True, False, False, True, True, True, False, True, False, False, False, False, False]"
23,0.99986931327936,"[True, True, True, True, True, True, True, True, True, True, True, True, True, True, True, True, False, False, True, False, False, True, False, False, True, False, True, True, True, False, True, True, False, False, True, False, True, True, False, True]"
23,0.9999271633760293,"[True, True, True, True, True, True, True, True, True, True, True, True, True, True, True, True, True, False, False, False, False, True, False, True, True, True, False, False, True, False, True, True, True, True, True, False, False, False, False, True]"
23,0.999598220939268,"[True, True, True, True, True, True, True, True, True, True, True, True, True, True, False, True, False, True, False, True, True, True, False, True, True, True, False, False, True, True, False, True, True, True, True, True, True, True, True, True]"
23,0.9999270931949262,"[True, True, True, True, True, True, True, True, True, True, True, True, True, True, True, True, True, False, False, False, False, True, False, True, True, False, True, False, True, True, False, True, True, False, True, True, True, True, False, False]"
23,0.9996171383045297,"[True, True, True, True, True, True, True, True, True, True, True, True, True, True, False, True, False, True, True, True, True, True, False, True, True, False, False, False, True, True, False, True, True, True, False, True, False, False, False, False]"
23,0.12500094497243558,"[True, True, False, False, True, True, True, True, True, True, True, False, True, True, True, True, True, True, False, True, False, False, False, False, False, False, True, True, False, False, True, True, True, False, True, True, True, True, False, True]"
23,0.9950210404302237,"[True, True, True, True, True, True, True, True, True, True, False, True, True, True, True, True, False, True, False, False, True, False, True, True, True, True, True, False, True, False, True, False, True, False, True, True, True, False, False, True]"
23,0.9902330516949854,"[True, True, True, True, True, True, True, True, True, False, True, True, True, True, True, True, True, False, True, True, False, True, False, True, False, True, False, False, True, True, True, True, True, True, False, False, True, False, False, True]"
23,0.9999606515721886,"[True, True, True, True, True, True, True, True, True, True, True, True, True, True, True, True, True, False, True, True, True, True, False, True, True, True, True, True, True, False, True, True, True, False, True, False, True, True, False, True]"
23,0.9999176366114894,"[True, True, True, True, True, True, True, True, True, True, True, True, True, True, True, True, False, True, True, True, False, True, False, True, True, True, False, False, True, True, True, True, True, True, True, False, False, False, False, True]"
step,fitness,genome
24,0.9800150661826251,"[True, True, True, True, True, True, True, True, False, True, True, True, True, False, True, True, True, True, False, True, False, True, False, True, False, True, True, False, True, True, True, True, True, True, True, False, False, False, False, True]"
24,0.9793458861892667,"[True, True, True, True, True, True, True, True, False, True, True, True, False, True, True, True, False, True, False, True, True, True, False, True, True, True, False, False, True, True, False, True, True, False, True, True, False, True, True, True]"
24,0.9999028050246206,"[True, True, True, True, True, True, True, True, True, True, True, True, True, True, True, True, False, True, False, True, True, True, False, False, True, True, True, False, True, True, False, True, False, False, True, True, True, True, True, True]"
24,0.9999215801680169,"[True, True, True, True, True, True, True, True, True, True, True, True, True, True, True, True, False, True, True, True, True, True, False, False, False, True, True, False, True, True, False, True, True, False, True, True, True, True, True, True]"
24,0.9805675453905075,"[True, True, True, True, True, True, True, True, False, True, True, True, True, True, True, True, True, False, False, False, False, True, False, True, False, False, False, True, True, False, False, True, False, False, True, True, False, True, False, True]"
24,0.9999715832559994,"[True, True, True, True, True, True, True, True, True, True, True, True, True, True, True, True, True, True, False, True, False, False, False, False, False, True, False, True, False, False, True, False, True, True, True, True, False, False, False, True]"
24,0.9998651153170978,"[True, True, True, True, True, True, True, True, True, True, True, True, True, True, True, True, False, False, False, True, True, True, False, True, True, False, True, False, True, True, True, True, True, True, True, True, False, False, True, True]"
24,0.9999582628169503,"[True, True, True, True, True, True, True, True, True, True, True, True, True, True, True, True, True, False, True, True, True, False, False, True, True, True, True, True, True, False, False, True, True, False, True, False, True, True, False, True]"
24,0.0009764854988801155,"[False, True, True, True, True, True, True, True, True, True, True, True, True, True, True, True, True, False, True, True, True, True, False, True, True, True, False, True, True, False, True, False, True, False, True, False, True, True, False, False]"
24,0.9999606470612546,"[True, True, True, True, True, True, True, True, True, True, True, True, True, True, True, True, True, False, True, True, True, True, False, True, True, True, True, True, True, False, False, True, True, False, True, True, True, True, False, True]"
24,0.9993313620493027,"[True, True, True, True, True, True, True, True, True, True, True, True, True, False, True, True, True, False, False, True, True, True, False, True, True, True, False, True, True, True, True, True, True, False, True, True, True, True, False, True]"
24,0.9902342333045809,"[True, True, True, True, True, True, True, True, True, False, True, True, True, True, True, True, True, False, True, True, False, True, True, True, False, True, False, False, True, True, True, True, True, True, False, False, True, False, False, True]"
24,0.9999026467136438,"[True, True, True, True, True, True, True, True, True, True, True, True, True, True, True, True, False, True, False, True, True, True, False, False, True, False, True, False, True, False, False, True, False, False, True, True, True, True, True, True]"
24,0.9999176366660549,"[True, True, True, True, True, True, True, True, True, True, True, True, True, True, True, True, False, True, True, True, False, True, False, True, True, True, False, False, True, True, True, True, True, True, True, False, False, True, True, True]"
24,0.9245589921800856,"[True, True, True, True, True, True, False, True, True, True, True, True, True, True, True, True, True, True, True, True, False, True, False, False, True, True, True, False, True, True, True, True, True, True, True, True, False, True, True, True]"
24,0.9901803823972627,"[True, True, True, True, True, True, True, True, True, False, True, True, True, True, True, True, False, True, False, True, True, True, False, False, False, False, True, False, True, False, False, True, False, False, True, True, True, True, False, True]"
24,0.9757578513242808,"[True, True, True, True, True, True, True, True, False, True, False, True, True, True, True, True, False, True, False, True, True, True, False, True, True, True, False, False, True, True, False, True, True, True, True, True, False, True, True, True]"
24,0.5003825112006134,"[True, True, True, False, True, True, True, False, True, True, False, True, True, True, True, True, True, True, True, False, True, True, False, True, False, False, True, False, True, False, True, False, False, False, True, True, False, True, False, True]"
24,0.056303210599225204,"[True, False, True, True, True, True, True, True, True, True, True, True, True, True, True, True, False, False, False, True, True, False, False, True, True, False, True, True, True, True, False, True, True, True, True, True, False, False, False, True]"
24,0.5244435455222666,"[True, True, True, False, True, True, True, True, True, True, True, True, True, True, True, True, True, True, False, False, True, True, False, True, False, False, True, True, True, False, True, False, False, False, True, True, False, True, False, True]"
24,0.9999939089669686,"[True, True, True, True, True, True, True, True, True, True, True, True, True, True, True, True, True, True, True, True, False, True, False, True, True, True, False, False, False, True, True, True, True, True, True, False, True, False, False, True]"
24,0.9999342458243761,"[True, True, True, True, True, True, True, True, True, True, True, True, True, True, True, True, True, False, False, True, False, False, False, True, True, False, True, False, True, True, False, True, True, True, True, True, False, True, False, True]"
24,0.9999840447125807,"[True, True, True, True, True, True, True, True, True, True, True, True, True, True, True, True, True, True, True, False, False, True, False, True, False, False, True, True, True, False, True, True, False, False, True, True, False, True, False, False]"
24,0.9757765082736389,"[True, True, True, True, True, True, True, True, False, True, False, True, True, True, True, True, False, True, True, True, True, True, False, True, True, True, False, False, True, True, False, True, True, True, True, True, False, False, True, False]"
24,0.9972364691478625,"[True, True, True, True, True, True, True, True, True, True, True, False, True, True, False, True, True, True, False, True, True, True, False, True, True, True, False, False, True, False, False, True, True, True, True, False, False, True, False, True]"
24,0.2629153495129717,"[True, True, False, True, True, True, True, True, True, True, True, True, True, True, False, False, True, False, False, False, False, False, False, True, True, False, True, False, True, False, False, True, True, False, True, True, False, True, False, True]"
24,0.9926936194282429,"[True, True, True, True, True, True, True, True, True, True, False, False, True, True, True, True, True, True, True, True, False, True, False, True, False, True, True, False, True, True, True, True, True, True, True, False, False, False, False, True]"
24,0.9999558436909314,"[True, True, True, True, True, True, True, True, True, True, True, True, True, True, True, True, True, False, True, True, False, True, False, True, True, True, True, False, True, False, True, False, True, False, True, False, False, False, False, True]"
24,0.8542688331360628,"[True, True, True, True, True, False, True, True, True, True, True, True, True, True, True, True, True, True, False, True, False, True, False, True, False, True, True, False, True, True, True, True, True, True, True, False, True, False, False, True]"
24,0.0009752381283234219,"[False, True, True, True, True, True, True, True, True, True, True, True, True, False, True, True, True, False, False, False, True, True, False, True, True, False, True, False, True, True, False, True, True, False, True, True, False, True, False, False]"
24,0.9999366671224102,"[True, True, True, True, True, True, True, True, True, True, True, True, True, True, True, True, True, False, False, True, False, True, False, True, True, False, True, True, True, True, False, True, True, True, True, True, False, True, False, True]"
24,0.9901463450884316,"[True, True, True, True, True, True, True, True, True, False, True, True, True, True, True, True, False, False, True, False, False, False, True, False, True, False, False, False, True, False, True, True, True, False, True, False, True, True, True, True]"
24,0.05594460235026267,"[True, False, True, True, True, True, True, True, True, True, False, True, True, True, True, True, True, False, True, True, False, True, False, False, False, True, True, True, True, False, False, True, True, True, True, False, False, True, False, True]"
24,0.9800153583399682,"[True, True, True, True, True, True, True, True, False, True, True, True, True, False, True, True, True, True, False, True, False, True, False, True, True, True, True, False, True, True, True, True, True, False, True, False, True, False, False, True]"
24,0.9993282939925784,"[True, True, True, True, True, True, True, True, True, True, True, True, True, False, True, True, True, False, False, True, True, False, False, False, True, False, True, True, True, False, False, True, False, False, True, True, True, False, False, True]"
24,0.980629966311996,"[True, True, True, True, True, True, True, True, False, True, True, True, True, True, True, True, True, True, True, False, True, True, True, True, True, False, True, False, True, True, True, True, True, False, True, True, False, True, False, True]"
24,0.5243873664692066,"[True, True, True, False, True, True, True, True, True, True, True, True, True, True, True, True, False, False, True, False, False, True, False, False, True, False, True, True, True, False, True, True, True, False, False, False, True, True, False, True]"
24,0.9999715832559994,"[True, True, True, True, True, True, True, True, True, True, True, True, True, True, True, True, True, True, False, True, False, False, False, False, False, True, False, True, False, False, True, False, True, True, True, True, False, False, False, True]"
24,0.9993193692079237,"[True, True, True, True, True, True, True, True, True, True, True, True, True, False, True, True, True, False, False, False, True, False, False, True, True, False, True, True, True, True, False, True, True, False, True, True, True, False, False, True]"
24,0.997259610853646,"[True, True, True, True, True, True, True, True, True, True, True, False, True, True, True, False, False, False, False, False, False, True, False, False, True, False, True, True, False, True, False, True, True, True, False, True, True, True, False, True]"
24,0.8539089998301516,"[True, True, True, True, True, False, True, True, True, True, True, True, True, True, False, True, False, False, False, True, True, True, False, True, True, False, True, False, True, False, False, True, True, False, True, False, False, True, True, False]"
24,0.5242010516146866,"[True, True, True, False, True, True, True, True, True, True, True, True, True, True, False, False, True, True, True, True, False, True, False, True, True, True, False, False, True, True, True, True, True, True, True, True, True, False, False, True]"
24,0.9806097857526388,"[True, True, True, True, True, True, True, True, False, True, True, True, True, True, True, True, True, True, False, False, True, True, False, True, False, False, True, True, True, False, True, False, False, False, True, True, False, True, False, True]"
24,0.0009758801422593225,"[False, True, True, True, True, True, True, True, True, True, True, True, True, True, False, True, True, False, True, True, False, True, False, True, True, False, True, False, True, True, False, False, True, False, True, True, True, True, True, False]"
24,0.9999334320933533,"[True, True, True, True, True, True, True, True, True, True, True, True, True, True, True, True, True, False, False, True, False, False, False, False, False, True, False, True, False, False, False, False, False, True, True, True, False, False, False, True]"
24,0.8542234117239614,"[True, True, True, True, True, False, True, True, True, True, True, True, True, True, True, True, False, True, True, True, True, True, False, True, True, False, False, True, True, True, True, True, True, True, True, True, False, False, False, False]"
24,0.9999746029963191,"[True, True, True, True, True, True, True, True, True, True, True, True, True, True, True, True, True, True, False, True, False, True, False, True, False, True, True, False, False, False, True, True, True, True, True, True, False, False, False, True]"
24,0.7134209683072186,"[True, True, True, True, False, True, True, True, False, True, True, True, True, True, True, True, True, True, True, False, False, True, True, True, True, False, True, False, True, True, True, True, True, False, True, True, True, True, False, False]"
24,0.9806157648963986,"[True, True, True, True, True, True, True, True, False, True, True, True, True, True, True, True, True, True, False, True, False, True, True, True, False, True, True, False, True, True, True, True, True, True, True, False, False, False, False, True]"
24,0.9996695038817177,"[True, True, True, True, True, True, True, True, True, True, True, True, True, True, False, True, True, True, False, True, False, True, False, True, False, True, True, False, True, True, True, True, True, True, True, False, False, False, False, True]"
step,fitness,genome
25,0.0009752569593874962,"[False, True, True, True, True, True, True, True, True, True, True, True, True, False, True, True, True, False, False, True, True, True, False, True, True, True, False, True, True, True, True, True, True, False, True, True, True, False, False, True]"
25,0.9999366671224102,"[True, True, True, True, True, True, True, True, True, True, True, True, True, True, True, True, True, False, False, True, False, True, False, True, True, False, True, True, True, True, False, True, True, True, True, True, False, True, False, True]"
25,0.9996125255463842,"[True, True, True, True, True, True, True, True, True, True, True, True, True, True, False, True, False, True, True, True, False, True, False, True, True, True, False, False, True, True, True, True, True, True, True, True, False, True, True, False]"
25,0.251536212481456,"[True, True, False, True, True, True, True, False, True, True, True, True, True, True, True, True, False, True, False, True, True, True, False, False, True, True, True, False, True, True, False, True, False, False, True, True, True, True, True, False]"
25,0.3736287859125793,"[True, True, True, False, False, True, True, True, True, True, True, True, True, True, True, True, False, True, True, True, False, True, False, False, False, True, True, False, True, True, False, True, True, False, True, True, True, True, False, True]"
25,0.9996935438107378,"[True, True, True, True, True, True, True, True, True, True, True, True, True, True, False, True, True, True, True, True, True, True, False, True, True, True, False, False, False, True, True, True, True, True, True, False, True, False, False, True]"
25,0.9999558436909314,"[True, True, True, True, True, True, True, True, True, True, True, True, True, True, True, True, True, False, True, True, False, True, False, True, True, True, True, False, True, False, True, False, True, False, True, False, False, False, False, True]"
25,0.7888097434840592,"[True, True, True, True, True, False, False, True, True, True, True, True, True, True, True, True, True, False, False, True, False, True, False, True, True, False, True, True, True, True, False, False, True, True, True, True, False, True, False, True]"
25,0.9999745285649766,"[True, True, True, True, True, True, True, True, True, True, True, True, True, True, True, True, True, True, False, True, False, True, False, True, False, True, False, False, False, False, True, True, True, True, True, True, True, False, False, True]"
25,0.11376549913985284,"[True, True, False, False, True, True, False, True, True, True, True, True, True, True, False, False, True, True, False, True, False, False, False, True, True, False, True, False, False, True, True, True, True, True, True, True, False, False, False, True]"
25,0.8128356732748659,"[True, True, True, True, True, False, True, False, True, False, True, True, True, True, True, True, True, True, True, False, False, True, False, True, False, True, True, True, True, False, True, True, False, False, True, True, False, False, False, False]"
25,0.0563055350112,"[True, False, True, True, True, True, True, True, True, True, True, True, True, True, True, True, False, True, False, False, True, True, False, True, True, False, True, False, True, True, True, True, True, True, True, False, False, True, True, True]"
25,0.9758091450400161,"[True, True, True, True, True, True, True, True, False, True, False, True, True, True, True, True, True, False, True, True, False, True, False, True, True, True, False, False, False, True, True, True, True, True, True, False, True, False, False, True]"
25,0.9975264171185739,"[True, True, True, True, True, True, True, True, True, True, True, False, True, True, True, True, True, True, False, False, False, True, False, True, False, True, True, False, False, False, True, True, True, True, False, True, False, False, False, True]"
25,0.9993504521442812,"[True, True, True, True, True, True, True, True, True, True, True, True, True, False, True, True, True, False, True, True, True, True, False, True, True, True, True, False, True, False, True, True, True, False, True, True, True, True, False, True]"
25,0.9999176686778958,"[True, True, True, True, True, True, True, True, True, True, True, True, True, True, True, True, False, True, True, True, False, True, False, True, True, True, False, True, True, True, False, True, True, False, True, False, False, True, True, True]"
25,0.9901452373818291,"[True, True, True, True, True, True, True, True, True, False, True, True, True, True, True, True, False, False, True, False, False, False, False, False, True, False, True, False, True, False, True, True, True, False, True, False, True, False, True, True]"
25,0.9999721979133483,"[True, True, True, True, True, True, True, True, True, True, True, True, True, True, True, True, True, True, False, True, False, False, False, True, False, True, False, True, True, False, True, False, True, True, True, True, False, False, False, True]"
25,0.9806254173375221,"[True, True, True, True, True, True, True, True, False, True, True, True, True, True, True, True, True, True, True, False, False, True, True, True, True, True, True, False, True, False, True, True, False, False, True, True, True, True, False, False]"
25,0.7279429750259133,"[True, True, True, True, False, True, True, True, True, True, True, True, True, True, True, True, True, False, True, True, False, True, False, True, True, True, True, False, True, False, True, False, True, False, True, False, False, False, False, True]"
25,0.999902647877695,"[True, True, True, True, True, True, True, True, True, True, True, True, True, True, True, True, False, True, False, True, True, True, False, False, True, False, True, False, True, False, False, True, True, False, True, True, True, True, True, True]"
25,0.05626650631507505,"[True, False, True, True, True, True, True, True, True, True, True, True, True, False, True, True, True, True, True, False, False, True, False, True, False, False, True, True, True, False, True, True, False, False, True, True, False, True, False, False]"
25,0.9999606469157407,"[True, True, True, True, True, True, True, True, True, True, True, True, True, True, True, True, True, False, True, True, True, True, False, True, True, True, True, True, True, False, False, True, True, False, True, False, True, True, False, True]"
25,0.999919196153055,"[True, True, True, True, True, True, True, True, True, True, True, True, True, True, True, True, False, True, True, True, True, False, False, False, False, True, True, False, True, True, False, True, True, False, True, True, True, True, True, True]"
25,0.3578501511365139,"[True, True, True, False, False, True, True, False, True, True, True, True, True, True, True, True, True, False, True, True, True, True, False, True, True, True, True, True, True, False, False, True, True, False, True, True, False, True, False, False]"
25,0.9926938230437052,"[True, True, True, True, True, True, True, True, True, True, False, False, True, True, True, True, True, True, True, True, False, True, False, True, True, True, False, False, False, True, True, True, True, True, True, False, True, False, False, True]"
25,0.0561257293199553,"[True, False, True, True, True, True, True, True, True, True, True, False, True, True, True, True, True, False, False, True, False, True, False, True, True, False, True, True, True, True, False, True, False, True, True, True, False, True, False, True]"
25,0.9987738828645333,"[True, True, True, True, True, True, True, True, True, True, True, True, False, True, True, True, True, True, True, True, False, True, False, True, True, True, False, False, False, True, True, True, True, True, True, False, True, False, False, True]"
25,0.9999414349414045,"[True, True, True, True, True, True, True, True, True, True, True, True, True, True, True, True, True, False, False, True, True, True, False, True, True, False, True, True, True, True, False, True, True, True, False, True, False, True, False, True]"
25,0.9999534621853043,"[True, True, True, True, True, True, True, True, True, True, True, True, True, True, True, True, True, False, True, True, False, False, False, True, True, True, True, False, True, False, True, True, True, False, True, True, True, True, False, True]"
25,0.7691064442899621,"[True, True, True, True, True, False, False, True, False, True, False, True, True, True, False, True, True, True, True, False, False, True, False, True, True, True, False, False, False, True, True, True, True, True, True, False, True, False, False, True]"
25,0.5244371262746054,"[True, True, True, False, True, True, True, True, True, True, True, True, True, True, True, True, True, False, True, True, True, False, False, True, True, True, True, True, True, False, False, True, True, False, True, False, True, True, False, True]"
25,0.9899109642198022,"[True, True, True, True, True, True, True, True, True, False, True, True, True, True, False, True, True, False, False, True, False, True, False, False, False, False, False, True, False, False, False, False, False, True, True, True, False, False, False, True]"
25,0.9999817909102209,"[True, True, True, True, True, True, True, True, True, True, True, True, True, True, True, True, True, True, True, False, False, False, False, True, False, True, True, True, False, False, True, True, False, False, True, True, False, False, False, False]"
25,0.9999120429020479,"[True, True, True, True, True, True, True, True, True, True, True, True, True, True, True, True, False, True, True, False, True, True, False, False, False, True, True, False, True, True, False, True, False, False, True, True, False, True, True, True]"
25,0.0009765126663147896,"[False, True, True, True, True, True, True, True, True, True, True, True, True, True, True, True, True, True, False, True, False, True, False, True, False, False, True, True, False, False, False, True, False, False, True, True, False, True, False, False]"
25,0.05557277297647354,"[True, False, True, True, True, True, True, True, True, False, True, True, True, True, True, False, True, True, True, True, False, True, False, True, True, True, False, False, False, True, True, True, True, True, True, False, True, False, False, True]"
25,0.9803101284763251,"[True, True, True, True, True, True, True, True, False, True, True, True, True, True, False, True, True, True, False, False, True, True, False, True, False, True, True, True, True, False, True, False, False, False, True, True, False, True, False, True]"
25,0.7279263583543918,"[True, True, True, True, False, True, True, True, True, True, True, True, True, True, True, True, True, False, False, True, False, False, False, False, True, True, False, True, False, False, False, False, True, True, True, False, False, False, False, True]"
25,0.5243831832093168,"[True, True, True, False, True, True, True, True, True, True, True, True, True, True, True, True, False, False, False, True, True, False, False, False, False, False, True, False, True, True, True, True, False, True, True, True, False, False, True, True]"
25,0.999933450718689,"[True, True, True, True, True, True, True, True, True, True, True, True, True, True, True, True, True, False, False, True, False, False, False, False, False, True, False, True, True, False, False, False, False, True, True, True, False, False, False, True]"
25,0.05557733464514963,"[True, False, True, True, True, True, True, True, True, False, True, True, True, True, True, True, False, True, False, True, True, True, False, False, True, True, True, False, True, True, False, True, False, False, True, True, True, True, True, True]"
25,0.9999936762103848,"[True, True, True, True, True, True, True, True, True, True, True, True, True, True, True, True, True, True, True, True, False, True, False, True, False, True, True, False, False, False, True, True, True, True, True, True, False, False, False, True]"
25,0.9999746029963191,"[True, True, True, True, True, True, True, True, True, True, True, True, True, True, True, True, True, True, False, True, False, True, False, True, False, True, True, False, False, False, True, True, True, True, True, True, False, False, False, True]"
25,0.9615743956989743,"[True, True, True, True, True, True, True, False, True, True, True, True, True, True, True, True, True, False, True, True, False, True, False, True, True, True, True, False, False, False, True, False, True, False, True, False, False, True, False, True]"
25,0.0009764016399957663,"[False, True, True, True, True, True, True, True, True, True, True, True, True, True, True, True, False, True, True, True, False, True, False, True, True, True, False, False, True, True, True, True, True, True, True, False, False, False, True, True]"
25,0.0002561085298858321,"[False, True, True, False, True, True, True, True, True, True, True, True, False, True, True, True, False, False, False, False, True, False, True, True, True, False, True, False, True, True, False, True, True, True, True, True, False, False, True, True]"
25,0.9902342333045809,"[True, True, True, True, True, True, True, True, True, False, True, True, True, True, True, True, True, False, True, True, False, True, True, True, False, True, False, False, True, True, True, True, True, True, False, False, True, False, False, True]"
25,0.9734609107879876,"[True, True, True, True, True, True, True, True, False, True, False, False, True, True, True, True, True, True, True, True, False, True, False, True, True, True, True, False, True, True, True, True, True, True, True, True, False, False, False, True]"
25,0.2515504126580014,"[True, True, False, True, True, True, True, False, True, True, True, True, True, True, True, True, True, False, True, False, True, True, True, True, False, True, True, False, True, True, False, True, True, False, True, False, False, True, False, False]"
step,fitness,genome
26,0.44329110354200374,"[True, True, True, False, True, False, True, True, True, True, True, True, True, True, True, True, True, False, False, True, False, False, False, False, False, True, False, True, False, False, False, False, False, True, True, True, True, False, False, True]"
26,0.9999558436909314,"[True, True, True, True, True, True, True, True, True, True, True, True, True, True, True, True, True, False, True, True, False, True, False, True, True, True, True, False, True, False, True, False, True, False, True, False, False, False, False, True]"
26,0.5244384599539486,"[True, True, True, False, True, True, True, True, True, True, True, True, True, True, True, True, True, False, True, True, True, True, False, True, True, True, True, True, True, False, False, True, True, False, True, False, False, True, False, True]"
26,0.7888078177274179,"[True, True, True, True, True, False, False, True, True, True, True, True, True, True, True, True, True, False, False, True, False, False, False, True, True, False, True, True, True, True, False, False, True, True, True, True, True, True, False, True]"
26,0.999934283075075,"[True, True, True, True, True, True, True, True, True, True, True, True, True, True, True, True, True, False, False, True, False, False, False, True, True, False, True, True, True, True, False, True, True, True, True, True, False, True, False, True]"
26,0.9902333905854495,"[True, True, True, True, True, True, True, True, True, False, True, True, True, True, True, True, True, False, True, True, False, True, False, True, True, True, True, False, False, False, True, False, True, False, True, False, False, False, False, True]"
26,0.9993835050396379,"[True, True, True, True, True, True, True, True, True, True, True, True, True, False, True, True, True, True, True, True, False, True, False, True, False, True, True, False, False, True, True, True, True, True, True, True, False, False, False, True]"
26,0.9999746403211291,"[True, True, True, True, True, True, True, True, True, True, True, True, True, True, True, True, True, True, False, True, False, True, False, True, False, True, True, True, False, False, True, True, True, True, True, True, True, False, False, True]"
26,0.9974806477415274,"[True, True, True, True, True, True, True, True, True, True, True, False, True, True, True, True, False, True, True, True, True, False, False, False, False, True, True, False, True, True, False, True, True, False, True, True, True, True, True, True]"
26,0.9987569586964297,"[True, True, True, True, True, True, True, True, True, True, True, True, False, True, True, True, True, True, False, True, True, False, False, True, False, True, False, True, True, False, True, False, True, True, True, True, False, False, True, True]"
26,0.9999746770093086,"[True, True, True, True, True, True, True, True, True, True, True, True, True, True, True, True, True, True, False, True, False, True, False, True, True, False, False, False, False, False, True, True, True, False, True, True, True, False, True, True]"
26,0.0009117400998913677,"[False, True, True, True, True, True, True, True, False, False, False, True, True, True, True, True, True, False, True, True, False, True, False, True, False, True, False, False, False, True, True, True, True, True, True, False, True, False, False, True]"
26,0.2630583265677495,"[True, True, False, True, True, True, True, True, True, True, True, True, True, True, True, True, True, False, False, True, True, True, True, True, True, False, True, True, True, True, False, True, True, True, False, True, False, False, False, True]"
26,0.8542400240549851,"[True, True, True, True, True, False, True, True, True, True, True, True, True, True, True, True, True, False, False, True, True, True, False, True, True, False, True, True, True, True, False, True, True, True, False, True, False, True, True, True]"
26,0.05612608355458398,"[True, False, True, True, True, True, True, True, True, True, True, False, True, True, True, True, True, False, False, True, True, True, False, True, True, False, True, False, True, True, False, True, True, True, False, True, False, True, False, True]"
26,0.9999653246549558,"[True, True, True, True, True, True, True, True, True, True, True, True, True, True, True, True, True, True, False, False, False, True, False, True, True, True, False, True, False, False, True, False, True, True, False, True, False, False, False, True]"
26,0.056306205512083964,"[True, False, True, True, True, True, True, True, True, True, True, True, True, True, True, True, False, True, False, True, True, True, False, False, True, False, True, False, True, False, True, True, True, False, True, True, True, True, True, True]"
26,0.9996125069264286,"[True, True, True, True, True, True, True, True, True, True, True, True, True, True, False, True, False, True, True, True, False, True, False, True, True, True, False, False, False, True, True, True, True, True, True, True, False, True, True, False]"
26,0.9948240504302255,"[True, True, True, True, True, True, True, True, True, True, False, True, True, True, False, True, True, True, True, True, True, True, True, True, True, True, True, False, False, True, True, True, True, False, True, False, True, False, False, True]"
26,0.9999817909102209,"[True, True, True, True, True, True, True, True, True, True, True, True, True, True, True, True, True, True, True, False, False, False, False, True, False, True, True, True, False, False, True, True, False, False, True, True, False, False, False, False]"
26,0.9973361232641698,"[True, True, True, True, True, True, True, True, True, True, True, False, True, True, True, False, True, False, False, False, False, True, False, True, False, True, True, False, False, False, True, True, True, True, False, True, False, False, False, True]"
26,0.2626840536532034,"[True, True, False, True, True, True, True, True, True, True, True, True, False, True, True, True, False, True, True, True, False, True, False, True, True, True, False, False, False, True, False, True, True, True, True, True, True, False, False, True]"
26,0.9938879052045355,"[True, True, True, True, True, True, True, True, True, True, False, True, False, True, True, True, True, True, False, True, False, True, False, True, False, True, False, False, True, False, True, False, True, True, True, True, False, False, False, True]"
26,0.7133832118539276,"[True, True, True, True, False, True, True, True, False, True, True, True, True, True, True, True, True, False, False, True, False, False, False, True, True, True, False, True, False, True, True, True, True, False, True, False, True, False, False, True]"
26,0.8542206592586365,"[True, True, True, True, True, False, True, True, True, True, True, True, True, True, True, True, False, True, True, True, True, False, False, False, False, True, False, False, True, True, False, True, True, False, True, False, False, True, True, True]"
26,0.9734608380641534,"[True, True, True, True, True, True, True, True, False, True, False, False, True, True, True, True, True, True, True, True, False, True, False, True, True, True, False, False, True, True, True, True, True, True, True, True, False, False, False, True]"
26,0.7278779221646877,"[True, True, True, True, False, True, True, True, True, True, True, True, True, True, True, True, False, False, True, False, False, True, False, False, True, False, True, False, True, False, True, False, True, False, True, False, False, False, False, True]"
26,0.956907811451877,"[True, True, True, True, True, True, True, False, True, True, False, True, True, True, True, True, True, True, True, True, False, True, False, True, True, True, False, True, True, True, False, True, True, False, True, False, False, True, True, True]"
26,0.9999367709080343,"[True, True, True, True, True, True, True, True, True, True, True, True, True, True, True, True, True, False, False, True, False, True, False, True, True, True, True, False, True, False, True, False, True, False, False, False, True, False, False, True]"
26,0.8542496465851003,"[True, True, True, True, True, False, True, True, True, True, True, True, True, True, True, True, True, False, True, True, False, False, False, False, False, True, False, True, True, False, False, False, False, False, True, True, True, False, True, True]"
26,0.9950838592952951,"[True, True, True, True, True, True, True, True, True, True, False, True, True, True, True, True, True, False, True, True, False, True, False, True, True, True, False, False, False, True, True, True, True, True, True, False, True, True, False, True]"
26,0.3656688363957255,"[True, True, True, False, False, True, True, True, False, True, True, True, True, True, True, True, True, False, True, True, False, False, False, True, True, True, True, False, True, False, True, True, True, False, True, True, True, False, False, True]"
26,0.9999224367063798,"[True, True, True, True, True, True, True, True, True, True, True, True, True, True, True, True, False, True, True, True, True, True, False, True, True, True, False, True, True, True, False, True, True, False, True, False, False, True, True, True]"
26,0.7277954144936901,"[True, True, True, True, False, True, True, True, True, True, True, True, True, True, True, False, False, True, True, False, True, True, False, False, False, True, True, False, True, True, False, True, False, False, True, True, False, True, True, True]"
26,0.9999415839451723,"[True, True, True, True, True, True, True, True, True, True, True, True, True, True, True, True, True, False, False, True, True, True, False, True, True, True, True, True, True, True, False, True, True, True, False, True, False, True, False, True]"
26,0.9017034106314726,"[True, True, True, True, True, True, False, True, False, True, False, True, True, True, False, True, False, True, True, False, False, True, False, True, True, True, False, False, False, False, True, True, True, True, True, False, True, False, False, True]"
26,0.9993074980833472,"[True, True, True, True, True, True, True, True, True, True, True, True, True, False, True, True, False, True, True, True, False, True, False, True, True, True, False, False, True, True, True, True, True, True, True, True, False, True, True, False]"
26,0.8542855636548811,"[True, True, True, True, True, False, True, True, True, True, True, True, True, True, True, True, True, True, True, True, False, True, False, True, True, True, False, False, False, True, True, True, True, True, True, False, True, False, False, True]"
26,0.4386258717615407,"[True, True, True, False, True, False, True, True, True, False, True, True, True, True, True, True, True, False, True, False, True, True, False, True, True, True, False, False, False, False, True, True, False, False, True, True, False, False, False, False]"
26,0.000938918994162573,"[False, True, True, True, True, True, True, True, False, True, True, True, True, True, True, True, False, True, True, True, False, False, False, True, False, True, True, True, True, True, False, True, True, False, True, False, False, True, False, True]"
26,0.9996171339950103,"[True, True, True, True, True, True, True, True, True, True, True, True, True, True, False, True, False, True, True, True, True, True, False, True, True, False, False, False, True, False, True, True, True, True, True, True, False, True, True, False]"
26,0.9614868253177761,"[True, True, True, True, True, True, True, False, True, True, True, True, True, True, True, True, False, False, False, True, True, True, False, True, True, False, True, False, True, True, True, True, True, True, False, True, False, True, False, True]"
26,0.9999606469157407,"[True, True, True, True, True, True, True, True, True, True, True, True, True, True, True, True, True, False, True, True, True, True, False, True, True, True, True, True, True, False, False, True, True, False, True, False, True, True, False, True]"
26,0.9993834945680725,"[True, True, True, True, True, True, True, True, True, True, True, True, True, False, True, True, True, True, True, True, False, True, False, True, False, True, True, False, False, False, True, True, False, True, True, True, False, False, False, True]"
26,0.9999206860162979,"[True, True, True, True, True, True, True, True, True, True, True, True, True, True, True, True, False, True, True, True, True, False, True, False, True, True, True, False, True, True, False, True, True, False, True, False, True, True, True, True]"
26,0.9998842094412153,"[True, True, True, True, True, True, True, True, True, True, True, True, True, True, True, True, False, False, True, True, True, True, False, True, True, False, True, True, True, False, False, True, True, False, True, True, True, True, False, True]"
26,0.9154840133562945,"[True, True, True, True, True, True, False, True, True, False, True, True, True, True, True, True, True, True, False, True, True, False, False, True, False, True, False, True, True, False, True, True, True, True, True, True, False, False, False, True]"
26,0.8542329656175466,"[True, True, True, True, True, False, True, True, True, True, True, True, True, True, True, True, True, False, False, True, False, False, False, False, False, False, False, True, True, False, False, False, False, True, True, True, False, False, False, True]"
26,0.0009390700207013696,"[False, True, True, True, True, True, True, True, False, True, True, True, True, True, True, True, True, True, True, True, False, True, True, True, True, True, True, False, False, False, True, False, False, False, True, True, True, True, False, False]"
26,0.5135759329885965,"[True, True, True, False, True, True, True, True, False, True, True, True, True, True, True, True, False, True, False, False, True, False, False, False, False, False, True, False, True, True, True, True, False, True, True, True, False, False, True, True]"
step,fitness,genome
27,0.9245234170194035,"[True, True, True, True, True, True, False, True, True, True, True, True, True, True, True, True, True, False, True, True, False, True, False, False, True, True, True, False, False, False, True, False, True, False, True, False, False, False, True, True]"
27,0.9999206860162979,"[True, True, True, True, True, True, True, True, True, True, True, True, True, True, True, True, False, True, True, True, True, False, True, False, True, True, True, False, True, True, False, True, True, False, True, False, True, True, True, True]"
27,0.6973258697383444,"[True, True, True, True, False, True, True, False, True, True, True, False, True, True, True, True, False, True, True, True, True, True, False, True, False, True, True, False, True, True, False, True, True, True, True, True, True, True, False, True]"
27,0.9993545634824387,"[True, True, True, True, True, True, True, True, True, True, True, True, True, False, True, True, True, True, False, False, False, True, False, False, True, True, False, True, False, False, True, False, True, False, False, True, False, False, True, True]"
27,0.7242944235098522,"[True, True, True, True, False, True, True, True, True, True, False, True, True, True, True, True, True, True, False, True, False, False, False, True, False, True, False, True, False, False, True, True, True, True, True, True, True, False, False, True]"
27,0.998757256386263,"[True, True, True, True, True, True, True, True, True, True, True, True, False, True, True, True, True, True, False, True, True, False, False, True, True, True, False, True, True, False, True, False, True, True, True, True, False, False, True, True]"
27,0.8542855636548811,"[True, True, True, True, True, False, True, True, True, True, True, True, True, True, True, True, True, True, True, True, False, True, False, True, True, True, False, False, False, True, True, True, True, True, True, False, True, False, False, True]"
27,0.9969461233245881,"[True, True, True, True, True, True, True, True, True, True, True, False, True, False, True, True, True, True, True, True, False, True, False, True, False, True, True, False, False, False, True, True, True, True, True, True, False, True, False, True]"
27,0.9614868163279947,"[True, True, True, True, True, True, True, False, True, True, True, True, True, True, True, True, False, False, False, True, True, True, False, True, True, False, True, False, True, False, True, True, True, True, False, True, False, True, False, True]"
27,0.7279165554858203,"[True, True, True, True, False, True, True, True, True, True, True, True, True, True, True, True, False, True, True, True, True, False, True, False, True, True, True, False, True, True, False, True, True, False, True, False, True, False, True, True]"
27,0.9975433087070062,"[True, True, True, True, True, True, True, True, True, True, True, False, True, True, True, True, True, True, True, False, False, False, False, True, True, True, False, False, True, False, True, False, True, True, False, True, False, True, False, True]"
27,0.7098181922074087,"[True, True, True, True, False, True, True, True, False, True, False, True, True, True, True, True, True, True, False, True, False, True, False, True, True, True, False, True, False, True, True, True, True, True, True, False, False, False, False, True]"
27,0.9999817909102209,"[True, True, True, True, True, True, True, True, True, True, True, True, True, True, True, True, True, True, True, False, False, False, False, True, False, True, True, True, False, False, True, True, False, False, True, True, False, False, False, False]"
27,0.9974806477415274,"[True, True, True, True, True, True, True, True, True, True, True, False, True, True, True, True, False, True, True, True, True, False, False, False, False, True, True, False, True, True, False, True, True, False, True, True, True, True, True, True]"
27,0.8541426510356596,"[True, True, True, True, True, False, True, True, True, True, True, True, True, True, True, False, True, True, True, False, False, False, False, True, False, True, True, True, True, False, True, True, False, False, True, True, False, False, False, False]"
27,0.9981474574434481,"[True, True, True, True, True, True, True, True, True, True, True, True, False, False, True, True, True, True, False, True, True, False, False, True, False, True, False, True, True, False, True, False, True, True, True, True, False, False, True, True]"
27,0.9154842886116994,"[True, True, True, True, True, True, False, True, True, False, True, True, True, True, True, True, True, True, False, True, True, False, False, True, True, True, False, True, True, False, True, True, True, True, True, True, False, False, False, True]"
27,0.262701875986016,"[True, True, False, True, True, True, True, True, True, True, True, True, False, True, True, True, True, True, False, True, True, False, False, True, False, True, False, True, True, False, True, False, True, True, True, True, False, True, True, True]"
27,0.9999159179953271,"[True, True, True, True, True, True, True, True, True, True, True, True, True, True, True, True, False, True, True, True, False, False, True, False, True, True, True, False, True, True, False, True, True, False, True, False, True, True, True, True]"
27,0.9615790505499887,"[True, True, True, True, True, True, True, False, True, True, True, True, True, True, True, True, True, False, True, True, True, True, False, True, True, True, True, True, True, False, False, True, True, False, True, False, False, True, False, True]"
27,0.054685190676014954,"[True, False, True, True, True, True, True, True, False, True, True, False, True, True, True, True, True, True, True, True, True, True, False, True, True, True, False, False, True, True, True, True, True, False, True, True, False, False, False, True]"
27,0.9999557675510635,"[True, True, True, True, True, True, True, True, True, True, True, True, True, True, True, True, True, False, True, True, False, True, False, True, True, True, False, False, True, False, False, True, True, True, True, False, True, True, False, True]"
27,0.9998080725781686,"[True, True, True, True, True, True, True, True, True, True, True, True, True, True, True, False, True, False, True, True, True, True, False, True, True, True, True, True, True, False, False, False, True, False, True, False, True, True, False, True]"
27,0.9999746403211291,"[True, True, True, True, True, True, True, True, True, True, True, True, True, True, True, True, True, True, False, True, False, True, False, True, False, True, True, True, False, False, True, True, True, True, True, True, True, False, False, True]"
27,0.9999605049122766,"[True, True, True, True, True, True, True, True, True, True, True, True, True, True, True, True, True, False, True, True, True, True, False, True, True, False, True, True, True, True, False, False, True, False, True, False, True, True, True, True]"
27,0.999884190816705,"[True, True, True, True, True, True, True, True, True, True, True, True, True, True, True, True, False, False, True, True, True, True, False, True, True, False, True, True, False, False, False, True, True, False, True, True, True, True, False, True]"
27,0.9993835021308697,"[True, True, True, True, True, True, True, True, True, True, True, True, True, False, True, True, True, True, True, True, False, True, False, True, False, True, True, False, False, True, True, False, True, False, True, True, False, False, False, True]"
27,0.5244391062809578,"[True, True, True, False, True, True, True, True, True, True, True, True, True, True, True, True, True, False, True, True, True, True, True, True, True, True, True, False, True, False, False, True, True, True, True, False, False, False, False, True]"
27,0.055763407695992605,"[True, False, True, True, True, True, True, True, True, True, False, False, True, True, True, True, True, True, False, False, False, True, False, True, True, True, False, True, False, False, True, False, True, True, False, True, False, True, False, True]"
27,0.0002569046485963864,"[False, True, True, False, True, True, True, True, True, True, True, True, True, True, True, True, True, True, True, True, False, False, False, True, False, True, True, True, False, False, True, False, False, True, True, False, False, False, False, False]"
27,0.9999343867877212,"[True, True, True, True, True, True, True, True, True, True, True, True, True, True, True, True, True, False, False, True, False, False, False, True, True, True, True, False, True, False, True, False, True, False, False, False, False, False, False, True]"
27,0.8457899564488545,"[True, True, True, True, True, False, True, True, True, False, True, True, True, True, True, True, True, False, False, False, False, True, False, False, False, False, False, True, True, False, False, False, False, True, True, True, True, False, False, True]"
27,0.9999558436818368,"[True, True, True, True, True, True, True, True, True, True, True, True, True, True, True, True, True, False, True, True, False, True, False, True, True, True, True, False, True, False, True, False, True, False, True, False, False, False, False, False]"
27,0.9967199974852848,"[True, True, True, True, True, True, True, True, True, True, True, False, True, False, True, False, False, True, True, True, True, False, False, False, True, True, True, False, True, True, False, True, True, True, True, True, True, True, True, True]"
27,0.961583566488478,"[True, True, True, True, True, True, True, False, True, True, True, True, True, True, True, True, True, True, False, False, False, True, False, True, True, True, False, True, False, False, True, False, True, True, False, True, False, True, False, True]"
27,0.9614868612769025,"[True, True, True, True, True, True, True, False, True, True, True, True, True, True, True, True, False, False, False, True, True, True, False, True, True, False, True, True, True, True, True, True, True, True, False, True, False, True, False, True]"
27,0.9999342824930328,"[True, True, True, True, True, True, True, True, True, True, True, True, True, True, True, True, True, False, False, True, False, False, False, True, True, False, True, True, True, True, False, True, True, False, True, True, False, True, False, True]"
27,0.9245436745387187,"[True, True, True, True, True, True, False, True, True, True, True, True, True, True, True, True, True, True, False, True, True, False, False, True, False, True, False, True, True, False, True, True, True, True, False, True, False, False, False, True]"
27,0.9612979220798167,"[True, True, True, True, True, True, True, False, True, True, True, True, True, True, False, True, True, True, False, True, False, True, False, True, False, True, False, True, False, False, True, True, True, True, True, True, True, False, False, True]"
27,0.5215647088732156,"[True, True, True, False, True, True, True, True, True, True, False, True, True, True, False, True, True, True, True, True, True, True, False, True, True, True, True, False, False, True, True, True, True, False, True, False, True, False, False, True]"
27,0.9999606118832461,"[True, True, True, True, True, True, True, True, True, True, True, True, True, True, True, True, True, False, True, True, True, True, False, True, True, True, True, False, True, False, True, False, True, False, True, False, False, False, False, True]"
27,0.9999111499584417,"[True, True, True, True, True, True, True, True, True, True, True, True, True, True, True, True, False, True, True, False, True, False, True, False, True, True, True, False, True, True, False, True, True, False, True, False, True, False, True, True]"
27,0.23780724526715113,"[True, True, False, True, True, True, False, True, True, False, True, True, True, True, True, True, True, True, False, True, True, False, False, True, False, True, False, True, True, False, False, True, True, True, True, True, True, False, False, True]"
27,0.9993811117077561,"[True, True, True, True, True, True, True, True, True, True, True, True, True, False, True, True, True, True, True, True, False, False, False, True, False, True, True, False, False, False, True, True, False, True, True, True, False, False, False, True]"
27,0.5215514062201178,"[True, True, True, False, True, True, True, True, True, True, False, True, True, True, False, True, True, True, False, True, False, True, False, True, True, True, False, False, True, True, True, True, False, True, True, True, False, False, True, False]"
27,0.9987569400908177,"[True, True, True, True, True, True, True, True, True, True, True, True, False, True, True, True, True, True, False, True, True, False, False, True, False, True, False, True, False, False, True, False, True, True, True, True, False, False, True, True]"
27,0.9999999434476209,"[True, True, True, True, True, True, True, True, True, True, True, True, True, True, True, True, True, True, True, True, True, True, True, True, True, True, True, False, False, True, True, True, True, False, True, True, False, True, False, True]"
27,0.7240288290235803,"[True, True, True, True, False, True, True, True, True, True, False, True, True, True, False, True, False, True, True, True, True, True, False, True, True, False, False, False, True, False, True, True, True, True, True, False, True, False, True, False]"
27,0.9993838028884499,"[True, True, True, True, True, True, True, True, True, True, True, True, True, False, True, True, True, True, True, True, False, True, False, True, True, True, True, False, False, True, True, True, True, True, True, True, False, False, False, False]"
27,0.9973364391546249,"[True, True, True, True, True, True, True, True, True, True, True, False, True, True, True, False, True, False, False, False, False, True, False, True, True, True, True, False, True, False, True, True, True, True, False, True, False, False, False, True]"
step,fitness,genome
28,0.9999746403393187,"[True, True, True, True, True, True, True, True, True, True, True, True, True, True, True, True, True, True, False, True, False, True, False, True, False, True, True, True, False, False, True, True, True, True, True, True, True, False, True, True]"
28,0.9616016872049676,"[True, True, True, True, True, True, True, False, True, True, True, True, True, True, True, True, True, True, True, False, False, True, False, True, False, True, False, True, False, False, False, False, True, True, False, True, False, True, True, True]"
28,0.9242593084175247,"[True, True, True, True, True, True, False, True, True, True, True, True, True, True, False, True, True, True, False, True, True, False, False, True, False, True, False, False, True, False, True, True, True, True, False, False, False, False, False, True]"
28,0.9999999347164722,"[True, True, True, True, True, True, True, True, True, True, True, True, True, True, True, True, True, True, True, True, True, True, True, True, True, True, True, False, False, False, True, True, True, True, True, True, False, True, False, True]"
28,0.9999818048798307,"[True, True, True, True, True, True, True, True, True, True, True, True, True, True, True, True, True, True, True, False, False, False, False, True, False, True, True, True, True, False, False, True, False, False, True, True, False, False, False, False]"
28,0.9999746397390659,"[True, True, True, True, True, True, True, True, True, True, True, True, True, True, True, True, True, True, False, True, False, True, False, True, False, True, True, True, False, False, True, True, True, False, True, True, True, False, False, True]"
28,0.05631292975286016,"[True, False, True, True, True, True, True, True, True, True, True, True, True, True, True, True, True, True, True, True, False, False, True, False, True, True, True, False, True, True, False, True, True, True, True, False, True, True, True, True]"
28,0.9999111473393063,"[True, True, True, True, True, True, True, True, True, True, True, True, True, True, True, True, False, True, True, False, True, False, True, False, True, True, True, False, True, True, False, False, True, False, False, False, True, False, True, True]"
28,0.5244499548430294,"[True, True, True, False, True, True, True, True, True, True, True, True, True, True, True, True, True, True, True, False, False, False, False, False, False, True, True, True, False, False, True, True, False, False, False, True, False, False, False, False]"
28,0.9998842140973428,"[True, True, True, True, True, True, True, True, True, True, True, True, True, True, True, True, False, False, True, True, True, True, False, True, True, False, True, True, True, False, True, True, True, False, True, True, True, True, False, True]"
28,0.0009028325329195662,"[False, True, True, True, True, True, True, False, True, True, True, True, True, True, True, True, True, True, False, False, False, True, False, True, True, True, False, True, False, False, True, False, True, True, False, True, True, True, False, True]"
28,0.9990788446389871,"[True, True, True, True, True, True, True, True, True, True, True, True, True, False, False, True, True, True, True, True, False, True, False, True, True, True, True, False, True, False, True, False, True, False, True, True, False, False, False, False]"
28,0.9999555456704966,"[True, True, True, True, True, True, True, True, True, True, True, True, True, True, True, True, True, False, True, True, False, True, False, True, False, True, True, False, True, False, True, False, True, False, True, False, False, False, False, False]"
28,0.9999558433908101,"[True, True, True, True, True, True, True, True, True, True, True, True, True, True, True, True, True, False, True, True, False, True, False, True, True, True, True, False, True, False, True, False, True, False, False, False, False, False, False, False]"
28,0.9615881696832992,"[True, True, True, True, True, True, True, False, True, True, True, True, True, True, True, True, True, True, False, False, True, True, False, True, True, True, False, True, False, False, True, False, True, True, False, True, False, True, False, True]"
28,0.9950495296536098,"[True, True, True, True, True, True, True, True, True, True, False, True, True, True, True, True, False, True, True, True, True, False, True, True, True, True, True, False, True, True, False, True, True, False, True, False, True, True, True, True]"
28,0.9999110801148362,"[True, True, True, True, True, True, True, True, True, True, True, True, True, True, True, True, False, True, True, False, True, False, True, False, True, True, False, False, True, True, True, True, True, False, True, False, True, False, True, True]"
28,0.5236800261025348,"[True, True, True, False, True, True, True, True, True, True, True, True, False, True, True, False, True, True, False, True, True, False, False, True, True, True, False, True, True, False, True, False, True, False, True, True, False, False, True, True]"
28,0.9998825686121487,"[True, True, True, True, True, True, True, True, True, True, True, True, True, True, True, True, False, False, True, True, True, False, True, False, True, True, True, True, True, False, False, False, True, True, True, False, True, True, True, True]"
28,0.9996694847516413,"[True, True, True, True, True, True, True, True, True, True, True, True, True, True, False, True, True, True, False, True, False, True, False, True, False, True, True, False, False, True, True, True, True, False, True, False, True, False, False, True]"
28,0.7279268510630305,"[True, True, True, True, False, True, True, True, True, True, True, True, True, True, True, True, True, False, False, True, False, False, False, True, True, True, True, False, True, False, True, False, True, False, False, False, False, False, False, True]"
28,0.9996852662674217,"[True, True, True, True, True, True, True, True, True, True, True, True, True, True, False, True, True, True, True, False, True, True, True, True, True, True, True, False, False, False, True, True, True, False, True, True, True, True, False, True]"
28,0.9981474574434481,"[True, True, True, True, True, True, True, True, True, True, True, True, False, False, True, True, True, True, False, True, True, False, False, True, False, True, False, True, True, False, True, False, True, True, True, True, False, False, True, True]"
28,0.05626725201966298,"[True, False, True, True, True, True, True, True, True, True, True, True, True, False, True, True, True, True, True, True, False, True, False, True, True, True, True, False, False, True, True, True, True, True, True, True, False, False, False, False]"
28,0.8453232118462779,"[True, True, True, True, True, False, True, True, True, False, True, True, True, False, True, True, True, True, True, True, False, True, False, True, False, True, True, False, False, True, True, True, True, False, True, True, False, True, False, True]"
28,0.9064549867468937,"[True, True, True, True, True, True, False, True, False, True, True, True, True, True, True, True, False, True, True, True, True, True, True, False, True, True, True, False, True, True, False, True, True, False, True, False, True, True, True, True]"
28,0.9999223856145355,"[True, True, True, True, True, True, True, True, True, True, True, True, True, True, True, True, False, True, True, True, True, True, False, True, True, True, False, False, False, True, True, True, True, False, True, True, False, True, False, True]"
28,0.9993542656142006,"[True, True, True, True, True, True, True, True, True, True, True, True, True, False, True, True, True, True, False, False, False, True, False, False, False, True, False, True, False, False, True, False, True, False, False, True, False, False, False, True]"
28,0.9999817909102209,"[True, True, True, True, True, True, True, True, True, True, True, True, True, True, True, True, True, True, True, False, False, False, False, True, False, True, True, True, False, False, True, True, False, False, True, True, False, False, False, False]"
28,0.994759393155581,"[True, True, True, True, True, True, True, True, True, True, False, True, True, True, False, True, True, False, False, True, False, False, True, False, True, True, True, False, True, False, True, False, True, True, False, False, False, False, False, True]"
28,0.9975433087070062,"[True, True, True, True, True, True, True, True, True, True, True, False, True, True, True, True, True, True, True, False, False, False, False, True, True, True, False, False, True, False, True, False, True, True, False, True, False, True, False, True]"
28,0.05071276594944631,"[True, False, True, True, True, True, False, True, True, True, True, True, True, True, True, True, True, True, False, False, True, False, False, True, False, True, False, True, True, False, True, True, True, False, False, True, False, False, False, True]"
28,0.05626704994697732,"[True, False, True, True, True, True, True, True, True, True, True, True, True, False, True, True, True, True, True, True, False, False, False, True, False, True, True, False, False, False, True, True, False, False, True, True, False, False, False, True]"
28,0.0009764524348479364,"[False, True, True, True, True, True, True, True, True, True, True, True, True, True, True, True, True, False, True, False, False, False, False, True, False, True, True, True, False, False, True, True, False, False, True, True, False, False, False, False]"
28,0.9998746548174627,"[True, True, True, True, True, True, True, True, True, True, True, True, True, True, True, True, False, False, True, False, True, True, False, True, True, False, True, True, False, False, False, True, True, False, False, True, True, True, False, True]"
28,0.2630557952790746,"[True, True, False, True, True, True, True, True, True, True, True, True, True, True, True, True, True, False, False, True, False, False, False, True, True, False, False, True, True, True, False, True, True, False, False, True, False, True, False, True]"
28,0.4247217537920839,"[True, True, True, False, True, False, True, False, True, True, True, True, True, True, False, True, True, False, False, True, False, True, False, True, False, True, False, True, False, False, True, True, True, True, True, True, True, False, False, True]"
28,0.9969437444980286,"[True, True, True, True, True, True, True, True, True, True, True, False, True, False, True, True, True, True, True, True, False, False, False, True, False, True, True, False, False, False, True, True, False, True, True, True, False, False, False, True]"
28,0.9999557663869567,"[True, True, True, True, True, True, True, True, True, True, True, True, True, True, True, True, True, False, True, True, False, True, False, True, True, True, False, False, True, False, False, True, False, True, True, False, True, True, False, True]"
28,0.18286411383793463,"[True, True, False, True, False, True, True, True, True, True, True, True, True, True, True, True, True, True, True, False, False, False, False, True, False, True, True, True, False, False, True, True, False, False, True, True, False, False, False, False]"
28,0.44261777815098585,"[True, True, True, False, True, False, True, True, True, True, True, True, False, True, True, False, False, True, True, False, False, False, False, True, False, True, True, True, True, False, True, True, False, False, True, True, False, False, False, False]"
28,0.9969464193676596,"[True, True, True, True, True, True, True, True, True, True, True, False, True, False, True, True, True, True, True, True, False, True, False, True, True, True, True, False, False, False, True, True, False, True, True, True, False, True, False, True]"
28,0.9999729887904327,"[True, True, True, True, True, True, True, True, True, True, True, True, True, True, True, True, True, True, False, True, False, False, True, False, True, False, True, False, True, True, True, False, True, False, True, False, False, False, False, True]"
28,0.9998819740838932,"[True, True, True, True, True, True, True, True, True, True, True, True, True, True, True, True, False, False, True, True, True, False, False, True, True, True, True, True, True, False, False, True, True, False, False, False, True, True, True, True]"
28,0.9999793618560452,"[True, True, True, True, True, True, True, True, True, True, True, True, True, True, True, True, True, True, False, True, True, True, False, True, False, True, False, True, True, True, True, True, True, True, True, False, False, True, True, False]"
28,0.9981286716613041,"[True, True, True, True, True, True, True, True, True, True, True, True, False, False, True, True, True, False, True, True, True, False, False, True, True, True, False, False, True, False, False, False, True, True, True, True, True, False, False, True]"
28,0.9999581208046964,"[True, True, True, True, True, True, True, True, True, True, True, True, True, True, True, True, True, False, True, True, True, False, False, True, True, False, True, True, True, True, False, False, True, False, True, False, True, True, True, False]"
28,0.05071462195467021,"[True, False, True, True, True, True, False, True, True, True, True, True, True, True, True, True, True, True, True, True, False, True, True, False, True, True, True, False, True, True, False, True, True, False, True, False, True, True, True, True]"
28,0.9998842162980907,"[True, True, True, True, True, True, True, True, True, True, True, True, True, True, True, True, False, False, True, True, True, True, False, True, True, False, True, True, True, True, False, False, True, False, True, False, True, True, True, True]"
28,0.9987239520774078,"[True, True, True, True, True, True, True, True, True, True, True, True, False, True, True, True, True, False, True, False, False, False, False, True, True, True, True, False, True, False, True, False, True, False, True, False, False, False, False, False]"
step,fitness,genome
29,0.009094431046174294,"[True, False, False, True, True, True, True, True, True, True, True, True, True, True, True, True, True, True, False, False, False, True, False, False, True, False, False, False, False, False, True, False, True, True, False, True, False, False, False, True]"
29,0.999324865094277,"[True, True, True, True, True, True, True, True, True, True, True, True, True, False, True, True, True, False, False, True, False, False, True, False, True, True, True, True, False, True, True, True, True, False, True, False, False, False, False, True]"
29,0.9805211005398152,"[True, True, True, True, True, True, True, True, False, True, True, True, True, True, True, True, False, False, True, True, False, True, False, True, True, True, False, False, True, False, False, True, False, True, True, False, True, True, False, True]"
29,0.9951218415734809,"[True, True, True, True, True, True, True, True, True, True, False, True, True, True, True, True, True, True, True, True, False, True, False, True, True, True, False, False, True, False, False, True, False, True, True, False, True, True, False, True]"
29,0.0007095628380436863,"[False, True, True, True, True, False, True, True, True, True, True, True, True, False, False, True, True, True, True, True, False, True, False, True, True, True, True, False, True, False, True, False, True, False, True, True, False, False, False, False]"
29,0.9615418259531084,"[True, True, True, True, True, True, True, False, True, True, True, True, True, True, True, True, False, True, True, True, True, True, False, True, False, True, False, False, False, True, True, True, True, False, True, True, False, True, True, True]"
29,0.9999128868284499,"[True, True, True, True, True, True, True, True, True, True, True, True, True, True, True, True, False, True, True, False, True, True, False, True, True, True, False, True, False, True, True, True, True, False, True, True, False, True, False, True]"
29,0.20991244480926702,"[True, True, False, True, True, False, True, False, True, True, True, True, True, True, True, True, True, True, True, True, False, True, False, True, False, False, False, True, False, False, False, False, True, True, True, True, False, True, True, True]"
29,0.990157493257823,"[True, True, True, True, True, True, True, True, True, False, True, True, True, True, True, True, False, False, True, True, False, True, False, True, False, True, True, False, True, False, True, False, True, False, True, False, False, False, False, False]"
29,0.9990786957509273,"[True, True, True, True, True, True, True, True, True, True, True, True, True, False, False, True, True, True, True, True, False, True, False, True, True, False, True, False, True, False, True, False, True, False, True, True, False, False, False, False]"
29,0.9998746548174627,"[True, True, True, True, True, True, True, True, True, True, True, True, True, True, True, True, False, False, True, False, True, True, False, True, True, False, True, True, False, False, False, True, True, False, False, True, True, True, False, True]"
29,0.9997316478553359,"[True, True, True, True, True, True, True, True, True, True, True, True, True, True, True, False, False, False, True, True, True, True, False, True, True, False, True, True, True, False, False, True, True, False, True, True, False, True, False, True]"
29,0.9999555457614424,"[True, True, True, True, True, True, True, True, True, True, True, True, True, True, True, True, True, False, True, True, False, True, False, True, False, True, True, False, True, False, True, False, True, False, True, False, True, False, True, False]"
29,0.7270172765254693,"[True, True, True, True, False, True, True, True, True, True, True, True, False, True, True, True, True, False, True, False, False, False, False, True, True, True, True, False, True, False, True, False, True, False, True, True, False, False, False, False]"
29,0.0008341974212343975,"[False, True, True, True, True, True, False, True, True, True, True, True, True, True, True, True, True, False, True, True, True, False, False, True, True, False, True, True, True, True, False, False, False, False, True, False, True, True, True, False]"
29,0.9975431190338875,"[True, True, True, True, True, True, True, True, True, True, True, False, True, True, True, True, True, True, True, False, False, False, False, True, False, True, True, True, True, False, False, True, False, False, True, True, False, False, False, False]"
29,0.9986911376995212,"[True, True, True, True, True, True, True, True, True, True, True, True, False, True, True, True, False, True, True, False, True, False, True, False, True, True, False, False, True, True, False, False, True, False, False, False, True, False, True, True]"
29,0.994814549076169,"[True, True, True, True, True, True, True, True, True, True, False, True, True, True, False, True, True, True, True, False, True, True, True, True, True, True, True, False, False, False, True, True, True, False, True, True, True, True, False, True]"
29,0.9592474143567936,"[True, True, True, True, True, True, True, False, True, True, True, False, True, True, True, True, True, True, True, False, False, True, False, True, False, True, False, True, False, False, False, False, True, True, False, True, False, True, True, True]"
29,0.9999558433908101,"[True, True, True, True, True, True, True, True, True, True, True, True, True, True, True, True, True, False, True, True, False, True, False, True, True, True, True, False, True, False, True, False, True, False, False, False, False, False, False, False]"
29,0.9999920526636293,"[True, True, True, True, True, True, True, True, True, True, True, True, True, True, True, True, True, True, True, True, False, False, True, False, True, False, True, False, True, False, True, False, True, False, True, False, False, False, False, True]"
29,0.04562187823768332,"[True, False, True, True, True, False, True, True, True, True, True, True, True, True, True, True, True, True, True, False, True, True, True, True, True, True, True, False, False, False, True, True, True, True, True, True, False, True, False, True]"
29,0.05630684332679889,"[True, False, True, True, True, True, True, True, True, True, True, True, True, True, True, True, False, True, True, False, True, False, True, False, True, True, True, False, True, True, False, False, True, False, False, False, True, True, True, True]"
29,0.0009763645142560171,"[False, True, True, True, True, True, True, True, True, True, True, True, True, True, True, True, False, True, False, True, False, True, False, True, True, True, True, False, True, False, True, False, True, False, False, False, False, False, False, False]"
29,0.9974362044709334,"[True, True, True, True, True, True, True, True, True, True, True, False, True, True, True, True, False, False, True, False, True, True, False, True, True, False, True, True, False, False, False, True, True, False, True, True, True, True, False, True]"
29,0.9999462393771544,"[True, True, True, True, True, True, True, True, True, True, True, True, True, True, True, True, True, False, True, False, False, True, False, True, True, True, False, False, True, True, False, True, False, True, True, False, True, True, False, True]"
29,0.9999818048889254,"[True, True, True, True, True, True, True, True, True, True, True, True, True, True, True, True, True, True, True, False, False, False, False, True, False, True, True, True, True, False, False, True, False, False, True, True, False, False, False, True]"
29,0.9999986768497058,"[True, True, True, True, True, True, True, True, True, True, True, True, True, True, True, True, True, True, True, True, True, True, False, True, True, True, False, False, False, True, True, True, True, False, True, True, False, True, False, True]"
29,0.05617552896246111,"[True, False, True, True, True, True, True, True, True, True, True, True, False, False, True, True, True, True, True, True, False, False, False, True, False, True, True, False, False, False, True, True, False, False, True, True, False, True, False, True]"
29,0.9064549185441697,"[True, True, True, True, True, True, False, True, False, True, True, True, True, True, True, True, False, True, True, True, True, True, True, False, True, True, False, False, True, True, False, True, True, False, True, False, True, True, True, True]"
29,0.7265663909056772,"[True, True, True, True, False, True, True, True, True, True, True, True, False, False, True, True, True, False, True, True, False, False, False, True, True, True, False, False, True, False, False, False, True, True, True, True, True, False, True, True]"
29,0.9999999347164722,"[True, True, True, True, True, True, True, True, True, True, True, True, True, True, True, True, True, True, True, True, True, True, True, True, True, True, True, False, False, False, True, True, True, True, True, True, False, True, False, True]"
29,0.9999998037492506,"[True, True, True, True, True, True, True, True, True, True, True, True, True, True, True, True, True, True, True, True, True, True, True, True, True, False, True, False, True, False, True, True, True, False, True, True, False, True, False, True]"
29,0.9612821410820203,"[True, True, True, True, True, True, True, False, True, True, True, True, True, True, False, True, True, False, True, True, True, False, False, True, True, True, True, False, False, True, False, False, True, True, True, False, True, True, True, False]"
29,0.9997305674279799,"[True, True, True, True, True, True, True, True, True, True, True, True, True, True, True, False, False, False, True, True, True, False, True, True, True, True, True, False, True, False, False, True, True, False, False, False, True, True, True, False]"
29,0.9999336887737886,"[True, True, True, True, True, True, True, True, True, True, True, True, True, True, True, True, True, False, False, True, False, False, False, False, True, False, True, True, True, True, True, False, True, False, True, True, False, False, False, True]"
29,0.9999729888086222,"[True, True, True, True, True, True, True, True, True, True, True, True, True, True, True, True, True, True, False, True, False, False, True, False, True, False, True, False, True, True, True, False, True, False, True, False, False, False, True, True]"
29,0.9986767799627949,"[True, True, True, True, True, True, True, True, True, True, True, True, False, True, True, True, False, True, False, True, False, False, True, False, True, False, True, False, True, True, True, False, True, False, True, False, False, False, False, True]"
29,0.9603988539253978,"[True, True, True, True, True, True, True, False, True, True, True, True, False, True, True, True, True, False, True, True, True, False, False, True, True, False, True, True, True, True, False, False, True, False, True, False, True, True, True, False]"
29,0.9245399663335805,"[True, True, True, True, True, True, False, True, True, True, True, True, True, True, True, True, True, True, False, True, False, False, True, False, True, False, True, False, True, True, True, False, True, False, True, False, False, False, False, True]"
29,0.9999829829842196,"[True, True, True, True, True, True, True, True, True, True, True, True, True, True, True, True, True, True, True, False, False, False, True, True, False, True, True, True, False, False, True, True, False, False, True, True, False, False, False, False]"
29,0.9999999347164722,"[True, True, True, True, True, True, True, True, True, True, True, True, True, True, True, True, True, True, True, True, True, True, True, True, True, True, True, False, False, False, True, True, True, True, True, True, False, True, False, True]"
29,0.9999533913204477,"[True, True, True, True, True, True, True, True, True, True, True, True, True, True, True, True, True, False, True, True, False, False, False, True, True, True, False, False, True, True, False, True, False, True, False, False, True, True, False, True]"
29,0.9975430113428393,"[True, True, True, True, True, True, True, True, True, True, True, False, True, True, True, True, True, True, True, False, False, False, False, True, False, True, False, False, True, False, True, False, True, True, False, True, False, True, False, True]"
29,0.9806262413629443,"[True, True, True, True, True, True, True, True, False, True, True, True, True, True, True, True, True, True, True, False, True, False, False, True, False, True, False, True, False, False, True, True, False, True, True, True, False, False, False, False]"
29,0.26304885927063715,"[True, True, False, True, True, True, True, True, True, True, True, True, True, True, True, True, False, True, True, False, True, False, True, False, True, True, True, False, True, False, False, False, True, False, False, False, True, False, True, True]"
29,0.9975400843228498,"[True, True, True, True, True, True, True, True, True, True, True, False, True, True, True, True, True, True, False, True, True, True, False, False, False, True, False, True, True, True, True, False, True, True, True, False, False, True, True, False]"
29,0.9999793618560452,"[True, True, True, True, True, True, True, True, True, True, True, True, True, True, True, True, True, True, False, True, True, True, False, True, False, True, False, True, True, True, True, True, True, True, True, False, False, True, True, False]"
29,0.5135698733414799,"[True, True, True, False, True, True, True, True, False, True, True, True, True, True, True, True, False, False, True, True, False, True, False, True, True, False, True, False, True, False, True, False, True, False, False, False, False, False, False, False]"
29,0.9990666556947381,"[True, True, True, True, True, True, True, True, True, True, True, True, True, False, False, True, True, True, True, False, False, False, False, True, False, True, True, True, False, False, True, True, False, False, True, True, False, True, False, False]"
